## Header ##
[General info]
User	Giorgos_Psaltakis
Device	Sample
Cell area (cm2)	1
Test	Memristor
Date	2024-03-03
Time	03:19:16
Note	

[Acquisition Settings]
Sampling time (s)	1.000E+0
Voltage Range (V)	6.000E+0
Current Range (A)	1.000E-6
Current Limit (A)	1.000E-6

[Waveform Settings]
V_HRS (V)	1.0000
V_LRS (V)	1.0000
V_READ (V)	1.0000
t_HRS (s)	0.2000
t_LRS (s)	0.2000
t_READ (s)	0.0000
d_HRS (s)	0.0000
d_LRS (s)	0.0000
d_READ (s)	0.0000
Cycles	1

## Data ##
Time (s)	Voltage (V)	Current (A)
0.00000E+0	8.52676E-1	3.43661E-7
1.00000E-3	4.58612E-1	1.00344E-6
2.00000E-3	3.73400E-1	1.00001E-6
3.00000E-3	4.16612E-1	9.95362E-7
4.00000E-3	9.92169E-1	2.59629E-7
5.00000E-3	1.00014E+0	5.67039E-8
6.00000E-3	1.00002E+0	3.69456E-8
7.00000E-3	7.78203E-1	6.32640E-7
8.00000E-3	3.99064E-1	1.00042E-6
9.00000E-3	3.92749E-1	9.99957E-7
1.00000E-2	6.61483E-1	7.97726E-7
1.10000E-2	1.00046E+0	9.73847E-8
1.20000E-2	1.00011E+0	4.67552E-8
1.30000E-2	9.98704E-1	4.66486E-8
1.40000E-2	5.56430E-1	9.93390E-7
1.50000E-2	4.03721E-1	1.00010E-6
1.60000E-2	4.01853E-1	9.99935E-7
1.70000E-2	9.03028E-1	4.56879E-7
1.80000E-2	1.00016E+0	6.91936E-8
1.90000E-2	1.00007E+0	3.93862E-8
2.00000E-2	9.05361E-1	4.11987E-7
2.10000E-2	4.29983E-1	1.00130E-6
2.20000E-2	4.08953E-1	1.00004E-6
2.30000E-2	5.39083E-1	9.73540E-7
2.40000E-2	1.00125E+0	1.29629E-7
2.50000E-2	1.00004E+0	5.49246E-8
2.60000E-2	1.00004E+0	3.55044E-8
2.70000E-2	6.95588E-1	7.91483E-7
2.80000E-2	4.18852E-1	1.00022E-6
2.90000E-2	4.14079E-1	1.00001E-6
3.00000E-2	7.75317E-1	6.53049E-7
3.10000E-2	1.00030E+0	8.56953E-8
3.20000E-2	1.00008E+0	4.55566E-8
3.30000E-2	9.85087E-1	1.91011E-7
3.40000E-2	4.90671E-1	1.00459E-6
3.50000E-2	4.20383E-1	1.00005E-6
3.60000E-2	4.39566E-1	9.96792E-7
3.70000E-2	9.82777E-1	3.05916E-7
3.80000E-2	1.00018E+0	6.42496E-8
3.90000E-2	1.00002E+0	3.88180E-8
4.00000E-2	8.23650E-1	5.73356E-7
4.10000E-2	4.33874E-1	1.00053E-6
4.20000E-2	4.23453E-1	9.99990E-7
4.30000E-2	6.50752E-1	8.35746E-7
4.40000E-2	1.00050E+0	1.10646E-7
4.50000E-2	1.00015E+0	5.11017E-8
4.60000E-2	9.99713E-1	3.66844E-8
4.70000E-2	6.08895E-1	9.53016E-7
4.80000E-2	4.29741E-1	1.00011E-6
4.90000E-2	4.26327E-1	9.99989E-7
5.00000E-2	8.79677E-1	5.00848E-7
5.10000E-2	1.00020E+0	7.58402E-8
5.20000E-2	1.00006E+0	4.32184E-8
5.30000E-2	9.33791E-1	3.56723E-7
5.40000E-2	4.58796E-1	1.00184E-6
5.50000E-2	4.30806E-1	1.00001E-6
5.60000E-2	5.26341E-1	9.90906E-7
5.70000E-2	1.00271E+0	1.55548E-7
5.80000E-2	1.00011E+0	5.88943E-8
5.90000E-2	1.00010E+0	3.68150E-8
6.00000E-2	7.36724E-1	7.39348E-7
6.10000E-2	4.39183E-1	1.00024E-6
6.20000E-2	4.32870E-1	9.99976E-7
6.30000E-2	7.54704E-1	6.93362E-7
6.40000E-2	1.00044E+0	9.26227E-8
6.50000E-2	1.00012E+0	4.77563E-8
6.60000E-2	9.93034E-1	1.37300E-7
6.70000E-2	5.28783E-1	1.00554E-6
6.80000E-2	4.37538E-1	1.00003E-6
6.90000E-2	4.44677E-1	9.98011E-7
7.00000E-2	9.67889E-1	3.49108E-7
7.10000E-2	1.00021E+0	6.72114E-8
7.20000E-2	1.00006E+0	4.05846E-8
7.30000E-2	8.56650E-1	5.21659E-7
7.40000E-2	4.51972E-1	1.00072E-6
7.50000E-2	4.38468E-1	1.00003E-6
7.60000E-2	6.32426E-1	8.73773E-7
7.70000E-2	1.00048E+0	1.18550E-7
7.80000E-2	1.00011E+0	5.38624E-8
7.90000E-2	1.00002E+0	3.53554E-8
8.00000E-2	6.48681E-1	9.02230E-7
8.10000E-2	4.44332E-1	1.00012E-6
8.20000E-2	4.39932E-1	1.00002E-6
8.30000E-2	8.54453E-1	5.44004E-7
8.40000E-2	1.00018E+0	8.01530E-8
8.50000E-2	1.00014E+0	4.45402E-8
8.60000E-2	9.56326E-1	3.04497E-7
8.70000E-2	4.81008E-1	1.00265E-6
8.80000E-2	4.43835E-1	1.00006E-6
8.90000E-2	5.08912E-1	9.93886E-7
9.00000E-2	1.00317E+0	1.95789E-7
9.10000E-2	1.00020E+0	6.02295E-8
9.20000E-2	1.00000E+0	3.82773E-8
9.30000E-2	7.71748E-1	6.86627E-7
9.40000E-2	4.52376E-1	1.00030E-6
9.50000E-2	4.44512E-1	1.00005E-6
9.60000E-2	7.32153E-1	7.34614E-7
9.70000E-2	1.00033E+0	9.76477E-8
9.80000E-2	1.00015E+0	4.92831E-8
9.90000E-2	9.96765E-1	8.46824E-8
1.00000E-1	5.64275E-1	1.00613E-6
1.01000E-1	4.49091E-1	1.00009E-6
1.02000E-1	4.48400E-1	9.99091E-7
1.03000E-1	9.47781E-1	3.91949E-7
1.04000E-1	1.00019E+0	7.01576E-8
1.05000E-1	1.00003E+0	4.23261E-8
1.06000E-1	8.86352E-1	4.69013E-7
1.07000E-1	4.65658E-1	1.00089E-6
1.08000E-1	4.49026E-1	1.00003E-6
1.09000E-1	6.11261E-1	9.13598E-7
1.10000E-1	1.00031E+0	1.24685E-7
1.11000E-1	1.00011E+0	5.48560E-8
1.12000E-1	1.00007E+0	3.58984E-8
1.13000E-1	6.84365E-1	8.50738E-7
1.14000E-1	4.54599E-1	1.00016E-6
1.15000E-1	4.49527E-1	1.00002E-6
1.16000E-1	8.29122E-1	5.87033E-7
1.17000E-1	1.00023E+0	8.32647E-8
1.18000E-1	1.00015E+0	4.48675E-8
1.19000E-1	9.72964E-1	2.51291E-7
1.20000E-1	5.02850E-1	1.00335E-6
1.21000E-1	4.53209E-1	1.00007E-6
1.22000E-1	4.93483E-1	9.95224E-7
1.23000E-1	9.99367E-1	2.39614E-7
1.24000E-1	1.00017E+0	6.24644E-8
1.25000E-1	1.00008E+0	3.87283E-8
1.26000E-1	8.03678E-1	6.34102E-7
1.27000E-1	4.62462E-1	1.00043E-6
1.28000E-1	4.53299E-1	1.00002E-6
1.29000E-1	7.08282E-1	7.75306E-7
1.30000E-1	1.00046E+0	1.02267E-7
1.31000E-1	1.00010E+0	4.94144E-8
1.32000E-1	9.98489E-1	5.10786E-8
1.33000E-1	5.98621E-1	9.94414E-7
1.34000E-1	4.57477E-1	1.00015E-6
1.35000E-1	4.54346E-1	9.99843E-7
1.36000E-1	9.23827E-1	4.35070E-7
1.37000E-1	1.00017E+0	7.24820E-8
1.38000E-1	1.00005E+0	4.14622E-8
1.39000E-1	9.12805E-1	4.17206E-7
1.40000E-1	4.77810E-1	1.00120E-6
1.41000E-1	4.56767E-1	1.00004E-6
1.42000E-1	5.88479E-1	9.54077E-7
1.43000E-1	1.00055E+0	1.29303E-7
1.44000E-1	1.00013E+0	5.60796E-8
1.45000E-1	1.00010E+0	3.55583E-8
1.46000E-1	7.17274E-1	7.98513E-7
1.47000E-1	4.62798E-1	1.00020E-6
1.48000E-1	4.57171E-1	1.00007E-6
1.49000E-1	8.03762E-1	6.29895E-7
1.50000E-1	1.00026E+0	8.56698E-8
1.51000E-1	1.00013E+0	4.58346E-8
1.52000E-1	9.85123E-1	1.99617E-7
1.53000E-1	5.25849E-1	1.00420E-6
1.54000E-1	4.60499E-1	1.00010E-6
1.55000E-1	4.82032E-1	9.96521E-7
1.56000E-1	9.90380E-1	2.82735E-7
1.57000E-1	1.00026E+0	6.39118E-8
1.58000E-1	1.00003E+0	3.91736E-8
1.59000E-1	8.32351E-1	5.82438E-7
1.60000E-1	4.70915E-1	1.00050E-6
1.61000E-1	4.60108E-1	9.99996E-7
1.62000E-1	6.84686E-1	8.14214E-7
1.63000E-1	1.00045E+0	1.07700E-7
1.64000E-1	1.00014E+0	5.02116E-8
1.65000E-1	9.99619E-1	3.77911E-8
1.66000E-1	6.30125E-1	9.59228E-7
1.67000E-1	4.64555E-1	1.00009E-6
1.68000E-1	4.60330E-1	1.00001E-6
1.69000E-1	8.97767E-1	4.78113E-7
1.70000E-1	1.00020E+0	7.44439E-8
1.71000E-1	1.00003E+0	4.22077E-8
1.72000E-1	9.35342E-1	3.64855E-7
1.73000E-1	4.89794E-1	1.00161E-6
1.74000E-1	4.63166E-1	1.00005E-6
1.75000E-1	5.64751E-1	9.83165E-7
1.76000E-1	1.00170E+0	1.40870E-7
1.77000E-1	1.00020E+0	5.73914E-8
1.78000E-1	1.00005E+0	3.62508E-8
1.79000E-1	7.47542E-1	7.47476E-7
1.80000E-1	4.69609E-1	1.00019E-6
1.81000E-1	4.63007E-1	1.00007E-6
1.82000E-1	7.78744E-1	6.71783E-7
1.83000E-1	1.00032E+0	8.93661E-8
1.84000E-1	1.00010E+0	4.66779E-8
1.85000E-1	9.92631E-1	1.46868E-7
1.86000E-1	5.50877E-1	1.00514E-6
1.87000E-1	4.66216E-1	1.00012E-6
1.88000E-1	4.75121E-1	9.97715E-7
1.89000E-1	9.76995E-1	3.25522E-7
1.90000E-1	1.00016E+0	6.54854E-8
1.91000E-1	1.00009E+0	3.95221E-8
1.92000E-1	8.60413E-1	5.30635E-7
1.93000E-1	4.78806E-1	1.00062E-6
1.94000E-1	4.65619E-1	1.00005E-6
1.95000E-1	6.60290E-1	8.53885E-7
1.96000E-1	1.00050E+0	1.13686E-7
1.97000E-1	1.00015E+0	5.13831E-8
1.98000E-1	1.00000E+0	3.46688E-8
1.99000E-1	6.61374E-1	9.12079E-7
2.00000E-1	4.70186E-1	1.00013E-6
2.01000E-1	4.65929E-1	9.99998E-7
2.02000E-1	8.71413E-1	5.21872E-7
2.03000E-1	1.00030E+0	7.59203E-8
2.04000E-1	1.00010E+0	4.32346E-8
2.05000E-1	9.55327E-1	3.13574E-7
2.06000E-1	5.03018E-1	1.00237E-6
2.07000E-1	4.68664E-1	1.00004E-6
2.08000E-1	5.39667E-1	9.93593E-7
2.09000E-1	1.00326E+0	1.73064E-7
2.10000E-1	1.00017E+0	5.86178E-8
2.11000E-1	1.00007E+0	3.64609E-8
2.12000E-1	7.77533E-1	6.95394E-7
2.13000E-1	4.75623E-1	1.00028E-6
2.14000E-1	4.68263E-1	9.99991E-7
2.15000E-1	7.53242E-1	7.13406E-7
2.16000E-1	1.00033E+0	9.36487E-8
2.17000E-1	1.00003E+0	4.71819E-8
2.18000E-1	9.96341E-1	9.44092E-8
2.19000E-1	5.78686E-1	1.00579E-6
2.20000E-1	4.71425E-1	1.00014E-6
2.21000E-1	4.72270E-1	9.98881E-7
2.22000E-1	9.58001E-1	3.69811E-7
2.23000E-1	1.00020E+0	6.60370E-8
2.24000E-1	1.00004E+0	4.01760E-8
2.25000E-1	8.86543E-1	4.79565E-7
2.26000E-1	4.86524E-1	1.00082E-6
2.27000E-1	4.70579E-1	1.00004E-6
2.28000E-1	6.35467E-1	8.94406E-7
2.29000E-1	1.00042E+0	1.19636E-7
2.30000E-1	1.00005E+0	5.30490E-8
2.31000E-1	1.00011E+0	3.40536E-8
2.32000E-1	6.91781E-1	8.60623E-7
2.33000E-1	4.75339E-1	1.00014E-6
2.34000E-1	4.70403E-1	1.00002E-6
2.35000E-1	8.44852E-1	5.65594E-7
2.36000E-1	1.00027E+0	7.91345E-8
2.37000E-1	1.00012E+0	4.28554E-8
2.38000E-1	9.71224E-1	2.60763E-7
2.39000E-1	5.19115E-1	1.00315E-6
2.40000E-1	4.73264E-1	1.00003E-6
2.41000E-1	5.18606E-1	9.94938E-7
2.42000E-1	1.00170E+0	2.17015E-7
2.43000E-1	1.00017E+0	5.95033E-8
2.44000E-1	1.00007E+0	3.59841E-8
2.45000E-1	8.05771E-1	6.44369E-7
2.46000E-1	4.81377E-1	1.00039E-6
2.47000E-1	4.72574E-1	1.00003E-6
2.48000E-1	7.27580E-1	7.56939E-7
2.49000E-1	1.00034E+0	9.65930E-8
2.50000E-1	1.00011E+0	4.78389E-8
2.51000E-1	9.98145E-1	5.44979E-8
2.52000E-1	6.08246E-1	9.98466E-7
2.53000E-1	4.75937E-1	1.00009E-6
2.54000E-1	4.72974E-1	9.99754E-7
2.55000E-1	9.35323E-1	4.13337E-7
2.56000E-1	1.00019E+0	6.88807E-8
2.57000E-1	1.00012E+0	3.99036E-8
2.58000E-1	9.11074E-1	4.26722E-7
2.59000E-1	4.94514E-1	1.00108E-6
2.60000E-1	4.74823E-1	1.00007E-6
2.61000E-1	6.11425E-1	9.36755E-7
2.62000E-1	1.00043E+0	1.22769E-7
2.63000E-1	1.00008E+0	5.37272E-8
2.64000E-1	1.00007E+0	3.46127E-8
2.65000E-1	7.21465E-1	8.08895E-7
2.66000E-1	4.80083E-1	1.00020E-6
2.67000E-1	4.74463E-1	1.00004E-6
2.68000E-1	8.18413E-1	6.10220E-7
2.69000E-1	1.00031E+0	8.20647E-8
2.70000E-1	1.00001E+0	4.31511E-8
2.71000E-1	9.83375E-1	2.10180E-7
2.72000E-1	5.37506E-1	1.00391E-6
2.73000E-1	4.77319E-1	1.00012E-6
2.74000E-1	5.03146E-1	9.96191E-7
2.75000E-1	9.95216E-1	2.58870E-7
2.76000E-1	1.00017E+0	6.20879E-8
2.77000E-1	1.00004E+0	3.69325E-8
2.78000E-1	8.32768E-1	5.92765E-7
2.79000E-1	4.86843E-1	1.00041E-6
2.80000E-1	4.76639E-1	1.00008E-6
2.81000E-1	7.02400E-1	7.97538E-7
2.82000E-1	1.00047E+0	1.01671E-7
2.83000E-1	1.00017E+0	4.81730E-8
2.84000E-1	9.99503E-1	3.73351E-8
2.85000E-1	6.36064E-1	9.67941E-7
2.86000E-1	4.80332E-1	1.00008E-6
2.87000E-1	4.76263E-1	1.00004E-6
2.88000E-1	9.09688E-1	4.56870E-7
2.89000E-1	1.00026E+0	7.13170E-8
2.90000E-1	1.00005E+0	3.96935E-8
2.91000E-1	9.33368E-1	3.76773E-7
2.92000E-1	5.03323E-1	1.00148E-6
2.93000E-1	4.78709E-1	1.00004E-6
2.94000E-1	5.86044E-1	9.73005E-7
2.95000E-1	1.00112E+0	1.29883E-7
2.96000E-1	1.00013E+0	5.46672E-8
2.97000E-1	1.00008E+0	3.50762E-8
2.98000E-1	7.49596E-1	7.57332E-7
2.99000E-1	4.84316E-1	1.00022E-6
3.00000E-1	4.78220E-1	1.00005E-6
3.01000E-1	7.93420E-1	6.52539E-7
3.02000E-1	1.00025E+0	8.48065E-8
3.03000E-1	1.00010E+0	4.46908E-8
3.04000E-1	9.91586E-1	1.56495E-7
3.05000E-1	5.59307E-1	1.00482E-6
3.06000E-1	4.80917E-1	1.00007E-6
3.07000E-1	4.92104E-1	9.97499E-7
3.08000E-1	9.83015E-1	3.04697E-7
3.09000E-1	1.00019E+0	6.26645E-8
3.10000E-1	1.00006E+0	3.74860E-8
3.11000E-1	8.58927E-1	5.41174E-7
3.12000E-1	4.92285E-1	1.00062E-6
3.13000E-1	4.79974E-1	1.00002E-6
3.14000E-1	6.77986E-1	8.36766E-7
3.15000E-1	1.00050E+0	1.07400E-7
3.16000E-1	1.00011E+0	4.98971E-8
3.17000E-1	9.99915E-1	3.33792E-8
3.18000E-1	6.65038E-1	9.21627E-7
3.19000E-1	4.84196E-1	1.00016E-6
3.20000E-1	4.79826E-1	9.99983E-7
3.21000E-1	8.82713E-1	5.02766E-7
3.22000E-1	1.00018E+0	7.27023E-8
3.23000E-1	1.00002E+0	4.12222E-8
3.24000E-1	9.52947E-1	3.23399E-7
3.25000E-1	5.14346E-1	1.00219E-6
3.26000E-1	4.82142E-1	1.00002E-6
3.27000E-1	5.59854E-1	9.92346E-7
3.28000E-1	1.00287E+0	1.52837E-7
3.29000E-1	1.00016E+0	5.64486E-8
3.30000E-1	1.00003E+0	3.49085E-8
3.31000E-1	7.77892E-1	7.07110E-7
3.32000E-1	4.88450E-1	1.00030E-6
3.33000E-1	4.81520E-1	1.00006E-6
3.34000E-1	7.67564E-1	6.96169E-7
3.35000E-1	1.00030E+0	8.87023E-8
3.36000E-1	1.00006E+0	4.50931E-8
3.37000E-1	9.95919E-1	1.05047E-7
3.38000E-1	5.84576E-1	1.00556E-6
3.39000E-1	4.84388E-1	1.00007E-6
3.40000E-1	4.86405E-1	9.98667E-7
3.41000E-1	9.65521E-1	3.49615E-7
3.42000E-1	1.00021E+0	6.41424E-8
3.43000E-1	1.00002E+0	3.79064E-8
3.44000E-1	8.84668E-1	4.89876E-7
3.45000E-1	4.98397E-1	1.00079E-6
3.46000E-1	4.83299E-1	1.00004E-6
3.47000E-1	6.52362E-1	8.79235E-7
3.48000E-1	1.00049E+0	1.12901E-7
3.49000E-1	1.00013E+0	5.04690E-8
3.50000E-1	1.00001E+0	3.35942E-8
3.51000E-1	6.93683E-1	8.71528E-7
3.52000E-1	4.87773E-1	1.00016E-6
3.53000E-1	4.82892E-1	1.00002E-6
3.54000E-1	8.56837E-1	5.47760E-7
3.55000E-1	1.00020E+0	7.52218E-8
3.56000E-1	1.00005E+0	4.15027E-8
3.57000E-1	9.69093E-1	2.70754E-7
3.58000E-1	5.27837E-1	1.00296E-6
3.59000E-1	4.85199E-1	1.00008E-6
3.60000E-1	5.35934E-1	9.94622E-7
3.61000E-1	1.00280E+0	1.97326E-7
3.62000E-1	1.00011E+0	5.69934E-8
3.63000E-1	1.00013E+0	3.52083E-8
3.64000E-1	8.04980E-1	6.54594E-7
3.65000E-1	4.92911E-1	1.00033E-6
3.66000E-1	4.84538E-1	1.00002E-6
3.67000E-1	7.41797E-1	7.39645E-7
3.68000E-1	1.00036E+0	9.21985E-8
3.69000E-1	1.00017E+0	4.58860E-8
3.70000E-1	9.97788E-1	6.06636E-8
3.71000E-1	6.11654E-1	1.00173E-6
3.72000E-1	4.87669E-1	1.00009E-6
3.73000E-1	4.85085E-1	9.99580E-7
3.74000E-1	9.44337E-1	3.95101E-7
3.75000E-1	1.00019E+0	6.56284E-8
3.76000E-1	1.00004E+0	3.81554E-8
3.77000E-1	9.08276E-1	4.37107E-7
3.78000E-1	5.04785E-1	1.00106E-6
3.79000E-1	4.86260E-1	1.00004E-6
3.80000E-1	6.27994E-1	9.20657E-7
3.81000E-1	1.00029E+0	1.18950E-7
3.82000E-1	1.00018E+0	5.07847E-8
3.83000E-1	9.99979E-1	3.35724E-8
3.84000E-1	7.21897E-1	8.21187E-7
3.85000E-1	4.91250E-1	1.00015E-6
3.86000E-1	4.85572E-1	1.00004E-6
3.87000E-1	8.31006E-1	5.91931E-7
3.88000E-1	1.00027E+0	7.79140E-8
3.89000E-1	1.00005E+0	4.16268E-8
3.90000E-1	9.81459E-1	2.19855E-7
3.91000E-1	5.44213E-1	1.00366E-6
3.92000E-1	4.88278E-1	1.00007E-6
3.93000E-1	5.17963E-1	9.95950E-7
3.94000E-1	9.97954E-1	2.41739E-7
3.95000E-1	1.00015E+0	5.76249E-8
3.96000E-1	1.00003E+0	3.66358E-8
3.97000E-1	8.31176E-1	6.04235E-7
3.98000E-1	4.97324E-1	1.00041E-6
3.99000E-1	4.87241E-1	1.00003E-6
