## Header ##
[General info]
User	Giorgos_Psaltakis
Device	Sample
Cell area (cm2)	1
Test	Memristor
Date	2024-03-03
Time	03:13:17
Note	

[Acquisition Settings]
Sampling time (s)	1.000E-1
Voltage Range (V)	6.000E+0
Current Range (A)	1.000E-6
Current Limit (A)	1.000E-6

[Waveform Settings]
V_HRS (V)	1.0000
V_LRS (V)	1.0000
V_READ (V)	1.0000
t_HRS (s)	0.0200
t_LRS (s)	0.0200
t_READ (s)	0.0000
d_HRS (s)	0.0000
d_LRS (s)	0.0000
d_READ (s)	0.0000
Cycles	1

## Data ##
Time (s)	Voltage (V)	Current (A)
0.00000E+0	1.77012E-1	8.96507E-7
1.00000E-4	5.36987E-1	9.60539E-7
2.00000E-4	8.88242E-1	9.54914E-7
3.00000E-4	1.03477E+0	1.98844E-7
4.00000E-4	9.93722E-1	-1.82183E-8
5.00000E-4	1.00113E+0	4.76117E-8
6.00000E-4	9.99965E-1	2.24291E-8
7.00000E-4	9.99993E-1	2.36197E-8
8.00000E-4	1.00024E+0	1.53169E-8
9.00000E-4	9.99605E-1	1.89977E-8
1.00000E-3	1.00064E+0	1.98579E-8
1.10000E-3	9.99923E-1	1.58717E-8
1.20000E-3	1.00044E+0	1.04206E-8
1.30000E-3	9.99785E-1	2.08832E-8
1.40000E-3	9.99577E-1	9.00879E-9
1.50000E-3	1.00068E+0	1.32911E-8
1.60000E-3	1.00044E+0	1.44068E-8
1.70000E-3	9.99716E-1	1.75017E-8
1.80000E-3	1.00024E+0	1.99008E-9
1.90000E-3	9.99882E-1	1.74954E-8
2.00000E-3	1.00035E+0	3.00611E-9
2.10000E-3	9.99425E-1	1.25057E-8
2.20000E-3	1.00028E+0	1.43507E-8
2.30000E-3	1.00027E+0	5.61475E-9
2.40000E-3	9.99494E-1	1.60805E-8
2.50000E-3	1.00068E+0	8.74388E-9
2.60000E-3	9.98899E-1	2.85340E-9
2.70000E-3	1.00064E+0	1.24246E-8
2.80000E-3	1.00034E+0	1.39674E-8
2.90000E-3	9.99564E-1	5.56800E-9
3.00000E-3	1.00023E+0	4.94156E-9
3.10000E-3	9.99480E-1	1.21628E-8
3.20000E-3	1.00038E+0	5.50255E-9
3.30000E-3	1.00026E+0	6.83960E-9
3.40000E-3	9.99065E-1	9.87834E-9
3.50000E-3	1.00082E+0	1.15551E-8
3.60000E-3	1.00023E+0	5.11921E-9
3.70000E-3	9.99688E-1	3.61698E-9
3.80000E-3	1.00008E+0	1.44941E-8
3.90000E-3	9.99730E-1	5.50189E-10
4.00000E-3	1.00034E+0	1.41450E-8
4.10000E-3	1.00002E+0	5.06934E-9
4.20000E-3	1.00031E+0	3.48920E-9
4.30000E-3	9.99730E-1	5.45892E-9
4.40000E-3	9.99882E-1	1.55039E-8
4.50000E-3	1.00014E+0	-1.58784E-9
4.60000E-3	9.99688E-1	1.51673E-8
4.70000E-3	1.00050E+0	1.24832E-9
4.80000E-3	9.99273E-1	7.65305E-9
4.90000E-3	1.00086E+0	9.26747E-9
5.00000E-3	9.99107E-1	6.89258E-9
5.10000E-3	1.00070E+0	-3.50524E-10
5.20000E-3	1.00010E+0	1.12839E-8
5.30000E-3	1.00009E+0	7.31333E-9
5.40000E-3	9.99453E-1	8.76569E-9
5.50000E-3	9.99813E-1	1.86542E-9
5.60000E-3	1.00048E+0	5.62410E-9
5.70000E-3	1.00006E+0	1.04362E-8
5.80000E-3	9.99121E-1	1.69089E-9
5.90000E-3	1.00048E+0	2.78483E-9
6.00000E-3	9.99522E-1	1.51299E-8
6.10000E-3	1.00055E+0	5.05999E-9
6.20000E-3	9.99148E-1	7.99276E-9
6.30000E-3	1.00042E+0	1.61920E-9
6.40000E-3	1.00010E+0	3.17130E-9
6.50000E-3	9.99522E-1	5.73007E-9
6.60000E-3	1.00041E+0	1.14896E-8
6.70000E-3	9.99370E-1	-2.30778E-9
6.80000E-3	1.00019E+0	1.44287E-8
6.90000E-3	9.99882E-1	6.71739E-10
7.00000E-3	1.00020E+0	1.18979E-8
7.10000E-3	9.99494E-1	3.87878E-9
7.20000E-3	1.00071E+0	3.74476E-9
7.30000E-3	9.99757E-1	6.49365E-9
7.40000E-3	9.99176E-1	4.59561E-9
7.50000E-3	1.00081E+0	1.18231E-8
7.60000E-3	9.99868E-1	-7.99256E-9
7.70000E-3	9.99328E-1	1.54385E-8
7.80000E-3	1.00035E+0	4.10318E-9
7.90000E-3	9.99522E-1	7.66240E-9
8.00000E-3	1.00038E+0	5.04129E-9
8.10000E-3	9.99979E-1	-8.05556E-10
8.20000E-3	9.99356E-1	1.11188E-8
8.30000E-3	1.00084E+0	-9.49582E-11
8.40000E-3	1.00008E+0	7.71850E-9
8.50000E-3	1.00026E+0	3.51101E-9
8.60000E-3	9.99342E-1	1.10689E-8
8.70000E-3	1.00044E+0	-6.18556E-10
8.80000E-3	9.99577E-1	8.04886E-9
8.90000E-3	1.00023E+0	6.42820E-9
9.00000E-3	9.99217E-1	4.69222E-9
9.10000E-3	1.00031E+0	8.72829E-9
9.20000E-3	9.99605E-1	5.25256E-10
9.30000E-3	1.00031E+0	1.02212E-8
9.40000E-3	9.99411E-1	2.29863E-9
9.50000E-3	9.99896E-1	7.89615E-9
9.60000E-3	9.99951E-1	4.35251E-9
9.70000E-3	1.00060E+0	4.67352E-9
9.80000E-3	9.99411E-1	5.46412E-11
9.90000E-3	9.99854E-1	1.27020E-8
1.00000E-2	1.00031E+0	-1.54109E-9
1.01000E-2	9.99785E-1	8.08626E-9
1.02000E-2	1.00005E+0	1.84983E-9
1.03000E-2	9.99356E-1	4.58314E-9
1.04000E-2	1.00073E+0	5.26569E-9
1.05000E-2	1.00020E+0	8.66908E-9
1.06000E-2	9.99439E-1	9.41707E-9
1.07000E-2	1.00013E+0	-2.32025E-9
1.08000E-2	1.00026E+0	1.19634E-8
1.09000E-2	1.00008E+0	-4.48633E-9
1.10000E-2	9.99425E-1	1.42853E-8
1.11000E-2	1.00049E+0	-2.42310E-9
1.12000E-2	1.00003E+0	3.18376E-9
1.13000E-2	9.99674E-1	1.08476E-8
1.14000E-2	9.99550E-1	5.06622E-9
1.15000E-2	1.00056E+0	6.92375E-9
1.16000E-2	1.00008E+0	-5.41509E-9
1.17000E-2	9.99425E-1	1.34376E-8
1.18000E-2	1.00031E+0	-1.23008E-10
1.19000E-2	9.99688E-1	2.89391E-9
1.20000E-2	1.00056E+0	8.92464E-9
1.21000E-2	1.00042E+0	4.81689E-9
1.22000E-2	9.99190E-1	7.85563E-9
1.23000E-2	1.00071E+0	-2.01170E-9
1.24000E-2	9.99397E-1	1.00466E-8
1.25000E-2	1.00096E+0	3.25233E-9
1.26000E-2	9.99162E-1	3.01546E-9
1.27000E-2	9.99674E-1	3.90059E-9
1.28000E-2	1.00102E+0	4.72651E-9
1.29000E-2	9.99411E-1	6.06979E-9
1.30000E-2	9.99633E-1	8.84361E-9
1.31000E-2	9.99467E-1	-2.22675E-9
1.32000E-2	1.00039E+0	1.02960E-8
1.33000E-2	1.00052E+0	-2.32960E-9
1.34000E-2	9.99494E-1	1.15800E-8
1.35000E-2	1.00005E+0	3.03105E-9
1.36000E-2	9.99771E-1	4.20291E-9
1.37000E-2	1.00028E+0	-1.30110E-9
1.38000E-2	9.99494E-1	1.04986E-8
1.39000E-2	1.00052E+0	4.05954E-9
1.40000E-2	9.99813E-1	9.83404E-10
1.41000E-2	1.00012E+0	5.89837E-9
1.42000E-2	1.00046E+0	2.49498E-9
1.43000E-2	9.99397E-1	9.15839E-9
1.44000E-2	1.00030E+0	-8.71005E-10
1.45000E-2	1.00055E+0	8.50078E-9
1.46000E-2	9.99038E-1	3.44868E-9
1.47000E-2	1.00085E+0	7.49410E-9
1.48000E-2	9.99480E-1	1.48519E-9
1.49000E-2	1.00009E+0	8.52505E-10
1.50000E-2	1.00019E+0	9.37967E-9
1.51000E-2	9.99923E-1	-2.03975E-9
1.52000E-2	1.00002E+0	6.23808E-9
1.53000E-2	9.99771E-1	1.11749E-8
1.54000E-2	1.00024E+0	-1.88458E-10
1.55000E-2	9.99771E-1	8.98074E-9
1.56000E-2	1.00014E+0	1.20780E-9
1.57000E-2	1.00012E+0	-5.93623E-10
1.58000E-2	9.99702E-1	1.31539E-8
1.59000E-2	9.99813E-1	2.96560E-9
1.60000E-2	1.00062E+0	1.73452E-9
1.61000E-2	9.99550E-1	4.11876E-9
1.62000E-2	1.00010E+0	9.62277E-9
1.63000E-2	9.99771E-1	-3.53263E-9
1.64000E-2	1.00016E+0	1.09910E-8
1.65000E-2	9.99951E-1	-1.23008E-10
1.66000E-2	9.99743E-1	1.32038E-8
1.67000E-2	1.00034E+0	6.71739E-10
1.68000E-2	9.99688E-1	1.76880E-9
1.69000E-2	1.00030E+0	2.19578E-9
1.70000E-2	9.99979E-1	8.77193E-9
1.71000E-2	9.99577E-1	4.85429E-9
1.72000E-2	1.00017E+0	-8.11789E-10
1.73000E-2	1.00045E+0	1.00061E-8
1.74000E-2	9.99688E-1	1.96827E-9
1.75000E-2	9.99757E-1	6.68688E-9
1.76000E-2	9.99965E-1	-5.27484E-9
1.77000E-2	1.00038E+0	1.09723E-8
1.78000E-2	1.00024E+0	6.33470E-9
1.79000E-2	9.99259E-1	-4.02194E-9
1.80000E-2	1.00080E+0	1.14117E-8
1.81000E-2	1.00013E+0	1.85295E-9
1.82000E-2	9.99093E-1	4.48029E-9
1.83000E-2	1.00046E+0	4.60184E-9
1.84000E-2	1.00013E+0	9.17086E-9
1.85000E-2	1.00035E+0	-1.07047E-9
1.86000E-2	9.98954E-1	4.86676E-9
1.87000E-2	1.00066E+0	9.60096E-9
1.88000E-2	9.99910E-1	-7.06692E-9
1.89000E-2	9.99813E-1	7.64993E-9
1.90000E-2	1.00026E+0	9.96872E-9
1.91000E-2	9.99425E-1	9.95871E-10
1.92000E-2	1.00063E+0	8.64414E-9
1.93000E-2	1.00037E+0	-2.27973E-9
1.94000E-2	9.99605E-1	2.26123E-9
1.95000E-2	9.99356E-1	6.57468E-9
1.96000E-2	1.00092E+0	5.46515E-9
1.97000E-2	9.99439E-1	5.62722E-9
1.98000E-2	1.00027E+0	8.21716E-9
1.99000E-2	1.00006E+0	-3.76638E-9
2.00000E-2	9.99965E-1	4.01903E-9
2.01000E-2	1.00001E+0	4.38679E-9
2.02000E-2	1.00028E+0	7.92108E-9
2.03000E-2	9.99065E-1	-3.34941E-10
2.04000E-2	1.00028E+0	1.04019E-8
2.05000E-2	1.00024E+0	3.69178E-9
2.06000E-2	9.99660E-1	1.32312E-9
2.07000E-2	9.99965E-1	1.58180E-9
2.08000E-2	1.00067E+0	5.24387E-9
2.09000E-2	1.00028E+0	3.84138E-9
2.10000E-2	9.99259E-1	1.72517E-9
2.11000E-2	9.99965E-1	8.44468E-9
2.12000E-2	1.00095E+0	1.11430E-9
2.13000E-2	9.99647E-1	9.70069E-9
2.14000E-2	1.00044E+0	2.29552E-9
2.15000E-2	9.99522E-1	-1.42889E-9
2.16000E-2	9.99633E-1	5.44022E-9
2.17000E-2	1.00091E+0	2.68821E-9
2.18000E-2	9.99923E-1	9.79107E-9
2.19000E-2	9.99605E-1	5.67085E-9
2.20000E-2	1.00045E+0	-2.12078E-9
2.21000E-2	1.00023E+0	8.10808E-9
2.22000E-2	9.99951E-1	2.42642E-9
2.23000E-2	9.99384E-1	5.79864E-9
2.24000E-2	1.00049E+0	7.93978E-9
2.25000E-2	1.00064E+0	-1.31669E-9
2.26000E-2	9.99785E-1	1.23274E-9
2.27000E-2	9.99453E-1	1.42666E-8
2.28000E-2	1.00063E+0	-4.18713E-9
2.29000E-2	1.00019E+0	5.33114E-9
2.30000E-2	9.99397E-1	6.52170E-9
2.31000E-2	1.00012E+0	5.03440E-10
2.32000E-2	9.99467E-1	1.19883E-8
2.33000E-2	1.00085E+0	1.38857E-9
2.34000E-2	9.99951E-1	-1.89638E-9
2.35000E-2	9.99370E-1	1.41419E-8
2.36000E-2	1.00059E+0	-3.07136E-9
2.37000E-2	9.99522E-1	7.07023E-9
2.38000E-2	1.00001E+0	3.35206E-9
2.39000E-2	1.00006E+0	-1.60030E-9
2.40000E-2	1.00003E+0	1.02492E-8
2.41000E-2	1.00045E+0	3.19557E-10
2.42000E-2	9.99591E-1	2.79730E-9
2.43000E-2	9.99674E-1	1.24870E-8
2.44000E-2	1.00049E+0	-3.95961E-9
2.45000E-2	9.99743E-1	9.04931E-9
2.46000E-2	1.00064E+0	-4.18401E-9
2.47000E-2	9.99259E-1	5.95759E-9
2.48000E-2	1.00008E+0	5.66774E-9
2.49000E-2	1.00081E+0	3.73229E-9
2.50000E-2	9.99591E-1	1.08040E-8
2.51000E-2	1.00044E+0	-5.94180E-9
2.52000E-2	9.99370E-1	4.50522E-9
2.53000E-2	1.00053E+0	8.88412E-9
2.54000E-2	9.99965E-1	7.32580E-9
2.55000E-2	9.99743E-1	4.81623E-10
2.56000E-2	1.00057E+0	1.34805E-9
2.57000E-2	9.99979E-1	3.44868E-9
2.58000E-2	9.99785E-1	9.62589E-9
2.59000E-2	1.00041E+0	-3.86299E-9
2.60000E-2	9.99688E-1	6.23497E-9
2.61000E-2	9.99827E-1	9.85652E-9
2.62000E-2	1.00046E+0	-4.59607E-10
2.63000E-2	9.99038E-1	6.36587E-9
2.64000E-2	1.00046E+0	4.32134E-9
2.65000E-2	1.00064E+0	2.71003E-9
2.66000E-2	9.99287E-1	5.56177E-9
2.67000E-2	1.00046E+0	-7.93750E-11
2.68000E-2	9.99730E-1	8.76258E-9
2.69000E-2	1.00016E+0	-1.27305E-9
2.70000E-2	9.99979E-1	7.93978E-9
2.71000E-2	1.00006E+0	6.39703E-9
2.72000E-2	1.00035E+0	-3.29265E-9
2.73000E-2	1.00012E+0	2.92820E-9
2.74000E-2	9.99743E-1	6.38768E-9
2.75000E-2	1.00039E+0	6.15639E-10
2.76000E-2	9.99121E-1	3.77281E-9
2.77000E-2	1.00085E+0	1.22314E-8
2.78000E-2	9.99937E-1	4.66106E-9
2.79000E-2	9.99799E-1	2.20825E-9
2.80000E-2	9.99951E-1	6.02304E-9
2.81000E-2	1.00064E+0	-3.60120E-9
2.82000E-2	9.99453E-1	1.24340E-8
2.83000E-2	1.00014E+0	-3.81691E-10
2.84000E-2	9.99536E-1	7.35385E-9
2.85000E-2	1.00038E+0	-1.77172E-9
2.86000E-2	9.99882E-1	4.72962E-9
2.87000E-2	1.00012E+0	8.60986E-9
2.88000E-2	9.99384E-1	-5.39327E-9
2.89000E-2	1.00089E+0	7.54708E-9
2.90000E-2	9.99799E-1	7.87433E-9
2.91000E-2	1.00049E+0	-3.18045E-9
2.92000E-2	9.99328E-1	1.00248E-8
2.93000E-2	1.00009E+0	4.33381E-9
2.94000E-2	1.00074E+0	1.80620E-9
2.95000E-2	9.99674E-1	4.55821E-9
2.96000E-2	9.99273E-1	2.47317E-9
2.97000E-2	1.00048E+0	5.72072E-9
2.98000E-2	1.00030E+0	6.41262E-9
2.99000E-2	9.99910E-1	6.71078E-11
3.00000E-2	9.99743E-1	3.09026E-9
3.01000E-2	1.00021E+0	-7.40106E-10
3.02000E-2	9.99716E-1	1.40827E-8
3.03000E-2	1.00027E+0	1.17352E-9
3.04000E-2	9.99480E-1	6.41262E-9
3.05000E-2	1.00044E+0	1.47272E-9
3.06000E-2	1.00014E+0	-9.45805E-10
3.07000E-2	9.99522E-1	9.98742E-9
3.08000E-2	1.00023E+0	3.44245E-9
3.09000E-2	9.99868E-1	1.55687E-9
3.10000E-2	1.00026E+0	9.80288E-10
3.11000E-2	1.00010E+0	3.52659E-9
3.12000E-2	9.99923E-1	8.43221E-9
3.13000E-2	9.99702E-1	-1.04308E-10
3.14000E-2	1.00002E+0	5.69579E-9
3.15000E-2	9.99951E-1	4.47717E-9
3.16000E-2	1.00006E+0	4.50211E-9
3.17000E-2	1.00021E+0	2.62900E-9
3.18000E-2	9.99328E-1	1.21715E-9
3.19000E-2	1.00056E+0	8.68088E-10
3.20000E-2	9.99799E-1	3.95981E-9
3.21000E-2	9.99923E-1	5.30309E-9
3.22000E-2	1.00049E+0	8.89347E-9
3.23000E-2	9.99564E-1	6.18756E-10
3.24000E-2	1.00032E+0	1.36987E-9
3.25000E-2	9.99591E-1	9.27305E-10
3.26000E-2	1.00017E+0	1.09193E-8
3.27000E-2	9.99757E-1	2.57602E-9
3.28000E-2	9.99868E-1	2.66328E-9
3.29000E-2	1.00034E+0	4.15304E-9
3.30000E-2	1.00030E+0	-1.75991E-10
3.31000E-2	9.99370E-1	7.95848E-9
3.32000E-2	1.00026E+0	-1.18579E-9
3.33000E-2	9.99993E-1	8.97762E-9
3.34000E-2	1.00044E+0	4.66040E-10
3.35000E-2	9.99522E-1	1.04954E-8
3.36000E-2	1.00026E+0	-7.05133E-9
3.37000E-2	9.99397E-1	6.04485E-9
3.38000E-2	1.00098E+0	6.80220E-9
3.39000E-2	9.99605E-1	5.34360E-9
3.40000E-2	9.99079E-1	3.66307E-10
3.41000E-2	1.00127E+0	3.24921E-9
3.42000E-2	9.99038E-1	8.37923E-9
3.43000E-2	1.00048E+0	7.88368E-9
3.44000E-2	9.99937E-1	-4.30556E-9
3.45000E-2	9.99245E-1	9.47629E-9
3.46000E-2	1.00096E+0	3.22674E-10
3.47000E-2	9.99716E-1	-1.06424E-9
3.48000E-2	9.99494E-1	7.15750E-9
3.49000E-2	1.00028E+0	5.34049E-9
3.50000E-2	1.00039E+0	6.94245E-9
3.51000E-2	9.99993E-1	7.24722E-10
3.52000E-2	9.99591E-1	1.56310E-9
3.53000E-2	1.00030E+0	3.81021E-9
3.54000E-2	1.00035E+0	8.75011E-9
3.55000E-2	1.00014E+0	-4.65774E-9
3.56000E-2	9.99259E-1	1.25587E-8
3.57000E-2	1.00037E+0	2.13345E-9
3.58000E-2	1.00055E+0	-1.44135E-9
3.59000E-2	9.99176E-1	4.24654E-9
3.60000E-2	1.00070E+0	-1.41708E-10
3.61000E-2	9.99813E-1	1.01682E-8
3.62000E-2	9.99979E-1	-9.70738E-10
3.63000E-2	1.00002E+0	1.11562E-8
3.64000E-2	1.00046E+0	-2.83138E-9
3.65000E-2	9.99107E-1	1.05422E-8
3.66000E-2	1.00117E+0	-1.60654E-9
3.67000E-2	9.99564E-1	4.73897E-9
3.68000E-2	9.99453E-1	3.37700E-9
3.69000E-2	9.99868E-1	8.38234E-9
3.70000E-2	1.00059E+0	-1.40084E-9
3.71000E-2	1.00002E+0	1.34494E-9
3.72000E-2	9.99771E-1	1.03957E-8
3.73000E-2	9.99827E-1	-1.73744E-9
3.74000E-2	1.00031E+0	1.00248E-8
3.75000E-2	1.00060E+0	-1.79977E-9
3.76000E-2	9.99079E-1	9.95314E-9
3.77000E-2	1.00034E+0	-1.97430E-9
3.78000E-2	1.00031E+0	3.74164E-9
3.79000E-2	1.00010E+0	6.25678E-9
3.80000E-2	9.99882E-1	5.63969E-9
3.81000E-2	9.99743E-1	-2.73477E-9
3.82000E-2	1.00056E+0	1.16579E-8
3.83000E-2	1.00019E+0	4.02526E-9
3.84000E-2	1.00032E+0	-1.07670E-9
3.85000E-2	9.99024E-1	8.48831E-9
3.86000E-2	1.00075E+0	-2.80956E-9
3.87000E-2	1.00024E+0	7.76213E-9
3.88000E-2	9.99370E-1	1.41908E-10
3.89000E-2	1.00014E+0	7.48163E-9
3.90000E-2	1.00014E+0	-2.07715E-9
3.91000E-2	1.00005E+0	5.97005E-9
3.92000E-2	9.99633E-1	6.80220E-9
3.93000E-2	1.00064E+0	1.77815E-9
3.94000E-2	9.99467E-1	5.88279E-9
3.95000E-2	1.00046E+0	-3.72898E-9
3.96000E-2	1.00008E+0	1.07541E-8
3.97000E-2	9.99314E-1	6.97985E-9
3.98000E-2	1.00096E+0	-2.83761E-9
3.99000E-2	9.99910E-1	6.55287E-9
4.00000E-2	9.99965E-1	6.31600E-9
4.01000E-2	9.99245E-1	5.00389E-9
4.02000E-2	1.00096E+0	3.72540E-10
4.03000E-2	9.99951E-1	3.81890E-10
4.04000E-2	9.99951E-1	8.17976E-9
4.05000E-2	9.99176E-1	1.02080E-9
4.06000E-2	1.00120E+0	2.75366E-9
4.07000E-2	9.99536E-1	3.00611E-9
4.08000E-2	9.99910E-1	9.55109E-9
4.09000E-2	9.99647E-1	2.50745E-9
4.10000E-2	1.00073E+0	-2.21428E-9
4.11000E-2	9.99564E-1	9.12099E-9
4.12000E-2	9.99591E-1	1.63790E-9
4.13000E-2	1.00001E+0	2.97806E-9
4.14000E-2	9.99896E-1	9.37656E-9
4.15000E-2	1.00056E+0	2.98430E-9
4.16000E-2	9.99688E-1	-1.78107E-9
4.17000E-2	9.99356E-1	6.14770E-9
4.18000E-2	1.00081E+0	3.82268E-9
4.19000E-2	1.00031E+0	4.69222E-9
4.20000E-2	9.99854E-1	-1.25747E-9
4.21000E-2	9.99356E-1	4.92286E-9
4.22000E-2	1.00091E+0	9.77237E-9
4.23000E-2	1.00024E+0	3.78773E-10
4.24000E-2	9.99314E-1	7.33515E-9
4.25000E-2	9.99910E-1	3.19311E-9
4.26000E-2	9.99951E-1	2.49498E-9
4.27000E-2	1.00005E+0	4.36186E-9
4.28000E-2	9.99840E-1	6.62389E-10
4.29000E-2	1.00008E+0	6.09406E-10
4.30000E-2	9.99910E-1	4.74832E-9
4.31000E-2	1.00089E+0	7.31333E-9
4.32000E-2	9.98899E-1	-2.95085E-11
4.33000E-2	1.00098E+0	1.06444E-9
4.34000E-2	9.99480E-1	3.89748E-9
4.35000E-2	1.00046E+0	8.83114E-9
4.36000E-2	9.99633E-1	7.12255E-10
4.37000E-2	9.99882E-1	2.11787E-9
4.38000E-2	1.00031E+0	1.75945E-9
4.39000E-2	1.00030E+0	1.07759E-8
4.40000E-2	9.99162E-1	2.91885E-9
4.41000E-2	1.00003E+0	4.39302E-9
4.42000E-2	1.00014E+0	6.18822E-9
4.43000E-2	9.99910E-1	-1.91197E-9
4.44000E-2	1.00055E+0	3.13324E-10
4.45000E-2	9.99093E-1	1.00653E-8
4.46000E-2	1.00098E+0	-1.44759E-9
4.47000E-2	9.99730E-1	1.34805E-9
4.48000E-2	9.99605E-1	4.64547E-9
4.49000E-2	9.99937E-1	1.13245E-8
4.50000E-2	1.00086E+0	-2.71918E-9
4.51000E-2	9.99619E-1	1.23274E-9
4.52000E-2	1.00006E+0	8.13301E-9
4.53000E-2	9.99965E-1	6.56845E-9
4.54000E-2	9.99993E-1	-2.39817E-9
4.55000E-2	1.00049E+0	6.33158E-9
4.56000E-2	9.99868E-1	4.41172E-9
4.57000E-2	9.99688E-1	6.27860E-9
4.58000E-2	9.99993E-1	2.07357E-10
4.59000E-2	1.00066E+0	6.73363E-9
4.60000E-2	9.99550E-1	2.79040E-10
4.61000E-2	1.00027E+0	2.67575E-9
4.62000E-2	1.00034E+0	-1.99923E-9
4.63000E-2	9.99882E-1	8.74388E-9
4.64000E-2	1.00037E+0	7.26970E-9
4.65000E-2	9.99024E-1	4.77949E-9
4.66000E-2	1.00064E+0	5.93265E-9
4.67000E-2	1.00049E+0	-1.96495E-9
4.68000E-2	9.99287E-1	1.79373E-9
4.69000E-2	9.99827E-1	5.30932E-9
4.70000E-2	1.00062E+0	3.55776E-9
4.71000E-2	9.99660E-1	9.11721E-10
4.72000E-2	9.99328E-1	8.60363E-9
4.73000E-2	1.00031E+0	4.06266E-9
4.74000E-2	1.00014E+0	3.94734E-9
4.75000E-2	9.99965E-1	-1.45859E-12
4.76000E-2	1.00046E+0	7.72473E-9
4.77000E-2	9.99121E-1	1.26324E-10
4.78000E-2	1.00055E+0	6.16017E-9
4.79000E-2	1.00060E+0	3.94357E-10
4.80000E-2	9.99204E-1	6.09406E-10
4.81000E-2	9.99965E-1	1.11811E-8
4.82000E-2	1.00092E+0	-3.57315E-9
4.83000E-2	9.99121E-1	8.20158E-9
4.84000E-2	9.99799E-1	7.02905E-10
4.85000E-2	1.00026E+0	2.16150E-9
4.86000E-2	9.99771E-1	2.93443E-9
4.87000E-2	1.00045E+0	8.64414E-9
4.88000E-2	9.99190E-1	2.56355E-9
4.89000E-2	1.00031E+0	1.73452E-9
4.90000E-2	1.00038E+0	8.73764E-9
4.91000E-2	1.00006E+0	-5.37146E-9
4.92000E-2	9.99453E-1	1.01495E-8
4.93000E-2	1.00021E+0	6.37522E-9
4.94000E-2	1.00070E+0	-1.53797E-9
4.95000E-2	9.99660E-1	-1.10164E-9
4.96000E-2	1.00027E+0	6.86142E-9
4.97000E-2	9.99314E-1	6.19757E-9
4.98000E-2	1.00074E+0	6.33470E-9
4.99000E-2	9.99896E-1	2.69445E-9
5.00000E-2	9.99813E-1	3.91618E-9
5.01000E-2	1.00017E+0	2.77548E-9
5.02000E-2	1.00039E+0	-1.33227E-9
5.03000E-2	9.99854E-1	9.58226E-9
5.04000E-2	9.99813E-1	-3.98143E-9
5.05000E-2	9.99910E-1	1.88723E-9
5.06000E-2	1.00030E+0	4.27148E-9
5.07000E-2	1.00044E+0	8.89347E-9
5.08000E-2	9.99204E-1	5.15349E-9
5.09000E-2	1.00038E+0	-2.07158E-10
5.10000E-2	1.00013E+0	-3.95961E-9
5.11000E-2	9.99896E-1	1.17047E-8
5.12000E-2	9.99564E-1	7.50656E-9
5.13000E-2	1.00024E+0	-5.51170E-9
5.14000E-2	1.00063E+0	6.76168E-9
5.15000E-2	9.99702E-1	1.11119E-9
5.16000E-2	9.99868E-1	5.47450E-9
5.17000E-2	9.99702E-1	1.03552E-8
5.18000E-2	1.00002E+0	3.88123E-10
5.19000E-2	9.99923E-1	4.24343E-9
5.20000E-2	1.00027E+0	4.14681E-9
5.21000E-2	9.99245E-1	-1.54732E-9
5.22000E-2	1.00039E+0	9.06489E-9
5.23000E-2	1.00055E+0	-4.37724E-9
5.24000E-2	9.99536E-1	7.21048E-9
5.25000E-2	9.99771E-1	1.41039E-9
5.26000E-2	1.00016E+0	8.07379E-9
5.27000E-2	9.99993E-1	2.82535E-9
5.28000E-2	9.99882E-1	1.08002E-9
5.29000E-2	1.00017E+0	7.20736E-9
5.30000E-2	1.00021E+0	-7.55689E-10
5.31000E-2	9.99910E-1	3.00300E-9
5.32000E-2	1.00010E+0	2.55420E-9
5.33000E-2	9.99467E-1	4.19979E-9
5.34000E-2	1.00063E+0	7.48475E-9
5.35000E-2	1.00012E+0	9.61588E-10
5.36000E-2	9.99619E-1	-3.77884E-9
5.37000E-2	9.99605E-1	5.97005E-9
5.38000E-2	1.00066E+0	1.12528E-8
5.39000E-2	9.99896E-1	-3.36121E-9
5.40000E-2	9.99536E-1	5.69267E-9
5.41000E-2	1.00057E+0	6.80532E-9
5.42000E-2	9.99813E-1	-4.19024E-9
5.43000E-2	9.99979E-1	7.77148E-9
5.44000E-2	1.00063E+0	-2.64438E-9
5.45000E-2	9.99107E-1	1.36214E-8
5.46000E-2	1.00085E+0	-3.29888E-9
5.47000E-2	1.00001E+0	3.61074E-9
5.48000E-2	9.99923E-1	8.31378E-9
5.49000E-2	9.99674E-1	-3.75391E-9
5.50000E-2	9.99979E-1	1.01962E-8
5.51000E-2	9.99716E-1	3.77593E-9
5.52000E-2	1.00074E+0	2.42953E-9
5.53000E-2	9.99453E-1	4.60184E-9
5.54000E-2	1.00002E+0	-1.25747E-9
5.55000E-2	1.00013E+0	5.89837E-9
5.56000E-2	9.99716E-1	6.84583E-9
5.57000E-2	9.99328E-1	4.55821E-9
5.58000E-2	1.00086E+0	-5.21940E-10
5.59000E-2	9.99605E-1	4.20603E-9
5.60000E-2	1.00049E+0	6.43755E-9
5.61000E-2	9.99480E-1	4.05954E-9
5.62000E-2	9.99937E-1	-7.40106E-10
5.63000E-2	1.00028E+0	7.79641E-9
5.64000E-2	1.00005E+0	5.88902E-9
5.65000E-2	9.99633E-1	-2.37323E-9
5.66000E-2	1.00008E+0	2.84093E-9
5.67000E-2	1.00045E+0	2.06177E-9
5.68000E-2	9.99771E-1	4.04708E-9
5.69000E-2	9.99799E-1	1.01183E-8
5.70000E-2	9.99923E-1	-3.04331E-9
5.71000E-2	1.00024E+0	1.09941E-8
5.72000E-2	9.99840E-1	5.09673E-10
5.73000E-2	1.00027E+0	6.35963E-9
5.74000E-2	9.99480E-1	2.75924E-10
5.75000E-2	9.99965E-1	5.20647E-9
5.76000E-2	1.00010E+0	5.30932E-9
5.77000E-2	1.00013E+0	1.71893E-9
5.78000E-2	9.99577E-1	5.96070E-9
5.79000E-2	1.00003E+0	7.52772E-10
5.80000E-2	1.00056E+0	3.51724E-9
5.81000E-2	9.98885E-1	2.09293E-9
5.82000E-2	1.00057E+0	9.73497E-9
5.83000E-2	1.00049E+0	-2.59763E-9
5.84000E-2	9.99619E-1	-4.25324E-10
5.85000E-2	9.99550E-1	1.44037E-8
5.86000E-2	1.00049E+0	1.07379E-9
5.87000E-2	1.00003E+0	-2.29843E-9
5.88000E-2	9.99536E-1	6.25990E-9
5.89000E-2	1.00005E+0	3.24610E-9
5.90000E-2	1.00050E+0	1.60607E-10
5.91000E-2	9.99854E-1	3.97228E-9
5.92000E-2	9.99923E-1	2.98118E-9
5.93000E-2	9.99176E-1	5.45580E-9
5.94000E-2	1.00055E+0	9.51681E-9
5.95000E-2	1.00019E+0	-4.96941E-9
5.96000E-2	9.99425E-1	6.01680E-9
5.97000E-2	1.00028E+0	5.70202E-9
5.98000E-2	9.99660E-1	3.59516E-9
5.99000E-2	1.00037E+0	7.24476E-9
6.00000E-2	9.99757E-1	-3.37056E-9
6.01000E-2	9.99910E-1	9.50434E-9
6.02000E-2	9.99660E-1	-3.99701E-9
6.03000E-2	1.00026E+0	1.18792E-8
6.04000E-2	1.00023E+0	-6.37502E-9
6.05000E-2	9.99480E-1	6.49677E-9
6.06000E-2	1.00001E+0	8.69713E-9
6.07000E-2	1.00008E+0	-5.31224E-9
6.08000E-2	9.99923E-1	8.22651E-9
6.09000E-2	9.99827E-1	8.39169E-9
6.10000E-2	9.99633E-1	7.12255E-10
6.11000E-2	1.00091E+0	1.70959E-9
6.12000E-2	9.99799E-1	4.85117E-9
6.13000E-2	9.99467E-1	7.37189E-10
6.14000E-2	1.00014E+0	8.59428E-9
6.15000E-2	1.00023E+0	-1.45070E-9
6.16000E-2	9.99688E-1	7.61565E-9
6.17000E-2	1.00017E+0	5.79864E-9
6.18000E-2	1.00016E+0	-5.39016E-9
6.19000E-2	9.99771E-1	9.48564E-9
6.20000E-2	9.99757E-1	3.26168E-9
6.21000E-2	1.00020E+0	1.11119E-9
6.22000E-2	9.99702E-1	6.83025E-9
6.23000E-2	1.00048E+0	1.33247E-9
6.24000E-2	9.99716E-1	-2.29220E-9
6.25000E-2	9.99771E-1	8.43844E-9
6.26000E-2	9.99771E-1	2.84716E-9
6.27000E-2	1.00081E+0	3.74164E-9
6.28000E-2	9.99494E-1	2.52927E-9
6.29000E-2	9.99882E-1	6.81089E-10
6.30000E-2	1.00035E+0	7.51280E-9
6.31000E-2	9.99647E-1	7.59695E-9
6.32000E-2	1.00034E+0	2.46382E-9
6.33000E-2	1.00003E+0	-2.47920E-9
6.34000E-2	9.99771E-1	4.10006E-9
6.35000E-2	1.00031E+0	9.17397E-9
6.36000E-2	1.00030E+0	1.30130E-9
6.37000E-2	9.99411E-1	-6.15440E-10
6.38000E-2	9.99993E-1	9.28306E-9
6.39000E-2	9.99494E-1	5.87589E-10
6.40000E-2	9.99910E-1	5.62410E-9
6.41000E-2	1.00031E+0	-1.35409E-9
6.42000E-2	1.00002E+0	1.62855E-9
6.43000E-2	9.99799E-1	9.26124E-9
6.44000E-2	1.00008E+0	3.94111E-9
6.45000E-2	1.00016E+0	-3.62991E-10
6.46000E-2	9.99619E-1	1.42909E-9
6.47000E-2	9.99564E-1	9.76302E-9
6.48000E-2	1.00106E+0	9.51577E-11
6.49000E-2	9.99204E-1	6.95180E-9
6.50000E-2	1.00066E+0	-2.56335E-9
6.51000E-2	9.99259E-1	1.85918E-9
6.52000E-2	1.00010E+0	8.62233E-9
6.53000E-2	1.00073E+0	4.49587E-9
6.54000E-2	9.99605E-1	-6.82382E-9
6.55000E-2	9.99882E-1	1.51330E-8
6.56000E-2	9.99937E-1	-6.27906E-10
6.57000E-2	1.00026E+0	-2.14572E-9
6.58000E-2	9.99716E-1	1.12808E-8
6.59000E-2	9.99882E-1	2.64146E-9
6.60000E-2	1.00035E+0	3.76034E-9
6.61000E-2	9.99743E-1	-1.25747E-9
6.62000E-2	1.00013E+0	3.76034E-9
6.63000E-2	1.00003E+0	-7.02706E-10
6.64000E-2	1.00005E+0	8.68466E-9
6.65000E-2	1.00002E+0	7.40371E-9
6.66000E-2	9.99730E-1	-4.20894E-9
6.67000E-2	1.00055E+0	3.35518E-9
6.68000E-2	9.99494E-1	7.10451E-9
6.69000E-2	9.99923E-1	2.08670E-9
6.70000E-2	1.00032E+0	5.67085E-9
6.71000E-2	1.00017E+0	-4.94447E-9
6.72000E-2	9.99937E-1	6.04797E-9
6.73000E-2	9.99660E-1	1.03365E-8
6.74000E-2	1.00039E+0	1.93398E-9
6.75000E-2	9.99660E-1	-4.64216E-9
6.76000E-2	1.00055E+0	9.70381E-9
6.77000E-2	9.99273E-1	3.75411E-9
6.78000E-2	1.00031E+0	1.34182E-9
6.79000E-2	1.00024E+0	5.20024E-9
6.80000E-2	1.00016E+0	1.27014E-9
6.81000E-2	9.99564E-1	2.38524E-10
6.82000E-2	9.99757E-1	6.20068E-9
6.83000E-2	1.00071E+0	7.75901E-9
6.84000E-2	1.00006E+0	-1.19891E-10
6.85000E-2	9.99342E-1	8.89905E-10
6.86000E-2	1.00055E+0	8.31378E-9
6.87000E-2	9.99522E-1	2.53862E-9
6.88000E-2	1.00048E+0	-1.26125E-10
6.89000E-2	9.99494E-1	4.79507E-9
6.90000E-2	9.99799E-1	2.13345E-9
6.91000E-2	1.00089E+0	2.24253E-9
6.92000E-2	9.99799E-1	7.12633E-9
6.93000E-2	9.99425E-1	4.93844E-9
6.94000E-2	1.00032E+0	-3.10007E-10
6.95000E-2	9.99896E-1	-9.67622E-10
6.96000E-2	9.99411E-1	1.29794E-8
6.97000E-2	9.99979E-1	-2.03975E-9
6.98000E-2	1.00046E+0	6.68622E-10
6.99000E-2	1.00013E+0	1.13463E-8
7.00000E-2	1.00034E+0	-2.51037E-9
7.01000E-2	9.99660E-1	1.43532E-9
7.02000E-2	9.99480E-1	1.03708E-8
7.03000E-2	1.00052E+0	-5.41197E-9
7.04000E-2	1.00001E+0	1.05515E-8
7.05000E-2	9.99633E-1	1.90593E-9
7.06000E-2	1.00003E+0	6.74610E-9
7.07000E-2	1.00067E+0	-2.26727E-9
7.08000E-2	9.99439E-1	4.31511E-9
7.09000E-2	9.99757E-1	4.71716E-9
7.10000E-2	1.00053E+0	-8.77239E-10
7.11000E-2	9.99688E-1	9.91262E-9
7.12000E-2	9.99799E-1	5.37723E-10
7.13000E-2	1.00031E+0	5.12232E-9
7.14000E-2	9.99965E-1	-1.50680E-9
7.15000E-2	9.99937E-1	6.80532E-9
7.16000E-2	1.00039E+0	1.31377E-9
7.17000E-2	9.99882E-1	2.78795E-9
7.18000E-2	9.99356E-1	3.58269E-9
7.19000E-2	1.00102E+0	1.39792E-9
7.20000E-2	9.99425E-1	1.48207E-9
7.21000E-2	1.00075E+0	4.14681E-9
7.22000E-2	9.99397E-1	5.40594E-9
7.23000E-2	1.00006E+0	-2.91308E-10
7.24000E-2	1.00039E+0	3.61074E-9
7.25000E-2	9.99619E-1	4.64547E-9
7.26000E-2	1.00010E+0	9.85652E-9
7.27000E-2	1.00010E+0	-4.35854E-9
7.28000E-2	1.00028E+0	9.00256E-9
7.29000E-2	9.99647E-1	-1.93690E-9
7.30000E-2	1.00031E+0	1.05702E-8
7.31000E-2	1.00023E+0	-4.02818E-9
7.32000E-2	9.99633E-1	7.58760E-9
7.33000E-2	1.00060E+0	-3.60120E-9
7.34000E-2	9.99619E-1	7.01725E-9
7.35000E-2	1.00013E+0	5.67709E-9
7.36000E-2	9.99660E-1	1.61297E-9
7.37000E-2	1.00045E+0	-1.61900E-9
7.38000E-2	9.99314E-1	5.68644E-9
7.39000E-2	1.00096E+0	5.35295E-9
7.40000E-2	9.99633E-1	6.72740E-9
7.41000E-2	9.99882E-1	-2.39817E-9
7.42000E-2	1.00037E+0	1.38857E-9
7.43000E-2	1.00005E+0	9.72251E-9
7.44000E-2	1.00035E+0	-9.83205E-10
7.45000E-2	9.99896E-1	7.81200E-9
7.46000E-2	9.99134E-1	3.19557E-10
7.47000E-2	1.00067E+0	3.20246E-9
7.48000E-2	1.00037E+0	2.91261E-9
7.49000E-2	9.99508E-1	7.54396E-9
7.50000E-2	1.00003E+0	1.85607E-9
7.51000E-2	1.00039E+0	1.49142E-9
7.52000E-2	1.00032E+0	2.58225E-9
7.53000E-2	9.99716E-1	7.78395E-9
7.54000E-2	1.00003E+0	3.45491E-9
7.55000E-2	9.99951E-1	3.15883E-9
7.56000E-2	1.00014E+0	-7.93646E-9
7.57000E-2	9.99896E-1	9.66641E-9
7.58000E-2	9.99633E-1	3.36141E-9
7.59000E-2	1.00006E+0	2.47005E-9
7.60000E-2	1.00081E+0	4.16863E-9
7.61000E-2	9.99730E-1	-1.20760E-9
7.62000E-2	9.99425E-1	6.97985E-9
7.63000E-2	1.00074E+0	8.19223E-9
7.64000E-2	1.00014E+0	1.80308E-9
7.65000E-2	9.99743E-1	2.14592E-9
7.66000E-2	1.00026E+0	-2.15507E-9
7.67000E-2	9.99508E-1	3.30220E-9
7.68000E-2	1.00070E+0	1.10080E-11
7.69000E-2	9.99370E-1	1.12434E-8
7.70000E-2	1.00003E+0	1.30754E-9
7.71000E-2	1.00035E+0	2.16150E-9
7.72000E-2	1.00048E+0	2.50745E-9
7.73000E-2	1.00014E+0	5.04752E-9
7.74000E-2	9.98927E-1	-1.40395E-9
7.75000E-2	1.00082E+0	6.58715E-9
7.76000E-2	9.99245E-1	4.69846E-9
7.77000E-2	1.00064E+0	6.98920E-9
7.78000E-2	9.99896E-1	2.29174E-10
7.79000E-2	9.99273E-1	4.03707E-10
7.80000E-2	1.00067E+0	6.77972E-10
7.81000E-2	9.99923E-1	4.05331E-9
7.82000E-2	9.99467E-1	4.52081E-9
7.83000E-2	1.00019E+0	3.16440E-10
7.84000E-2	1.00028E+0	1.07915E-8
7.85000E-2	1.00003E+0	-6.29087E-9
7.86000E-2	9.99702E-1	7.56578E-9
7.87000E-2	9.99536E-1	1.42909E-9
7.88000E-2	1.00077E+0	6.84583E-9
7.89000E-2	9.99868E-1	6.16017E-9
7.90000E-2	9.99757E-1	2.59472E-9
7.91000E-2	1.00014E+0	-3.39238E-9
7.92000E-2	1.00062E+0	5.03194E-9
7.93000E-2	9.99314E-1	1.79307E-10
7.94000E-2	9.99799E-1	1.44442E-8
7.95000E-2	1.00020E+0	-5.64572E-9
7.96000E-2	1.00003E+0	6.67753E-9
7.97000E-2	9.99910E-1	2.99988E-9
7.98000E-2	9.99688E-1	-7.62583E-11
7.99000E-2	9.99937E-1	5.59294E-9
8.00000E-2	1.00063E+0	3.18065E-9
8.01000E-2	9.99702E-1	9.47629E-9
8.02000E-2	9.99923E-1	4.00590E-10
8.03000E-2	1.00032E+0	-8.02439E-10
8.04000E-2	9.99799E-1	-5.43757E-10
8.05000E-2	9.99785E-1	7.52838E-9
8.06000E-2	1.00003E+0	9.56667E-9
8.07000E-2	9.99702E-1	1.32312E-9
8.08000E-2	1.00003E+0	5.38412E-9
8.09000E-2	9.99882E-1	4.49587E-9
8.10000E-2	9.99716E-1	2.48875E-9
8.11000E-2	1.00042E+0	-3.44225E-9
8.12000E-2	9.99840E-1	3.41751E-9
8.13000E-2	1.00049E+0	7.81200E-9
8.14000E-2	9.99051E-1	-7.33873E-10
8.15000E-2	1.00032E+0	1.08850E-8
8.16000E-2	1.00074E+0	-3.28018E-9
8.17000E-2	9.99508E-1	1.75322E-9
8.18000E-2	9.99453E-1	1.03490E-8
8.19000E-2	1.00044E+0	-2.81580E-9
8.20000E-2	1.00020E+0	9.41707E-9
8.21000E-2	9.99882E-1	-1.42265E-9
8.22000E-2	1.00001E+0	7.02972E-9
8.23000E-2	9.99453E-1	-4.18401E-9
8.24000E-2	1.00107E+0	6.18198E-9
8.25000E-2	9.99273E-1	2.70691E-9
8.26000E-2	9.99965E-1	2.84405E-9
8.27000E-2	1.00020E+0	5.46827E-9
8.28000E-2	9.99743E-1	-7.18289E-10
8.29000E-2	1.00068E+0	1.02555E-8
8.30000E-2	9.99370E-1	1.36987E-9
8.31000E-2	1.00046E+0	5.43087E-9
8.32000E-2	9.99882E-1	-5.10031E-9
8.33000E-2	9.99965E-1	7.48163E-9
8.34000E-2	9.99287E-1	3.93176E-9
8.35000E-2	1.00059E+0	8.80555E-10
8.36000E-2	1.00037E+0	9.83782E-9
8.37000E-2	9.99619E-1	-4.25324E-10
8.38000E-2	1.00057E+0	4.21226E-9
8.39000E-2	9.99453E-1	-2.54153E-9
8.40000E-2	1.00037E+0	3.47050E-9
8.41000E-2	9.99688E-1	1.26303E-8
8.42000E-2	1.00016E+0	5.40839E-10
8.43000E-2	9.99605E-1	1.76191E-10
8.44000E-2	1.00008E+0	8.58804E-9
8.45000E-2	1.00002E+0	-4.65840E-10
8.46000E-2	9.99508E-1	2.66951E-9
8.47000E-2	9.99827E-1	7.37255E-9
8.48000E-2	1.00032E+0	-2.87813E-9
8.49000E-2	1.00056E+0	8.33248E-9
8.50000E-2	9.99204E-1	4.67664E-9
8.51000E-2	1.00039E+0	-4.40529E-9
8.52000E-2	9.99564E-1	1.07635E-8
8.53000E-2	1.00017E+0	5.68889E-10
8.54000E-2	1.00055E+0	5.04129E-9
8.55000E-2	9.98899E-1	-1.15150E-9
8.56000E-2	1.00093E+0	8.51636E-9
8.57000E-2	1.00014E+0	-5.58962E-9
8.58000E-2	9.99993E-1	8.43533E-9
8.59000E-2	9.99480E-1	6.90505E-9
8.60000E-2	1.00092E+0	-1.96807E-9
8.61000E-2	9.99660E-1	1.41974E-9
8.62000E-2	9.99605E-1	5.75189E-9
8.63000E-2	1.00017E+0	6.79597E-9
8.64000E-2	1.00005E+0	-2.49478E-9
8.65000E-2	1.00035E+0	1.02555E-8
8.66000E-2	1.00024E+0	-9.42688E-10
8.67000E-2	9.99259E-1	3.97473E-10
8.68000E-2	1.00037E+0	2.78171E-9
8.69000E-2	9.99882E-1	2.34227E-9
8.70000E-2	9.99370E-1	8.24209E-9
8.71000E-2	1.00031E+0	6.88635E-9
8.72000E-2	1.00024E+0	1.94957E-9
8.73000E-2	9.99813E-1	-6.82693E-9
8.74000E-2	9.99854E-1	1.56628E-8
8.75000E-2	1.00055E+0	-4.54554E-9
8.76000E-2	9.99301E-1	8.00523E-9
8.77000E-2	1.00019E+0	-3.58873E-9
8.78000E-2	9.99660E-1	6.69935E-9
8.79000E-2	9.99702E-1	1.09249E-9
8.80000E-2	1.00039E+0	4.33693E-9
8.81000E-2	1.00002E+0	5.89837E-9
8.82000E-2	1.00001E+0	-3.11500E-9
8.83000E-2	9.99688E-1	7.44423E-9
8.84000E-2	1.00078E+0	3.33336E-9
8.85000E-2	9.99647E-1	1.51635E-9
8.86000E-2	9.99882E-1	3.33025E-9
8.87000E-2	1.00055E+0	1.41662E-9
8.88000E-2	9.99730E-1	7.59695E-9
8.89000E-2	9.99619E-1	-1.75991E-10
8.90000E-2	1.00059E+0	3.44490E-10
8.91000E-2	9.99079E-1	4.91974E-9
8.92000E-2	1.00098E+0	2.90326E-9
8.93000E-2	1.00024E+0	5.24699E-9
8.94000E-2	9.99107E-1	4.45224E-9
8.95000E-2	1.00057E+0	2.88145E-9
8.96000E-2	9.99716E-1	2.80353E-9
8.97000E-2	9.99923E-1	4.24654E-9
8.98000E-2	1.00019E+0	1.54374E-10
8.99000E-2	9.99397E-1	3.45491E-9
9.00000E-2	1.00019E+0	1.68465E-9
9.01000E-2	9.99993E-1	8.01769E-9
9.02000E-2	1.00008E+0	2.42642E-9
9.03000E-2	1.00060E+0	-3.67911E-9
9.04000E-2	9.99439E-1	6.07290E-9
9.05000E-2	1.00019E+0	8.49766E-9
9.06000E-2	1.00052E+0	3.32090E-9
9.07000E-2	9.99093E-1	-5.90506E-10
9.08000E-2	1.00005E+0	4.16173E-10
9.09000E-2	1.00077E+0	6.87388E-9
9.10000E-2	1.00005E+0	2.82223E-9
9.11000E-2	9.99439E-1	8.78128E-9
9.12000E-2	9.99785E-1	-1.99923E-9
9.13000E-2	1.00020E+0	2.96248E-9
9.14000E-2	1.00028E+0	7.71538E-9
9.15000E-2	9.99453E-1	-1.53797E-9
9.16000E-2	1.00003E+0	1.10533E-8
9.17000E-2	1.00028E+0	8.21338E-10
9.18000E-2	1.00020E+0	-3.85053E-9
9.19000E-2	9.99024E-1	9.67576E-9
9.20000E-2	1.00020E+0	5.94512E-9
9.21000E-2	1.00031E+0	1.36052E-9
9.22000E-2	9.99923E-1	-3.81691E-10
9.23000E-2	1.00042E+0	6.37522E-9
9.24000E-2	9.99536E-1	-3.09630E-9
9.25000E-2	1.00067E+0	4.12811E-9
9.26000E-2	9.99688E-1	6.59962E-9
9.27000E-2	1.00039E+0	5.96070E-9
9.28000E-2	9.99287E-1	3.46738E-9
9.29000E-2	1.00044E+0	-4.38659E-9
9.30000E-2	9.99951E-1	8.17976E-9
9.31000E-2	9.99965E-1	1.54374E-10
9.32000E-2	1.00016E+0	3.33648E-9
9.33000E-2	1.00034E+0	1.96203E-9
9.34000E-2	1.00035E+0	5.74565E-9
9.35000E-2	9.99564E-1	6.05420E-9
9.36000E-2	1.00027E+0	-3.97208E-9
9.37000E-2	9.99882E-1	2.58225E-9
9.38000E-2	1.00010E+0	6.19757E-9
9.39000E-2	9.99619E-1	5.56177E-9
9.40000E-2	1.00008E+0	-1.93067E-9
9.41000E-2	9.99633E-1	9.52927E-9
9.42000E-2	1.00075E+0	-2.11455E-9
9.43000E-2	9.99148E-1	5.49009E-9
9.44000E-2	1.00048E+0	6.06355E-9
9.45000E-2	9.99910E-1	2.92820E-9
9.46000E-2	1.00066E+0	-1.35475E-10
9.47000E-2	9.99619E-1	-2.00858E-9
9.48000E-2	9.99799E-1	6.21627E-9
9.49000E-2	9.99882E-1	3.13701E-9
9.50000E-2	9.99619E-1	7.65616E-9
9.51000E-2	1.00008E+0	1.67219E-9
9.52000E-2	1.00019E+0	2.15838E-9
9.53000E-2	9.99799E-1	-5.87390E-10
9.54000E-2	9.99923E-1	1.08414E-8
9.55000E-2	1.00039E+0	-6.11322E-9
9.56000E-2	9.99439E-1	1.17483E-8
9.57000E-2	1.00006E+0	7.62122E-10
9.58000E-2	1.00023E+0	6.59962E-9
9.59000E-2	1.00028E+0	-4.47140E-10
9.60000E-2	9.98899E-1	2.13591E-10
9.61000E-2	1.00095E+0	5.56177E-9
9.62000E-2	9.99356E-1	3.09961E-9
9.63000E-2	9.99937E-1	2.31733E-9
9.64000E-2	9.99896E-1	3.24610E-9
9.65000E-2	9.99716E-1	6.24743E-9
9.66000E-2	1.00099E+0	3.41373E-10
9.67000E-2	9.98941E-1	2.95313E-9
9.68000E-2	1.00057E+0	6.26302E-9
9.69000E-2	9.99314E-1	-3.46406E-9
9.70000E-2	1.00110E+0	6.28483E-9
9.71000E-2	9.99204E-1	1.86230E-9
9.72000E-2	1.00023E+0	2.00567E-9
9.73000E-2	9.99688E-1	6.44067E-9
9.74000E-2	1.00039E+0	5.85785E-9
9.75000E-2	1.00001E+0	-7.32871E-9
9.76000E-2	9.99480E-1	1.59714E-8
9.77000E-2	1.00055E+0	-4.14349E-9
9.78000E-2	1.00003E+0	8.29196E-9
9.79000E-2	9.99882E-1	-2.22987E-9
9.80000E-2	9.99425E-1	5.30932E-9
9.81000E-2	1.00068E+0	6.61208E-9
9.82000E-2	9.99314E-1	2.08358E-9
9.83000E-2	1.00050E+0	3.03105E-9
9.84000E-2	9.99328E-1	4.08759E-9
9.85000E-2	1.00035E+0	-3.23031E-9
9.86000E-2	9.99868E-1	3.59828E-9
9.87000E-2	9.99743E-1	3.01546E-9
9.88000E-2	9.99605E-1	8.28261E-9
9.89000E-2	1.00016E+0	4.51769E-9
9.90000E-2	1.00077E+0	-1.91575E-10
9.91000E-2	9.99522E-1	4.52704E-9
9.92000E-2	9.99785E-1	7.12010E-9
9.93000E-2	9.99633E-1	2.46070E-9
9.94000E-2	9.99951E-1	3.41751E-9
9.95000E-2	1.00009E+0	-8.24916E-11
9.96000E-2	9.99356E-1	9.90639E-9
9.97000E-2	1.00064E+0	-6.04777E-9
9.98000E-2	9.99397E-1	6.17264E-9
9.99000E-2	1.00067E+0	2.90950E-9
