## Header ##
[General info]
User	Giorgos_Psaltakis
Device	Sample
Cell area (cm2)	1
Test	Memristor
Date	2024-03-03
Time	03:27:50
Note	

[Acquisition Settings]
Sampling time (s)	5.000E-1
Voltage Range (V)	6.000E+0
Current Range (A)	1.000E-6
Current Limit (A)	1.000E-6

[Waveform Settings]
V_HRS (V)	0.1000
V_LRS (V)	0.1000
V_READ (V)	0.1000
t_HRS (s)	0.0210
t_LRS (s)	0.0210
t_READ (s)	0.0000
d_HRS (s)	0.0000
d_LRS (s)	0.0000
d_READ (s)	0.0000
Cycles	1

## Data ##
Time (s)	Voltage (V)	Current (A)
0.00000E+0	9.88595E-2	1.17305E-7
5.00000E-4	9.99862E-2	2.35910E-9
1.00000E-3	9.99973E-2	1.44903E-9
1.50000E-3	1.00036E-1	9.57848E-10
2.00000E-3	9.99973E-2	9.26058E-10
2.50000E-3	1.00011E-1	6.63636E-10
3.00000E-3	1.00019E-1	5.27126E-10
3.50000E-3	1.00022E-1	7.28462E-10
4.00000E-3	9.99835E-2	5.60786E-10
4.50000E-3	9.99752E-2	4.78506E-10
5.00000E-3	9.99835E-2	3.96227E-10
5.50000E-3	1.00003E-1	5.48319E-10
6.00000E-3	9.99973E-2	3.95603E-10
6.50000E-3	1.00000E-1	9.32877E-11
7.00000E-3	1.00008E-1	3.63190E-10
7.50000E-3	1.00003E-1	1.52504E-10
8.00000E-3	1.00017E-1	1.07001E-10
8.50000E-3	1.00025E-1	4.12433E-10
9.00000E-3	9.99835E-2	2.39771E-10
9.50000E-3	9.99669E-2	2.00501E-10
1.00000E-2	1.00014E-1	2.27927E-10
1.05000E-2	9.99696E-2	2.52237E-10
1.10000E-2	1.00011E-1	2.53446E-11
1.15000E-2	1.00017E-1	9.20411E-11
1.20000E-2	1.00000E-1	3.10207E-10
1.25000E-2	1.00008E-1	2.76547E-10
1.30000E-2	9.99862E-2	1.56867E-10
1.35000E-2	1.00006E-1	1.08248E-10
1.40000E-2	1.00006E-1	9.14177E-11
1.45000E-2	9.99918E-2	3.06467E-10
1.50000E-2	9.99807E-2	2.34161E-10
1.55000E-2	9.99807E-2	1.91774E-10
1.60000E-2	9.99862E-2	1.20714E-10
1.65000E-2	9.99890E-2	1.14481E-10
1.70000E-2	1.00011E-1	1.59361E-10
1.75000E-2	9.99945E-2	1.81801E-10
1.80000E-2	9.99779E-2	5.09012E-11
1.85000E-2	1.00028E-1	1.33804E-10
1.90000E-2	1.00022E-1	4.21746E-11
1.95000E-2	9.99835E-2	1.78684E-10
2.00000E-2	1.00011E-1	-3.26251E-11
2.05000E-2	1.00036E-1	1.55621E-10
2.10000E-2	9.99918E-2	1.38791E-10
2.15000E-2	1.00011E-1	-8.31150E-11
2.20000E-2	9.99696E-2	2.31044E-10
2.25000E-2	1.00006E-1	1.75567E-10
2.30000E-2	1.00006E-1	1.20714E-10
2.35000E-2	1.00014E-1	-3.82351E-11
2.40000E-2	9.99945E-2	2.21694E-10
2.45000E-2	1.00011E-1	-1.45859E-12
2.50000E-2	1.00014E-1	8.33144E-11
2.55000E-2	1.00017E-1	2.46004E-10
2.60000E-2	1.00017E-1	-1.72875E-10
2.65000E-2	9.99669E-2	1.50011E-10
2.70000E-2	1.00017E-1	1.56244E-10
2.75000E-2	9.99807E-2	-3.63651E-11
2.80000E-2	9.99835E-2	1.61854E-10
2.85000E-2	1.00006E-1	-2.01585E-11
2.90000E-2	1.00000E-1	1.78061E-10
2.95000E-2	9.99973E-2	4.46679E-11
3.00000E-2	1.00008E-1	-2.82618E-11
3.05000E-2	1.00022E-1	1.80554E-10
3.10000E-2	9.99973E-2	-2.38985E-11
3.15000E-2	1.00008E-1	2.24187E-10
3.20000E-2	9.99973E-2	-3.88585E-11
3.25000E-2	1.00014E-1	-2.38985E-11
3.30000E-2	1.00008E-1	1.97347E-11
3.35000E-2	1.00014E-1	2.97740E-10
3.40000E-2	9.99530E-2	-2.07819E-11
3.45000E-2	9.99945E-2	1.35674E-10
3.50000E-2	9.99835E-2	2.84613E-11
3.55000E-2	1.00042E-1	8.33144E-11
3.60000E-2	9.99779E-2	1.53713E-11
3.65000E-2	9.99973E-2	6.64845E-11
3.70000E-2	1.00014E-1	-1.20515E-10
3.75000E-2	9.99807E-2	9.14177E-11
3.80000E-2	1.00022E-1	9.57810E-11
3.85000E-2	9.99973E-2	3.34479E-11
3.90000E-2	9.99973E-2	1.24454E-10
3.95000E-2	1.00025E-1	-2.95085E-11
4.00000E-2	9.99945E-2	4.15512E-11
4.05000E-2	9.99669E-2	2.89014E-10
4.10000E-2	9.99973E-2	-6.25450E-11
4.15000E-2	1.00000E-1	-1.45485E-11
4.20000E-2	1.00022E-1	-3.51185E-11
4.25000E-2	1.00011E-1	-1.18645E-10
4.30000E-2	1.00008E-1	-1.45859E-12
4.35000E-2	9.99779E-2	2.19201E-10
4.40000E-2	1.00025E-1	-1.34228E-10
4.45000E-2	9.99945E-2	1.71827E-10
4.50000E-2	9.99945E-2	-2.20285E-11
4.55000E-2	1.00008E-1	1.51881E-10
4.60000E-2	1.00014E-1	5.21479E-11
4.65000E-2	1.00000E-1	-9.86982E-11
4.70000E-2	1.00022E-1	5.58879E-11
4.75000E-2	1.00022E-1	1.33181E-10
4.80000E-2	1.00000E-1	1.15104E-10
4.85000E-2	9.99835E-2	-1.52928E-10
4.90000E-2	1.00025E-1	-3.13785E-11
4.95000E-2	9.99918E-2	7.08478E-11
5.00000E-2	9.99807E-2	1.19468E-10
5.05000E-2	1.00008E-1	-2.76385E-11
5.10000E-2	9.99945E-2	1.50011E-10
5.15000E-2	1.00000E-1	5.90045E-11
5.20000E-2	9.99779E-2	3.28284E-10
5.25000E-2	1.00003E-1	7.77044E-11
5.30000E-2	9.99973E-2	3.49477E-10
5.35000E-2	9.99669E-2	3.48230E-10
5.40000E-2	1.00033E-1	3.81267E-10
5.45000E-2	9.99918E-2	1.02014E-10
5.50000E-2	1.00017E-1	5.62656E-10
5.55000E-2	9.99890E-2	2.72184E-10
5.60000E-2	1.00006E-1	3.28284E-10
5.65000E-2	9.99973E-2	2.81534E-10
5.70000E-2	1.00019E-1	2.79664E-10
5.75000E-2	9.99835E-2	3.77527E-10
5.80000E-2	9.99835E-2	3.39503E-10
5.85000E-2	1.00014E-1	2.57224E-10
5.90000E-2	9.99835E-2	2.47250E-10
5.95000E-2	1.00025E-1	2.60340E-10
6.00000E-2	1.00011E-1	1.15108E-9
6.05000E-2	1.00011E-1	3.49231E-9
6.10000E-2	1.00017E-1	2.94939E-9
6.15000E-2	1.00000E-1	2.67637E-9
6.20000E-2	1.00008E-1	2.25064E-9
6.25000E-2	1.00017E-1	2.09293E-9
6.30000E-2	1.00039E-1	1.90531E-9
6.35000E-2	1.00017E-1	1.98198E-9
6.40000E-2	9.99613E-2	1.63292E-9
6.45000E-2	9.99945E-2	1.49828E-9
6.50000E-2	1.00017E-1	1.41662E-9
6.55000E-2	1.00003E-1	1.37922E-9
6.60000E-2	1.00017E-1	1.20843E-9
6.65000E-2	1.00003E-1	1.40976E-9
6.70000E-2	9.99835E-2	1.16791E-9
6.75000E-2	9.99586E-2	1.15420E-9
6.80000E-2	1.00039E-1	9.26681E-10
6.85000E-2	9.99835E-2	1.04387E-9
6.90000E-2	1.00017E-1	7.50902E-10
6.95000E-2	1.00025E-1	1.10184E-9
7.00000E-2	9.99530E-2	7.74966E-9
7.05000E-2	1.00014E-1	6.67005E-9
7.10000E-2	1.00006E-1	5.14850E-9
7.15000E-2	1.00044E-1	4.01716E-9
7.20000E-2	9.99862E-2	3.51288E-9
7.25000E-2	1.00008E-1	2.90015E-9
7.30000E-2	1.00003E-1	2.69258E-9
7.35000E-2	9.99945E-2	2.22633E-9
7.40000E-2	1.00022E-1	2.28118E-9
7.45000E-2	9.99696E-2	1.84859E-9
7.50000E-2	1.00008E-1	1.80121E-9
7.55000E-2	1.00000E-1	1.64912E-9
7.60000E-2	9.99945E-2	1.29694E-9
7.65000E-2	1.00022E-1	1.68652E-9
7.70000E-2	1.00008E-1	1.26889E-9
7.75000E-2	1.00006E-1	1.20905E-9
7.80000E-2	1.00014E-1	1.18100E-9
7.85000E-2	1.00000E-1	1.10682E-9
7.90000E-2	9.99724E-2	1.17539E-9
7.95000E-2	9.99198E-2	1.98073E-9
8.00000E-2	9.99973E-2	1.03508E-8
8.05000E-2	1.00033E-1	6.25803E-9
8.10000E-2	1.00006E-1	4.97646E-9
8.15000E-2	1.00017E-1	3.90932E-9
8.20000E-2	1.00003E-1	3.15197E-9
8.25000E-2	1.00006E-1	2.95438E-9
8.30000E-2	1.00006E-1	2.40398E-9
8.35000E-2	1.00006E-1	2.18706E-9
8.40000E-2	9.99918E-2	2.02748E-9
8.45000E-2	1.00008E-1	1.80932E-9
8.50000E-2	9.99752E-2	1.97138E-9
8.55000E-2	1.00033E-1	1.43407E-9
8.60000E-2	9.99918E-2	1.49765E-9
8.65000E-2	9.99696E-2	1.25019E-9
8.70000E-2	1.00008E-1	1.27201E-9
8.75000E-2	1.00014E-1	1.26203E-9
8.80000E-2	9.99973E-2	1.13924E-9
8.85000E-2	1.00011E-1	8.63725E-10
8.90000E-2	9.99862E-2	1.23211E-9
8.95000E-2	9.99198E-2	6.33158E-9
9.00000E-2	1.00053E-1	8.08314E-9
9.05000E-2	1.00003E-1	5.54245E-9
9.10000E-2	1.00000E-1	4.39614E-9
9.15000E-2	1.00017E-1	3.47798E-9
9.20000E-2	9.99835E-2	3.21244E-9
9.25000E-2	9.99890E-2	2.63648E-9
9.30000E-2	9.99945E-2	2.27806E-9
9.35000E-2	1.00019E-1	2.01190E-9
9.40000E-2	1.00006E-1	2.09917E-9
9.45000E-2	1.00017E-1	1.63853E-9
9.50000E-2	9.99696E-2	1.52944E-9
9.55000E-2	1.00017E-1	1.45651E-9
9.60000E-2	1.00039E-1	1.33122E-9
9.65000E-2	1.00011E-1	1.44155E-9
9.70000E-2	9.99779E-2	1.10495E-9
9.75000E-2	1.00011E-1	1.09124E-9
9.80000E-2	1.00022E-1	1.05384E-9
9.85000E-2	9.99835E-2	1.12116E-9
9.90000E-2	1.00006E-1	1.11430E-9
9.95000E-2	9.99502E-2	9.03061E-9
