## Header ##
[General info]
User	Giorgos_Psaltakis
Device	Sample
Cell area (cm2)	1
Test	Memristor
Date	2024-03-03
Time	03:08:53
Note	

[Acquisition Settings]
Sampling time (s)	5.000E+0
Voltage Range (V)	6.000E+0
Current Range (A)	1.000E-6
Current Limit (A)	1.000E-6

[Waveform Settings]
V_HRS (V)	1.0000
V_LRS (V)	1.0000
V_READ (V)	1.0000
t_HRS (s)	1.0000
t_LRS (s)	1.0000
t_READ (s)	0.0500
d_HRS (s)	0.0000
d_LRS (s)	0.0000
d_READ (s)	0.0000
Cycles	10

## Data ##
Time (s)	Voltage (V)	Current (A)
0.00000E+0	9.71090E-1	7.51248E-8
5.00000E-3	9.99992E-1	5.63588E-9
1.00000E-2	9.99995E-1	4.73380E-9
1.50000E-2	1.00001E+0	4.23482E-9
2.00000E-2	9.99982E-1	3.93282E-9
2.50000E-2	1.00001E+0	3.72014E-9
3.00000E-2	1.00000E+0	3.68604E-9
3.50000E-2	1.00001E+0	3.53482E-9
4.00000E-2	9.99981E-1	3.54966E-9
4.50000E-2	1.00001E+0	3.27402E-9
5.00000E-2	1.00001E+0	3.47573E-9
5.50000E-2	9.99984E-1	3.32975E-9
6.00000E-2	1.00001E+0	3.20870E-9
6.50000E-2	1.00000E+0	3.28711E-9
7.00000E-2	9.99989E-1	3.23612E-9
7.50000E-2	9.99997E-1	3.11619E-9
8.00000E-2	1.00001E+0	3.05280E-9
8.50000E-2	1.00000E+0	3.11277E-9
9.00000E-2	1.00000E+0	3.11395E-9
9.50000E-2	9.99989E-1	3.18669E-9
1.00000E-1	1.00000E+0	2.85352E-9
1.05000E-1	9.99998E-1	3.05866E-9
1.10000E-1	1.00001E+0	2.95905E-9
1.15000E-1	9.99994E-1	3.10142E-9
1.20000E-1	1.00001E+0	2.84336E-9
1.25000E-1	9.99989E-1	3.04925E-9
1.30000E-1	1.00000E+0	2.89535E-9
1.35000E-1	1.00001E+0	2.73521E-9
1.40000E-1	9.99994E-1	2.97270E-9
1.45000E-1	1.00000E+0	2.99315E-9
1.50000E-1	9.99995E-1	2.85159E-9
1.55000E-1	1.00000E+0	2.75260E-9
1.60000E-1	1.00000E+0	2.88145E-9
1.65000E-1	9.99997E-1	2.86219E-9
1.70000E-1	1.00000E+0	2.80016E-9
1.75000E-1	1.00001E+0	2.67749E-9
1.80000E-1	1.00000E+0	2.87241E-9
1.85000E-1	9.99989E-1	2.78976E-9
1.90000E-1	1.00000E+0	2.82329E-9
1.95000E-1	1.00000E+0	2.76862E-9
2.00000E-1	1.00000E+0	2.59503E-9
2.05000E-1	1.00000E+0	2.87484E-9
2.10000E-1	9.99992E-1	2.61329E-9
2.15000E-1	9.99998E-1	2.88699E-9
2.20000E-1	1.00000E+0	2.59920E-9
2.25000E-1	9.99998E-1	2.62526E-9
2.30000E-1	9.99998E-1	2.83937E-9
2.35000E-1	9.99997E-1	2.70299E-9
2.40000E-1	1.00001E+0	2.64171E-9
2.45000E-1	9.99993E-1	2.67033E-9
2.50000E-1	9.99998E-1	2.56155E-9
2.55000E-1	1.00000E+0	2.72998E-9
2.60000E-1	9.99990E-1	2.72462E-9
2.65000E-1	1.00000E+0	2.50446E-9
2.70000E-1	9.99997E-1	2.78072E-9
2.75000E-1	9.99991E-1	2.48127E-9
2.80000E-1	1.00001E+0	2.72418E-9
2.85000E-1	1.00001E+0	2.55856E-9
2.90000E-1	9.99996E-1	2.60749E-9
2.95000E-1	9.99984E-1	2.53949E-9
3.00000E-1	1.00001E+0	2.61398E-9
3.05000E-1	1.00001E+0	2.50496E-9
3.10000E-1	1.00000E+0	2.52609E-9
3.15000E-1	9.99992E-1	2.61840E-9
3.20000E-1	9.99996E-1	2.65979E-9
3.25000E-1	1.00001E+0	2.64732E-9
3.30000E-1	1.00001E+0	2.42748E-9
3.35000E-1	1.00000E+0	2.56461E-9
3.40000E-1	9.99992E-1	2.69401E-9
3.45000E-1	9.99997E-1	2.54229E-9
3.50000E-1	1.00000E+0	2.49006E-9
3.55000E-1	1.00001E+0	2.45515E-9
3.60000E-1	1.00001E+0	2.53014E-9
3.65000E-1	1.00000E+0	2.60581E-9
3.70000E-1	1.00000E+0	2.48513E-9
3.75000E-1	9.99988E-1	2.46070E-9
3.80000E-1	9.99996E-1	2.64626E-9
3.85000E-1	1.00000E+0	2.55463E-9
3.90000E-1	1.00000E+0	2.48065E-9
3.95000E-1	9.99998E-1	2.45478E-9
4.00000E-1	1.00000E+0	2.46949E-9
4.05000E-1	1.00000E+0	2.46369E-9
4.10000E-1	9.99993E-1	2.45203E-9
4.15000E-1	9.99997E-1	2.58518E-9
4.20000E-1	1.00001E+0	2.46874E-9
4.25000E-1	9.99991E-1	2.56498E-9
4.30000E-1	9.99988E-1	2.43284E-9
4.35000E-1	1.00001E+0	2.40491E-9
4.40000E-1	1.00001E+0	2.53269E-9
4.45000E-1	9.99986E-1	2.45085E-9
4.50000E-1	9.99996E-1	2.48370E-9
4.55000E-1	1.00001E+0	2.47329E-9
4.60000E-1	9.99989E-1	2.36701E-9
4.65000E-1	1.00000E+0	2.44798E-9
4.70000E-1	1.00000E+0	2.45758E-9
4.75000E-1	9.99991E-1	2.38733E-9
4.80000E-1	1.00001E+0	2.52216E-9
4.85000E-1	9.99993E-1	2.41520E-9
4.90000E-1	1.00001E+0	2.52359E-9
4.95000E-1	1.00001E+0	2.39756E-9
5.00000E-1	9.99993E-1	2.40921E-9
5.05000E-1	1.00001E+0	2.48869E-9
5.10000E-1	9.99993E-1	2.43327E-9
5.15000E-1	1.00001E+0	2.44455E-9
5.20000E-1	9.99988E-1	2.47504E-9
5.25000E-1	1.00000E+0	2.45110E-9
5.30000E-1	1.00001E+0	2.39251E-9
5.35000E-1	9.99993E-1	2.50346E-9
5.40000E-1	9.99990E-1	2.30200E-9
5.45000E-1	9.99998E-1	2.47672E-9
5.50000E-1	1.00000E+0	2.22059E-9
5.55000E-1	9.99998E-1	2.54647E-9
5.60000E-1	1.00001E+0	2.42124E-9
5.65000E-1	9.99994E-1	2.41027E-9
5.70000E-1	9.99990E-1	2.36190E-9
5.75000E-1	1.00001E+0	2.47398E-9
5.80000E-1	9.99985E-1	2.41233E-9
5.85000E-1	1.00000E+0	2.35336E-9
5.90000E-1	1.00000E+0	2.42610E-9
5.95000E-1	1.00001E+0	2.33772E-9
6.00000E-1	9.99980E-1	2.38733E-9
6.05000E-1	1.00000E+0	2.33840E-9
6.10000E-1	1.00000E+0	2.48551E-9
6.15000E-1	1.00001E+0	2.43471E-9
6.20000E-1	9.99998E-1	2.42224E-9
6.25000E-1	1.00000E+0	2.18731E-9
6.30000E-1	9.99993E-1	2.45010E-9
6.35000E-1	1.00001E+0	2.51599E-9
6.40000E-1	9.99991E-1	2.41333E-9
6.45000E-1	9.99998E-1	2.39201E-9
6.50000E-1	1.00000E+0	2.24609E-9
6.55000E-1	1.00000E+0	2.35511E-9
6.60000E-1	1.00000E+0	2.52471E-9
6.65000E-1	9.99992E-1	2.43290E-9
6.70000E-1	1.00000E+0	2.26416E-9
6.75000E-1	9.99994E-1	2.40510E-9
6.80000E-1	1.00001E+0	2.26242E-9
6.85000E-1	9.99998E-1	2.39687E-9
6.90000E-1	1.00000E+0	2.52559E-9
6.95000E-1	9.99992E-1	2.38129E-9
7.00000E-1	9.99997E-1	2.31852E-9
7.05000E-1	9.99999E-1	2.41545E-9
7.10000E-1	9.99995E-1	2.29090E-9
7.15000E-1	9.99993E-1	2.24490E-9
7.20000E-1	1.00001E+0	2.39375E-9
7.25000E-1	9.99998E-1	2.30886E-9
7.30000E-1	1.00002E+0	2.46643E-9
7.35000E-1	9.99990E-1	2.32251E-9
7.40000E-1	1.00000E+0	2.41644E-9
7.45000E-1	1.00000E+0	2.29296E-9
7.50000E-1	1.00000E+0	2.46768E-9
7.55000E-1	9.99991E-1	2.31453E-9
7.60000E-1	1.00000E+0	2.32949E-9
7.65000E-1	1.00000E+0	2.22502E-9
7.70000E-1	1.00000E+0	2.40186E-9
7.75000E-1	9.99999E-1	2.40809E-9
7.80000E-1	9.99997E-1	2.40472E-9
7.85000E-1	9.99995E-1	2.38253E-9
7.90000E-1	1.00001E+0	2.33204E-9
7.95000E-1	9.99989E-1	2.32319E-9
8.00000E-1	1.00000E+0	2.34008E-9
8.05000E-1	9.99999E-1	2.40952E-9
8.10000E-1	9.99989E-1	2.31272E-9
8.15000E-1	9.99998E-1	2.27046E-9
8.20000E-1	1.00002E+0	2.43701E-9
8.25000E-1	9.99985E-1	2.40130E-9
8.30000E-1	1.00000E+0	2.20445E-9
8.35000E-1	9.99995E-1	2.37786E-9
8.40000E-1	1.00001E+0	2.25681E-9
8.45000E-1	1.00001E+0	2.50215E-9
8.50000E-1	9.99992E-1	2.22975E-9
8.55000E-1	1.00000E+0	2.33803E-9
8.60000E-1	9.99994E-1	2.53057E-9
8.65000E-1	1.00001E+0	2.32070E-9
8.70000E-1	9.99994E-1	2.30867E-9
8.75000E-1	1.00000E+0	2.34806E-9
8.80000E-1	9.99995E-1	2.39394E-9
8.85000E-1	9.99992E-1	2.33123E-9
8.90000E-1	1.00000E+0	2.43776E-9
8.95000E-1	1.00001E+0	2.22626E-9
9.00000E-1	9.99999E-1	2.42180E-9
9.05000E-1	1.00000E+0	2.36595E-9
9.10000E-1	9.99996E-1	2.21885E-9
9.15000E-1	9.99997E-1	2.37910E-9
9.20000E-1	9.99999E-1	2.41943E-9
9.25000E-1	1.00000E+0	2.24060E-9
9.30000E-1	9.99996E-1	2.42810E-9
9.35000E-1	1.00001E+0	2.38309E-9
9.40000E-1	1.00000E+0	2.27513E-9
9.45000E-1	9.99992E-1	2.37212E-9
9.50000E-1	1.00000E+0	2.31883E-9
9.55000E-1	1.00000E+0	2.37667E-9
9.60000E-1	1.00000E+0	2.25706E-9
9.65000E-1	9.99992E-1	2.36620E-9
9.70000E-1	1.00000E+0	2.48725E-9
9.75000E-1	1.00001E+0	2.30886E-9
9.80000E-1	9.99991E-1	2.44212E-9
9.85000E-1	9.99998E-1	2.21723E-9
9.90000E-1	9.99999E-1	2.27950E-9
9.95000E-1	9.99998E-1	2.37312E-9
1.00000E+0	1.00001E+0	2.43770E-9
1.00500E+0	9.99993E-1	2.22408E-9
1.01000E+0	1.00001E+0	2.49797E-9
1.01500E+0	9.99992E-1	2.27463E-9
1.02000E+0	9.99998E-1	2.47946E-9
1.02500E+0	9.99995E-1	2.27900E-9
1.03000E+0	1.00001E+0	2.27170E-9
1.03500E+0	1.00001E+0	2.40759E-9
1.04000E+0	9.99984E-1	2.43645E-9
1.04500E+0	1.00000E+0	2.26859E-9
1.05000E+0	9.99995E-1	2.27975E-9
1.05500E+0	1.00001E+0	2.45179E-9
1.06000E+0	9.99993E-1	2.45160E-9
1.06500E+0	9.99999E-1	2.32818E-9
1.07000E+0	1.00000E+0	2.35099E-9
1.07500E+0	9.99997E-1	2.32244E-9
1.08000E+0	9.99991E-1	2.27289E-9
1.08500E+0	1.00002E+0	2.32756E-9
1.09000E+0	9.99990E-1	2.40772E-9
1.09500E+0	1.00000E+0	2.25537E-9
1.10000E+0	1.00000E+0	2.45945E-9
1.10500E+0	9.99989E-1	2.40479E-9
1.11000E+0	9.99993E-1	2.39618E-9
1.11500E+0	9.99995E-1	2.29857E-9
1.12000E+0	1.00000E+0	2.30493E-9
1.12500E+0	1.00000E+0	2.26373E-9
1.13000E+0	1.00001E+0	2.44505E-9
1.13500E+0	1.00000E+0	2.31958E-9
1.14000E+0	9.99993E-1	2.48270E-9
1.14500E+0	9.99997E-1	2.25020E-9
1.15000E+0	1.00001E+0	2.34862E-9
1.15500E+0	1.00001E+0	2.41439E-9
1.16000E+0	9.99983E-1	2.35561E-9
1.16500E+0	1.00000E+0	2.42099E-9
1.17000E+0	9.99999E-1	2.24895E-9
1.17500E+0	1.00000E+0	2.42130E-9
1.18000E+0	1.00000E+0	2.25456E-9
1.18500E+0	9.99994E-1	2.45845E-9
1.19000E+0	1.00001E+0	2.38553E-9
1.19500E+0	9.99991E-1	2.37574E-9
1.20000E+0	1.00000E+0	2.21479E-9
1.20500E+0	1.00000E+0	2.31496E-9
1.21000E+0	1.00000E+0	2.36614E-9
1.21500E+0	1.00000E+0	2.39188E-9
1.22000E+0	1.00000E+0	2.42623E-9
1.22500E+0	9.99994E-1	2.42037E-9
1.23000E+0	9.99996E-1	2.31422E-9
1.23500E+0	1.00001E+0	2.26697E-9
1.24000E+0	1.00000E+0	2.31023E-9
1.24500E+0	9.99995E-1	2.61267E-9
1.25000E+0	1.00001E+0	2.23680E-9
1.25500E+0	9.99980E-1	2.41276E-9
1.26000E+0	1.00002E+0	2.19466E-9
1.26500E+0	9.99993E-1	2.44025E-9
1.27000E+0	9.99999E-1	2.50602E-9
1.27500E+0	9.99990E-1	2.24553E-9
1.28000E+0	1.00001E+0	2.32849E-9
1.28500E+0	9.99982E-1	2.42548E-9
1.29000E+0	1.00001E+0	2.44886E-9
1.29500E+0	9.99992E-1	2.35610E-9
1.30000E+0	1.00002E+0	2.27495E-9
1.30500E+0	9.99987E-1	2.32581E-9
1.31000E+0	1.00001E+0	2.35031E-9
1.31500E+0	9.99997E-1	2.31746E-9
1.32000E+0	1.00001E+0	2.49417E-9
1.32500E+0	9.99997E-1	2.30829E-9
1.33000E+0	9.99990E-1	2.44605E-9
1.33500E+0	1.00001E+0	2.34351E-9
1.34000E+0	9.99995E-1	2.24048E-9
1.34500E+0	1.00001E+0	2.53500E-9
1.35000E+0	9.99996E-1	2.46980E-9
1.35500E+0	9.99991E-1	2.22969E-9
1.36000E+0	1.00002E+0	2.46986E-9
1.36500E+0	9.99985E-1	2.38041E-9
1.37000E+0	1.00002E+0	2.32332E-9
1.37500E+0	9.99995E-1	2.40821E-9
1.38000E+0	9.99999E-1	2.31665E-9
1.38500E+0	9.99998E-1	2.53949E-9
1.39000E+0	9.99998E-1	2.20127E-9
1.39500E+0	1.00000E+0	2.41937E-9
1.40000E+0	9.99989E-1	2.52347E-9
1.40500E+0	1.00001E+0	2.32138E-9
1.41000E+0	9.99996E-1	2.33323E-9
1.41500E+0	1.00000E+0	2.39282E-9
1.42000E+0	1.00000E+0	2.46051E-9
1.42500E+0	9.99996E-1	2.38459E-9
1.43000E+0	1.00001E+0	2.29720E-9
1.43500E+0	9.99987E-1	2.38303E-9
1.44000E+0	1.00000E+0	2.28567E-9
1.44500E+0	9.99996E-1	2.57103E-9
1.45000E+0	1.00001E+0	2.16636E-9
1.45500E+0	1.00000E+0	2.51910E-9
1.46000E+0	9.99988E-1	2.33254E-9
1.46500E+0	1.00001E+0	2.44256E-9
1.47000E+0	9.99986E-1	2.37886E-9
1.47500E+0	9.99996E-1	2.31110E-9
1.48000E+0	1.00000E+0	2.46675E-9
1.48500E+0	1.00001E+0	2.28342E-9
1.49000E+0	9.99998E-1	2.30711E-9
1.49500E+0	9.99999E-1	2.60668E-9
1.50000E+0	1.00000E+0	2.22876E-9
1.50500E+0	9.99998E-1	2.35536E-9
1.51000E+0	9.99999E-1	2.48276E-9
1.51500E+0	9.99996E-1	2.31041E-9
1.52000E+0	1.00001E+0	2.43670E-9
1.52500E+0	9.99994E-1	2.49049E-9
1.53000E+0	9.99998E-1	2.36458E-9
1.53500E+0	1.00000E+0	2.42891E-9
1.54000E+0	1.00000E+0	2.25238E-9
1.54500E+0	9.99990E-1	2.49704E-9
1.55000E+0	9.99998E-1	2.43196E-9
1.55500E+0	1.00001E+0	2.27457E-9
1.56000E+0	9.99993E-1	2.48632E-9
1.56500E+0	1.00002E+0	2.35255E-9
1.57000E+0	9.99985E-1	2.50639E-9
1.57500E+0	9.99997E-1	2.28635E-9
1.58000E+0	1.00000E+0	2.30187E-9
1.58500E+0	1.00000E+0	2.43502E-9
1.59000E+0	9.99990E-1	2.39219E-9
1.59500E+0	1.00001E+0	2.33410E-9
1.60000E+0	1.00000E+0	2.41457E-9
1.60500E+0	9.99999E-1	2.53886E-9
1.61000E+0	1.00000E+0	2.22533E-9
1.61500E+0	9.99998E-1	2.51038E-9
1.62000E+0	9.99995E-1	2.45228E-9
1.62500E+0	1.00001E+0	2.24278E-9
1.63000E+0	9.99983E-1	2.54803E-9
1.63500E+0	9.99994E-1	2.33578E-9
1.64000E+0	1.00001E+0	2.32868E-9
1.64500E+0	1.00000E+0	2.38453E-9
1.65000E+0	1.00000E+0	2.36040E-9
1.65500E+0	1.00000E+0	2.52764E-9
1.66000E+0	9.99996E-1	2.43870E-9
1.66500E+0	1.00001E+0	2.24372E-9
1.67000E+0	1.00000E+0	2.54628E-9
1.67500E+0	1.00001E+0	2.33067E-9
1.68000E+0	9.99978E-1	2.42423E-9
1.68500E+0	1.00001E+0	2.33747E-9
1.69000E+0	1.00001E+0	2.43477E-9
1.69500E+0	9.99993E-1	2.35760E-9
1.70000E+0	1.00000E+0	2.40491E-9
1.70500E+0	9.99991E-1	2.43838E-9
1.71000E+0	1.00002E+0	2.49660E-9
1.71500E+0	1.00000E+0	2.29975E-9
1.72000E+0	9.99983E-1	2.51462E-9
1.72500E+0	1.00000E+0	2.35598E-9
1.73000E+0	9.99997E-1	2.44642E-9
1.73500E+0	1.00001E+0	2.48482E-9
1.74000E+0	9.99997E-1	2.33323E-9
1.74500E+0	9.99998E-1	2.44798E-9
1.75000E+0	1.00000E+0	2.28922E-9
1.75500E+0	9.99991E-1	2.41663E-9
1.76000E+0	9.99999E-1	2.51873E-9
1.76500E+0	1.00000E+0	2.33678E-9
1.77000E+0	1.00000E+0	2.42187E-9
1.77500E+0	9.99998E-1	2.43346E-9
1.78000E+0	1.00001E+0	2.40977E-9
1.78500E+0	1.00000E+0	2.43919E-9
1.79000E+0	1.00001E+0	2.33622E-9
1.79500E+0	9.99998E-1	2.54472E-9
1.80000E+0	9.99989E-1	2.26659E-9
1.80500E+0	1.00002E+0	2.41033E-9
1.81000E+0	9.99988E-1	2.40435E-9
1.81500E+0	1.00001E+0	2.50153E-9
1.82000E+0	9.99987E-1	2.44044E-9
1.82500E+0	1.00000E+0	2.26834E-9
1.83000E+0	1.00001E+0	2.42118E-9
1.83500E+0	9.99998E-1	2.48632E-9
1.84000E+0	1.00000E+0	2.38858E-9
1.84500E+0	9.99997E-1	2.43221E-9
1.85000E+0	1.00000E+0	2.35000E-9
1.85500E+0	1.00001E+0	2.48376E-9
1.86000E+0	9.99994E-1	2.47341E-9
1.86500E+0	1.00000E+0	2.26871E-9
1.87000E+0	9.99998E-1	2.41021E-9
1.87500E+0	1.00001E+0	2.46132E-9
1.88000E+0	9.99993E-1	2.60606E-9
1.88500E+0	1.00000E+0	2.25026E-9
1.89000E+0	9.99998E-1	2.44686E-9
1.89500E+0	1.00002E+0	2.46967E-9
1.90000E+0	9.99992E-1	2.53537E-9
1.90500E+0	1.00001E+0	2.31883E-9
1.91000E+0	9.99988E-1	2.40990E-9
1.91500E+0	1.00000E+0	2.53057E-9
1.92000E+0	1.00001E+0	2.41943E-9
1.92500E+0	9.99992E-1	2.42953E-9
1.93000E+0	1.00000E+0	2.48613E-9
1.93500E+0	9.99990E-1	2.34276E-9
1.94000E+0	1.00000E+0	2.38203E-9
1.94500E+0	9.99998E-1	2.58325E-9
1.95000E+0	9.99994E-1	2.38372E-9
1.95500E+0	1.00000E+0	2.29047E-9
1.96000E+0	1.00000E+0	2.49623E-9
1.96500E+0	1.00000E+0	2.38122E-9
1.97000E+0	9.99997E-1	2.48638E-9
1.97500E+0	1.00000E+0	2.44805E-9
1.98000E+0	1.00001E+0	2.36333E-9
1.98500E+0	9.99989E-1	2.47547E-9
1.99000E+0	9.99998E-1	2.36252E-9
1.99500E+0	1.00001E+0	2.57739E-9
2.00000E+0	1.00000E+0	2.25207E-9
2.00500E+0	1.00000E+0	2.43932E-9
2.01000E+0	1.00000E+0	2.42473E-9
2.01500E+0	1.00000E+0	2.42124E-9
2.02000E+0	9.99993E-1	2.56779E-9
2.02500E+0	1.00000E+0	2.27289E-9
2.03000E+0	9.99995E-1	2.50196E-9
2.03500E+0	1.00001E+0	2.53382E-9
2.04000E+0	9.99996E-1	2.43072E-9
2.04500E+0	9.99987E-1	2.46675E-9
2.05000E+0	1.00001E+0	2.23094E-9
2.05500E+0	9.99997E-1	2.53812E-9
2.06000E+0	1.00001E+0	2.42779E-9
2.06500E+0	9.99988E-1	2.43122E-9
2.07000E+0	1.00000E+0	2.37244E-9
2.07500E+0	1.00000E+0	2.66029E-9
2.08000E+0	9.99992E-1	2.33666E-9
2.08500E+0	9.99998E-1	2.50259E-9
2.09000E+0	1.00001E+0	2.26504E-9
2.09500E+0	1.00001E+0	2.60138E-9
2.10000E+0	9.99996E-1	2.42573E-9
2.10500E+0	9.99997E-1	2.51019E-9
2.11000E+0	1.00002E+0	2.33273E-9
2.11500E+0	9.99992E-1	2.36851E-9
2.12000E+0	9.99997E-1	2.63243E-9
2.12500E+0	9.99999E-1	2.27463E-9
2.13000E+0	9.99995E-1	2.58418E-9
2.13500E+0	9.99993E-1	2.47821E-9
2.14000E+0	9.99998E-1	2.44667E-9
2.14500E+0	1.00001E+0	2.37904E-9
2.15000E+0	9.99997E-1	2.49635E-9
2.15500E+0	9.99997E-1	2.34158E-9
2.16000E+0	1.00000E+0	2.48551E-9
2.16500E+0	9.99989E-1	2.36926E-9
2.17000E+0	1.00001E+0	2.34707E-9
2.17500E+0	1.00000E+0	2.52085E-9
2.18000E+0	9.99995E-1	2.49660E-9
2.18500E+0	1.00000E+0	2.39650E-9
2.19000E+0	9.99999E-1	2.33809E-9
2.19500E+0	1.00001E+0	2.49411E-9
2.20000E+0	1.00000E+0	2.54709E-9
2.20500E+0	9.99986E-1	2.39425E-9
2.21000E+0	1.00001E+0	2.43851E-9
2.21500E+0	9.99996E-1	2.50358E-9
2.22000E+0	1.00000E+0	2.22221E-9
2.22500E+0	9.99999E-1	2.57764E-9
2.23000E+0	1.00001E+0	2.40765E-9
2.23500E+0	9.99981E-1	2.50620E-9
2.24000E+0	1.00002E+0	2.43227E-9
2.24500E+0	9.99987E-1	2.41345E-9
2.25000E+0	1.00001E+0	2.42866E-9
2.25500E+0	1.00000E+0	2.40678E-9
2.26000E+0	1.00001E+0	2.55146E-9
2.26500E+0	1.00001E+0	2.40030E-9
2.27000E+0	9.99987E-1	2.50645E-9
2.27500E+0	9.99997E-1	2.47061E-9
2.28000E+0	1.00000E+0	2.28666E-9
2.28500E+0	9.99993E-1	2.51574E-9
2.29000E+0	1.00001E+0	2.53126E-9
2.29500E+0	9.99999E-1	2.48532E-9
2.30000E+0	9.99992E-1	2.44954E-9
2.30500E+0	9.99999E-1	2.36333E-9
2.31000E+0	9.99997E-1	2.38546E-9
2.31500E+0	1.00001E+0	2.49735E-9
2.32000E+0	1.00000E+0	2.43047E-9
2.32500E+0	9.99985E-1	2.51574E-9
2.33000E+0	1.00001E+0	2.51530E-9
2.33500E+0	9.99996E-1	2.36508E-9
2.34000E+0	1.00001E+0	2.37904E-9
2.34500E+0	9.99988E-1	2.51455E-9
2.35000E+0	1.00001E+0	2.43340E-9
2.35500E+0	9.99999E-1	2.47005E-9
2.36000E+0	1.00001E+0	2.31222E-9
2.36500E+0	9.99990E-1	2.65275E-9
2.37000E+0	1.00001E+0	2.22309E-9
2.37500E+0	9.99989E-1	2.57178E-9
2.38000E+0	1.00000E+0	2.48158E-9
2.38500E+0	1.00001E+0	2.36383E-9
2.39000E+0	9.99989E-1	2.54491E-9
2.39500E+0	1.00000E+0	2.41370E-9
2.40000E+0	1.00001E+0	2.36720E-9
2.40500E+0	9.99992E-1	2.53475E-9
2.41000E+0	1.00001E+0	2.47884E-9
2.41500E+0	1.00000E+0	2.41632E-9
2.42000E+0	9.99989E-1	2.45260E-9
2.42500E+0	1.00000E+0	2.37050E-9
2.43000E+0	1.00001E+0	2.45652E-9
2.43500E+0	1.00000E+0	2.55295E-9
2.44000E+0	9.99993E-1	2.54653E-9
2.44500E+0	9.99999E-1	2.29589E-9
2.45000E+0	9.99991E-1	2.45247E-9
2.45500E+0	1.00001E+0	2.55837E-9
2.46000E+0	1.00001E+0	2.37599E-9
2.46500E+0	9.99986E-1	2.63635E-9
2.47000E+0	1.00001E+0	2.31852E-9
2.47500E+0	9.99999E-1	2.53382E-9
2.48000E+0	9.99996E-1	2.48451E-9
2.48500E+0	9.99988E-1	2.50988E-9
2.49000E+0	1.00001E+0	2.32294E-9
2.49500E+0	9.99994E-1	2.60656E-9
2.50000E+0	1.00001E+0	2.35311E-9
2.50500E+0	9.99988E-1	2.56168E-9
2.51000E+0	1.00001E+0	2.31309E-9
2.51500E+0	1.00000E+0	2.57097E-9
2.52000E+0	9.99990E-1	2.49935E-9
2.52500E+0	1.00001E+0	2.28741E-9
2.53000E+0	9.99994E-1	2.42143E-9
2.53500E+0	9.99998E-1	2.57795E-9
2.54000E+0	9.99996E-1	2.40179E-9
2.54500E+0	1.00001E+0	2.61585E-9
2.55000E+0	1.00001E+0	2.36732E-9
2.55500E+0	9.99988E-1	2.39762E-9
2.56000E+0	1.00001E+0	2.62632E-9
2.56500E+0	1.00001E+0	2.30555E-9
2.57000E+0	1.00000E+0	2.58823E-9
2.57500E+0	9.99996E-1	2.48800E-9
2.58000E+0	9.99997E-1	2.50888E-9
2.58500E+0	9.99994E-1	2.45459E-9
2.59000E+0	9.99997E-1	2.26815E-9
2.59500E+0	1.00001E+0	2.59347E-9
2.60000E+0	9.99998E-1	2.32799E-9
2.60500E+0	9.99992E-1	2.60213E-9
2.61000E+0	1.00000E+0	2.47678E-9
2.61500E+0	1.00001E+0	2.41813E-9
2.62000E+0	9.99993E-1	2.54279E-9
2.62500E+0	9.99996E-1	2.32762E-9
2.63000E+0	1.00000E+0	2.55301E-9
2.63500E+0	1.00000E+0	2.43047E-9
2.64000E+0	1.00000E+0	2.52796E-9
2.64500E+0	9.99997E-1	2.44119E-9
2.65000E+0	9.99998E-1	2.42268E-9
2.65500E+0	1.00001E+0	2.52116E-9
2.66000E+0	9.99992E-1	2.43726E-9
2.66500E+0	9.99997E-1	2.49193E-9
2.67000E+0	1.00000E+0	2.28180E-9
2.67500E+0	1.00000E+0	2.52247E-9
2.68000E+0	1.00001E+0	2.39325E-9
2.68500E+0	9.99995E-1	2.48108E-9
2.69000E+0	1.00001E+0	2.46780E-9
2.69500E+0	9.99990E-1	2.61030E-9
2.70000E+0	9.99997E-1	2.39020E-9
2.70500E+0	9.99994E-1	2.49162E-9
2.71000E+0	9.99995E-1	2.47479E-9
2.71500E+0	1.00001E+0	2.46600E-9
2.72000E+0	9.99997E-1	2.24540E-9
2.72500E+0	1.00001E+0	2.46456E-9
2.73000E+0	1.00000E+0	2.51823E-9
2.73500E+0	1.00000E+0	2.44742E-9
2.74000E+0	1.00000E+0	2.62401E-9
2.74500E+0	9.99994E-1	2.44181E-9
2.75000E+0	1.00001E+0	2.39032E-9
2.75500E+0	9.99992E-1	2.43034E-9
2.76000E+0	9.99992E-1	2.56106E-9
2.76500E+0	1.00001E+0	2.39893E-9
2.77000E+0	9.99990E-1	2.45671E-9
2.77500E+0	1.00000E+0	2.50801E-9
2.78000E+0	1.00001E+0	2.44406E-9
2.78500E+0	1.00000E+0	2.52079E-9
2.79000E+0	9.99993E-1	2.40634E-9
2.79500E+0	1.00001E+0	2.32600E-9
2.80000E+0	9.99990E-1	2.63274E-9
2.80500E+0	9.99999E-1	2.32444E-9
2.81000E+0	1.00002E+0	2.51836E-9
2.81500E+0	9.99984E-1	2.43545E-9
2.82000E+0	1.00001E+0	2.35760E-9
2.82500E+0	1.00000E+0	2.48694E-9
2.83000E+0	1.00000E+0	2.45054E-9
2.83500E+0	9.99989E-1	2.69002E-9
2.84000E+0	1.00000E+0	2.41869E-9
2.84500E+0	9.99998E-1	2.42679E-9
2.85000E+0	9.99997E-1	2.47055E-9
2.85500E+0	1.00001E+0	2.38920E-9
2.86000E+0	1.00000E+0	2.51792E-9
2.86500E+0	1.00000E+0	2.37368E-9
2.87000E+0	1.00000E+0	2.42660E-9
2.87500E+0	9.99996E-1	2.48189E-9
2.88000E+0	1.00001E+0	2.50090E-9
2.88500E+0	1.00001E+0	2.49380E-9
2.89000E+0	9.99985E-1	2.42211E-9
2.89500E+0	1.00002E+0	2.50128E-9
2.90000E+0	1.00000E+0	2.39936E-9
2.90500E+0	9.99995E-1	2.48981E-9
2.91000E+0	1.00001E+0	2.63978E-9
2.91500E+0	9.99986E-1	2.35797E-9
2.92000E+0	1.00001E+0	2.39107E-9
2.92500E+0	9.99992E-1	2.61179E-9
2.93000E+0	1.00001E+0	2.37960E-9
2.93500E+0	1.00001E+0	2.48632E-9
2.94000E+0	9.99992E-1	2.37150E-9
2.94500E+0	1.00000E+0	2.58599E-9
2.95000E+0	9.99997E-1	2.49349E-9
2.95500E+0	1.00001E+0	2.39862E-9
2.96000E+0	9.99988E-1	2.55682E-9
2.96500E+0	1.00001E+0	2.36234E-9
2.97000E+0	1.00000E+0	2.48158E-9
2.97500E+0	9.99995E-1	2.38496E-9
2.98000E+0	9.99996E-1	2.54497E-9
2.98500E+0	9.99996E-1	2.42417E-9
2.99000E+0	1.00001E+0	2.56324E-9
2.99500E+0	1.00000E+0	2.32282E-9
3.00000E+0	1.00000E+0	2.49155E-9
3.00500E+0	1.00000E+0	2.53905E-9
3.01000E+0	1.00001E+0	2.41775E-9
3.01500E+0	9.99990E-1	2.45029E-9
3.02000E+0	1.00001E+0	2.46762E-9
3.02500E+0	1.00001E+0	2.38066E-9
3.03000E+0	9.99998E-1	2.51805E-9
3.03500E+0	1.00001E+0	2.41781E-9
3.04000E+0	9.99988E-1	2.65742E-9
3.04500E+0	1.00000E+0	2.44013E-9
3.05000E+0	9.99992E-1	2.37418E-9
3.05500E+0	1.00001E+0	2.51948E-9
3.06000E+0	1.00000E+0	2.48663E-9
3.06500E+0	9.99998E-1	2.40697E-9
3.07000E+0	9.99995E-1	2.48326E-9
3.07500E+0	1.00001E+0	2.36227E-9
3.08000E+0	9.99988E-1	2.50739E-9
3.08500E+0	1.00001E+0	2.40510E-9
3.09000E+0	1.00001E+0	2.46643E-9
3.09500E+0	9.99986E-1	2.53232E-9
3.10000E+0	1.00000E+0	2.42642E-9
3.10500E+0	9.99986E-1	2.52503E-9
3.11000E+0	1.00001E+0	2.41956E-9
3.11500E+0	1.00001E+0	2.37281E-9
3.12000E+0	1.00000E+0	2.56660E-9
3.12500E+0	9.99993E-1	2.46089E-9
3.13000E+0	1.00000E+0	2.44867E-9
3.13500E+0	9.99993E-1	2.44518E-9
3.14000E+0	1.00000E+0	2.52129E-9
3.14500E+0	1.00000E+0	2.43471E-9
3.15000E+0	9.99998E-1	2.42336E-9
3.15500E+0	9.99987E-1	2.50047E-9
3.16000E+0	1.00001E+0	2.39967E-9
3.16500E+0	9.99996E-1	2.45341E-9
3.17000E+0	9.99997E-1	2.54896E-9
3.17500E+0	1.00000E+0	2.49211E-9
3.18000E+0	9.99998E-1	2.47940E-9
3.18500E+0	1.00000E+0	2.42853E-9
3.19000E+0	9.99994E-1	2.41164E-9
3.19500E+0	9.99998E-1	2.52154E-9
3.20000E+0	1.00001E+0	2.47317E-9
3.20500E+0	9.99994E-1	2.43807E-9
3.21000E+0	1.00000E+0	2.42860E-9
3.21500E+0	9.99994E-1	2.37206E-9
3.22000E+0	9.99992E-1	2.56118E-9
3.22500E+0	1.00001E+0	2.34825E-9
3.23000E+0	9.99992E-1	2.45783E-9
3.23500E+0	1.00000E+0	2.52453E-9
3.24000E+0	1.00001E+0	2.38827E-9
3.24500E+0	9.99993E-1	2.47921E-9
3.25000E+0	9.99997E-1	2.52914E-9
3.25500E+0	9.99999E-1	2.32537E-9
3.26000E+0	1.00001E+0	2.50109E-9
3.26500E+0	9.99993E-1	2.59453E-9
3.27000E+0	1.00000E+0	2.45808E-9
3.27500E+0	9.99995E-1	2.47890E-9
3.28000E+0	1.00001E+0	2.33884E-9
3.28500E+0	9.99990E-1	2.47597E-9
3.29000E+0	1.00001E+0	2.49467E-9
3.29500E+0	9.99990E-1	2.49143E-9
3.30000E+0	9.99993E-1	2.35461E-9
3.30500E+0	1.00001E+0	2.43601E-9
3.31000E+0	1.00000E+0	2.33809E-9
3.31500E+0	9.99999E-1	2.56461E-9
3.32000E+0	9.99995E-1	2.48052E-9
3.32500E+0	1.00001E+0	2.51667E-9
3.33000E+0	9.99993E-1	2.37418E-9
3.33500E+0	9.99998E-1	2.52945E-9
3.34000E+0	1.00001E+0	2.49199E-9
3.34500E+0	9.99995E-1	2.45440E-9
3.35000E+0	1.00001E+0	2.37992E-9
3.35500E+0	9.99992E-1	2.53706E-9
3.36000E+0	9.99998E-1	2.50508E-9
3.36500E+0	1.00000E+0	2.31066E-9
3.37000E+0	9.99993E-1	2.53481E-9
3.37500E+0	1.00000E+0	2.52951E-9
3.38000E+0	1.00000E+0	2.29732E-9
3.38500E+0	9.99995E-1	2.59328E-9
3.39000E+0	1.00000E+0	2.38652E-9
3.39500E+0	1.00000E+0	2.34638E-9
3.40000E+0	1.00001E+0	2.49330E-9
3.40500E+0	9.99987E-1	2.65929E-9
3.41000E+0	1.00000E+0	2.43714E-9
3.41500E+0	1.00001E+0	2.40373E-9
3.42000E+0	9.99985E-1	2.33042E-9
3.42500E+0	1.00001E+0	2.49891E-9
3.43000E+0	9.99995E-1	2.56162E-9
3.43500E+0	1.00001E+0	2.45253E-9
3.44000E+0	9.99991E-1	2.43963E-9
3.44500E+0	1.00000E+0	2.29146E-9
3.45000E+0	1.00000E+0	2.62707E-9
3.45500E+0	9.99996E-1	2.49511E-9
3.46000E+0	1.00000E+0	2.40441E-9
3.46500E+0	1.00000E+0	2.42629E-9
3.47000E+0	9.99981E-1	2.52297E-9
3.47500E+0	1.00001E+0	2.29146E-9
3.48000E+0	9.99999E-1	2.68678E-9
3.48500E+0	9.99993E-1	2.39924E-9
3.49000E+0	1.00001E+0	2.42193E-9
3.49500E+0	9.99987E-1	2.46188E-9
3.50000E+0	1.00001E+0	2.44780E-9
3.50500E+0	9.99994E-1	2.44543E-9
3.51000E+0	9.99998E-1	2.35542E-9
3.51500E+0	1.00000E+0	2.57290E-9
3.52000E+0	1.00001E+0	2.31964E-9
3.52500E+0	9.99994E-1	2.50196E-9
3.53000E+0	1.00001E+0	2.40447E-9
3.53500E+0	9.99987E-1	2.46886E-9
3.54000E+0	1.00002E+0	2.42218E-9
3.54500E+0	9.99985E-1	2.60481E-9
3.55000E+0	1.00001E+0	2.42748E-9
3.55500E+0	9.99991E-1	2.47067E-9
3.56000E+0	9.99990E-1	2.41981E-9
3.56500E+0	1.00001E+0	2.31073E-9
3.57000E+0	1.00000E+0	2.57246E-9
3.57500E+0	1.00000E+0	2.38802E-9
3.58000E+0	9.99999E-1	2.52353E-9
3.58500E+0	1.00000E+0	2.32438E-9
3.59000E+0	9.99998E-1	2.63099E-9
3.59500E+0	9.99999E-1	2.33821E-9
3.60000E+0	1.00001E+0	2.36065E-9
3.60500E+0	9.99987E-1	2.61323E-9
3.61000E+0	1.00001E+0	2.43670E-9
3.61500E+0	9.99999E-1	2.38590E-9
3.62000E+0	9.99998E-1	2.54971E-9
3.62500E+0	1.00000E+0	2.37655E-9
3.63000E+0	1.00000E+0	2.48252E-9
3.63500E+0	1.00000E+0	2.42716E-9
3.64000E+0	1.00000E+0	2.48258E-9
3.64500E+0	1.00000E+0	2.47111E-9
3.65000E+0	9.99989E-1	2.52023E-9
3.65500E+0	1.00001E+0	2.35897E-9
3.66000E+0	9.99987E-1	2.57196E-9
3.66500E+0	1.00000E+0	2.39837E-9
3.67000E+0	1.00001E+0	2.40666E-9
3.67500E+0	9.99992E-1	2.42822E-9
3.68000E+0	1.00002E+0	2.47410E-9
3.68500E+0	9.99994E-1	2.51586E-9
3.69000E+0	9.99993E-1	2.39494E-9
3.69500E+0	1.00000E+0	2.51555E-9
3.70000E+0	1.00000E+0	2.32643E-9
3.70500E+0	1.00001E+0	2.40098E-9
3.71000E+0	1.00000E+0	2.53064E-9
3.71500E+0	9.99998E-1	2.42467E-9
3.72000E+0	1.00000E+0	2.37854E-9
3.72500E+0	1.00002E+0	2.48171E-9
3.73000E+0	9.99994E-1	2.50676E-9
3.73500E+0	9.99993E-1	2.37125E-9
3.74000E+0	1.00002E+0	2.49953E-9
3.74500E+0	9.99985E-1	2.55158E-9
3.75000E+0	1.00001E+0	2.42542E-9
3.75500E+0	9.99985E-1	2.54641E-9
3.76000E+0	9.99998E-1	2.22122E-9
3.76500E+0	1.00002E+0	2.45733E-9
3.77000E+0	1.00000E+0	2.49910E-9
3.77500E+0	9.99987E-1	2.47398E-9
3.78000E+0	1.00000E+0	2.45559E-9
3.78500E+0	9.99995E-1	2.44910E-9
3.79000E+0	1.00001E+0	2.45584E-9
3.79500E+0	1.00001E+0	2.41114E-9
3.80000E+0	9.99997E-1	2.35436E-9
3.80500E+0	1.00001E+0	2.54834E-9
3.81000E+0	9.99992E-1	2.53325E-9
3.81500E+0	9.99998E-1	2.46082E-9
3.82000E+0	1.00000E+0	2.36676E-9
3.82500E+0	9.99996E-1	2.55688E-9
3.83000E+0	9.99984E-1	2.38596E-9
3.83500E+0	1.00001E+0	2.49374E-9
3.84000E+0	1.00000E+0	2.37680E-9
3.84500E+0	9.99999E-1	2.51886E-9
3.85000E+0	9.99997E-1	2.41869E-9
3.85500E+0	1.00000E+0	2.39556E-9
3.86000E+0	1.00002E+0	2.42504E-9
3.86500E+0	9.99991E-1	2.56885E-9
3.87000E+0	1.00000E+0	2.22963E-9
3.87500E+0	9.99999E-1	2.63984E-9
3.88000E+0	9.99998E-1	2.48675E-9
3.88500E+0	1.00001E+0	2.18363E-9
3.89000E+0	9.99997E-1	2.68903E-9
3.89500E+0	1.00001E+0	2.37431E-9
3.90000E+0	9.99994E-1	2.51181E-9
3.90500E+0	1.00001E+0	2.40005E-9
3.91000E+0	9.99984E-1	2.51811E-9
3.91500E+0	1.00001E+0	2.42461E-9
3.92000E+0	9.99998E-1	2.41189E-9
3.92500E+0	1.00000E+0	2.34339E-9
3.93000E+0	9.99990E-1	2.55844E-9
3.93500E+0	1.00001E+0	2.36876E-9
3.94000E+0	9.99997E-1	2.54659E-9
3.94500E+0	9.99998E-1	2.33179E-9
3.95000E+0	9.99998E-1	2.39263E-9
3.95500E+0	9.99995E-1	2.58381E-9
3.96000E+0	1.00000E+0	2.41725E-9
3.96500E+0	1.00001E+0	2.31683E-9
3.97000E+0	1.00000E+0	2.44755E-9
3.97500E+0	1.00000E+0	2.47946E-9
3.98000E+0	9.99996E-1	2.50240E-9
3.98500E+0	1.00000E+0	2.48532E-9
3.99000E+0	1.00000E+0	2.46762E-9
3.99500E+0	9.99987E-1	2.32082E-9
4.00000E+0	1.00001E+0	2.60625E-9
4.00500E+0	9.99991E-1	2.37337E-9
4.01000E+0	1.00000E+0	2.44063E-9
4.01500E+0	1.00001E+0	2.27482E-9
4.02000E+0	1.00000E+0	2.51063E-9
4.02500E+0	9.99993E-1	2.46145E-9
4.03000E+0	1.00001E+0	2.37156E-9
4.03500E+0	1.00000E+0	2.60868E-9
4.04000E+0	1.00000E+0	2.31484E-9
4.04500E+0	1.00000E+0	2.48114E-9
4.05000E+0	9.99994E-1	2.50577E-9
4.05500E+0	1.00000E+0	2.34033E-9
4.06000E+0	9.99995E-1	2.38571E-9
4.06500E+0	1.00000E+0	2.45122E-9
4.07000E+0	1.00001E+0	2.47616E-9
4.07500E+0	9.99990E-1	2.40441E-9
4.08000E+0	1.00001E+0	2.40815E-9
4.08500E+0	1.00000E+0	2.43907E-9
4.09000E+0	1.00000E+0	2.37356E-9
4.09500E+0	9.99991E-1	2.62900E-9
4.10000E+0	1.00001E+0	2.32251E-9
4.10500E+0	1.00001E+0	2.40634E-9
4.11000E+0	9.99991E-1	2.58568E-9
4.11500E+0	1.00001E+0	2.36246E-9
4.12000E+0	9.99998E-1	2.38016E-9
4.12500E+0	1.00000E+0	2.54323E-9
4.13000E+0	1.00000E+0	2.45808E-9
4.13500E+0	9.99990E-1	2.54042E-9
4.14000E+0	1.00000E+0	2.36402E-9
4.14500E+0	9.99995E-1	2.38877E-9
4.15000E+0	1.00001E+0	2.53232E-9
4.15500E+0	9.99992E-1	2.45677E-9
4.16000E+0	1.00001E+0	2.38696E-9
4.16500E+0	1.00000E+0	2.44530E-9
4.17000E+0	9.99988E-1	2.38185E-9
4.17500E+0	1.00001E+0	2.47840E-9
4.18000E+0	9.99987E-1	2.45141E-9
4.18500E+0	1.00001E+0	2.46182E-9
4.19000E+0	1.00000E+0	2.38085E-9
4.19500E+0	1.00000E+0	2.48725E-9
4.20000E+0	1.00001E+0	2.37212E-9
4.20500E+0	9.99992E-1	2.47940E-9
4.21000E+0	1.00001E+0	2.39899E-9
4.21500E+0	9.99997E-1	2.32805E-9
4.22000E+0	1.00001E+0	2.58181E-9
4.22500E+0	1.00000E+0	2.38004E-9
4.23000E+0	9.99995E-1	2.42953E-9
4.23500E+0	1.00001E+0	2.45970E-9
4.24000E+0	1.00000E+0	2.45571E-9
4.24500E+0	9.99993E-1	2.51468E-9
4.25000E+0	1.00000E+0	2.46431E-9
4.25500E+0	9.99991E-1	2.30050E-9
4.26000E+0	1.00000E+0	2.48008E-9
4.26500E+0	1.00000E+0	2.40466E-9
4.27000E+0	1.00002E+0	2.36938E-9
4.27500E+0	9.99992E-1	2.51468E-9
4.28000E+0	9.99995E-1	2.41158E-9
4.28500E+0	1.00001E+0	2.31845E-9
4.29000E+0	9.99992E-1	2.58150E-9
4.29500E+0	9.99999E-1	2.25350E-9
4.30000E+0	9.99998E-1	2.50876E-9
4.30500E+0	1.00001E+0	2.48675E-9
4.31000E+0	9.99996E-1	2.35473E-9
4.31500E+0	1.00001E+0	2.49037E-9
4.32000E+0	9.99995E-1	2.35467E-9
4.32500E+0	9.99993E-1	2.55096E-9
4.33000E+0	9.99999E-1	2.41619E-9
4.33500E+0	9.99997E-1	2.37437E-9
4.34000E+0	9.99996E-1	2.42249E-9
4.34500E+0	9.99998E-1	2.43720E-9
4.35000E+0	1.00000E+0	2.42043E-9
4.35500E+0	1.00000E+0	2.30892E-9
4.36000E+0	1.00001E+0	2.45228E-9
4.36500E+0	1.00001E+0	2.46064E-9
4.37000E+0	9.99993E-1	2.54753E-9
4.37500E+0	9.99988E-1	2.38814E-9
4.38000E+0	1.00000E+0	2.30599E-9
4.38500E+0	1.00001E+0	2.51861E-9
4.39000E+0	9.99995E-1	2.35554E-9
4.39500E+0	9.99992E-1	2.54672E-9
4.40000E+0	1.00001E+0	2.38845E-9
4.40500E+0	1.00000E+0	2.43171E-9
4.41000E+0	9.99997E-1	2.40616E-9
4.41500E+0	1.00000E+0	2.48264E-9
4.42000E+0	9.99990E-1	2.41208E-9
4.42500E+0	1.00002E+0	2.29508E-9
4.43000E+0	9.99999E-1	2.59827E-9
4.43500E+0	9.99997E-1	2.40460E-9
4.44000E+0	9.99997E-1	2.42093E-9
4.44500E+0	9.99993E-1	2.44692E-9
4.45000E+0	1.00000E+0	2.35835E-9
4.45500E+0	9.99998E-1	2.39662E-9
4.46000E+0	1.00000E+0	2.49261E-9
4.46500E+0	9.99997E-1	2.29358E-9
4.47000E+0	1.00001E+0	2.38528E-9
4.47500E+0	1.00000E+0	2.59029E-9
4.48000E+0	9.99997E-1	2.36302E-9
4.48500E+0	1.00001E+0	2.36396E-9
4.49000E+0	1.00000E+0	2.46095E-9
4.49500E+0	9.99999E-1	2.54859E-9
4.50000E+0	9.99994E-1	2.32843E-9
4.50500E+0	1.00000E+0	2.50265E-9
4.51000E+0	9.99998E-1	2.47217E-9
4.51500E+0	1.00000E+0	2.39363E-9
4.52000E+0	9.99999E-1	2.32774E-9
4.52500E+0	1.00000E+0	2.49405E-9
4.53000E+0	9.99993E-1	2.26990E-9
4.53500E+0	1.00000E+0	2.51244E-9
4.54000E+0	1.00001E+0	2.48463E-9
4.54500E+0	9.99989E-1	2.24260E-9
4.55000E+0	1.00000E+0	2.53675E-9
4.55500E+0	1.00001E+0	2.40772E-9
4.56000E+0	9.99989E-1	2.37075E-9
4.56500E+0	1.00001E+0	2.41301E-9
4.57000E+0	1.00001E+0	2.37692E-9
4.57500E+0	9.99997E-1	2.47566E-9
4.58000E+0	9.99996E-1	2.30437E-9
4.58500E+0	1.00000E+0	2.51212E-9
4.59000E+0	1.00000E+0	2.48844E-9
4.59500E+0	1.00000E+0	2.47803E-9
4.60000E+0	9.99987E-1	2.47335E-9
4.60500E+0	9.99996E-1	2.27252E-9
4.61000E+0	1.00001E+0	2.52721E-9
4.61500E+0	9.99991E-1	2.38746E-9
4.62000E+0	9.99996E-1	2.48601E-9
4.62500E+0	1.00001E+0	2.34133E-9
4.63000E+0	9.99987E-1	2.38983E-9
4.63500E+0	1.00001E+0	2.35311E-9
4.64000E+0	1.00001E+0	2.45297E-9
4.64500E+0	9.99996E-1	2.33983E-9
4.65000E+0	1.00000E+0	2.45359E-9
4.65500E+0	9.99992E-1	2.36726E-9
4.66000E+0	1.00000E+0	2.54759E-9
4.66500E+0	1.00000E+0	2.28841E-9
4.67000E+0	1.00000E+0	2.52827E-9
4.67500E+0	1.00000E+0	2.43508E-9
4.68000E+0	1.00000E+0	2.47024E-9
4.68500E+0	9.99995E-1	2.32307E-9
4.69000E+0	1.00000E+0	2.32494E-9
4.69500E+0	1.00000E+0	2.44954E-9
4.70000E+0	1.00000E+0	2.42623E-9
4.70500E+0	9.99990E-1	2.50122E-9
4.71000E+0	1.00000E+0	2.37586E-9
4.71500E+0	1.00000E+0	2.50795E-9
4.72000E+0	1.00000E+0	2.32325E-9
4.72500E+0	1.00000E+0	2.41507E-9
4.73000E+0	9.99986E-1	2.62283E-9
4.73500E+0	1.00001E+0	2.34800E-9
4.74000E+0	9.99981E-1	2.29402E-9
4.74500E+0	1.00000E+0	2.51057E-9
4.75000E+0	1.00000E+0	2.36938E-9
4.75500E+0	1.00000E+0	2.35723E-9
4.76000E+0	1.00001E+0	2.40491E-9
4.76500E+0	9.99992E-1	2.40697E-9
4.77000E+0	1.00000E+0	2.49137E-9
4.77500E+0	9.99991E-1	2.46338E-9
4.78000E+0	1.00001E+0	2.28361E-9
4.78500E+0	9.99996E-1	2.42480E-9
4.79000E+0	9.99989E-1	2.47292E-9
4.79500E+0	1.00000E+0	2.48819E-9
4.80000E+0	9.99984E-1	2.36383E-9
4.80500E+0	1.00002E+0	2.47585E-9
4.81000E+0	9.99988E-1	2.33279E-9
4.81500E+0	9.99992E-1	2.47709E-9
4.82000E+0	1.00001E+0	2.30780E-9
4.82500E+0	9.99999E-1	2.50483E-9
4.83000E+0	1.00000E+0	2.31789E-9
4.83500E+0	1.00000E+0	2.45372E-9
4.84000E+0	9.99997E-1	2.52216E-9
4.84500E+0	1.00001E+0	2.25519E-9
4.85000E+0	9.99993E-1	2.45415E-9
4.85500E+0	1.00001E+0	2.46668E-9
4.86000E+0	9.99999E-1	2.29601E-9
4.86500E+0	9.99992E-1	2.45241E-9
4.87000E+0	1.00000E+0	2.55345E-9
4.87500E+0	9.99992E-1	2.24565E-9
4.88000E+0	1.00001E+0	2.38839E-9
4.88500E+0	9.99997E-1	2.36820E-9
4.89000E+0	9.99995E-1	2.53756E-9
4.89500E+0	1.00002E+0	2.34289E-9
4.90000E+0	9.99988E-1	2.45378E-9
4.90500E+0	1.00000E+0	2.38403E-9
4.91000E+0	1.00001E+0	2.34663E-9
4.91500E+0	9.99996E-1	2.49885E-9
4.92000E+0	1.00000E+0	2.26691E-9
4.92500E+0	9.99997E-1	2.44948E-9
4.93000E+0	1.00001E+0	2.41432E-9
4.93500E+0	9.99998E-1	2.43072E-9
4.94000E+0	1.00001E+0	2.32600E-9
4.94500E+0	9.99992E-1	2.47173E-9
4.95000E+0	9.99988E-1	2.58044E-9
4.95500E+0	1.00001E+0	2.27214E-9
4.96000E+0	9.99989E-1	2.49604E-9
4.96500E+0	1.00000E+0	2.38827E-9
4.97000E+0	1.00000E+0	2.41906E-9
4.97500E+0	1.00001E+0	2.37293E-9
4.98000E+0	9.99998E-1	2.40323E-9
4.98500E+0	1.00000E+0	2.40030E-9
4.99000E+0	9.99990E-1	2.49380E-9
4.99500E+0	9.99995E-1	2.27389E-9
5.00000E+0	1.00001E+0	2.41220E-9
5.00500E+0	1.00000E+0	2.37935E-9
5.01000E+0	9.99995E-1	2.49772E-9
5.01500E+0	1.00000E+0	2.29626E-9
5.02000E+0	1.00000E+0	2.50651E-9
5.02500E+0	9.99994E-1	2.37231E-9
5.03000E+0	1.00000E+0	2.40504E-9
5.03500E+0	1.00000E+0	2.37593E-9
5.04000E+0	1.00001E+0	2.36072E-9
5.04500E+0	9.99996E-1	2.31060E-9
5.05000E+0	1.00001E+0	2.50782E-9
5.05500E+0	9.99986E-1	2.40946E-9
5.06000E+0	1.00001E+0	2.36302E-9
5.06500E+0	9.99998E-1	2.50302E-9
5.07000E+0	1.00001E+0	2.44692E-9
5.07500E+0	9.99980E-1	2.22315E-9
5.08000E+0	1.00001E+0	2.44842E-9
5.08500E+0	9.99996E-1	2.36975E-9
5.09000E+0	1.00001E+0	2.48002E-9
5.09500E+0	9.99986E-1	2.24970E-9
5.10000E+0	1.00001E+0	2.41869E-9
5.10500E+0	9.99998E-1	2.37075E-9
5.11000E+0	1.00001E+0	2.36452E-9
5.11500E+0	9.99997E-1	2.45989E-9
5.12000E+0	1.00000E+0	2.38185E-9
5.12500E+0	9.99992E-1	2.52914E-9
5.13000E+0	1.00001E+0	2.23892E-9
5.13500E+0	9.99994E-1	2.46512E-9
5.14000E+0	1.00000E+0	2.33310E-9
5.14500E+0	1.00001E+0	2.37175E-9
5.15000E+0	9.99992E-1	2.43807E-9
5.15500E+0	1.00000E+0	2.45976E-9
5.16000E+0	1.00000E+0	2.40591E-9
5.16500E+0	1.00000E+0	2.34781E-9
5.17000E+0	9.99982E-1	2.53357E-9
5.17500E+0	1.00001E+0	2.24652E-9
5.18000E+0	1.00000E+0	2.50358E-9
5.18500E+0	9.99996E-1	2.34482E-9
5.19000E+0	1.00001E+0	2.43458E-9
5.19500E+0	9.99990E-1	2.37780E-9
5.20000E+0	1.00001E+0	2.34607E-9
5.20500E+0	9.99989E-1	2.35118E-9
5.21000E+0	1.00001E+0	2.48557E-9
5.21500E+0	1.00000E+0	2.45372E-9
5.22000E+0	9.99992E-1	2.38440E-9
5.22500E+0	1.00001E+0	2.23393E-9
5.23000E+0	1.00000E+0	2.57134E-9
5.23500E+0	9.99988E-1	2.34788E-9
5.24000E+0	9.99994E-1	2.30767E-9
5.24500E+0	1.00001E+0	2.33628E-9
5.25000E+0	1.00000E+0	2.44836E-9
5.25500E+0	1.00001E+0	2.37699E-9
5.26000E+0	9.99983E-1	2.38752E-9
5.26500E+0	1.00002E+0	2.44543E-9
5.27000E+0	9.99992E-1	2.28910E-9
5.27500E+0	1.00001E+0	2.52733E-9
5.28000E+0	9.99998E-1	2.26341E-9
5.28500E+0	9.99993E-1	2.44399E-9
5.29000E+0	1.00000E+0	2.40753E-9
5.29500E+0	9.99997E-1	2.46880E-9
5.30000E+0	1.00002E+0	2.27220E-9
5.30500E+0	9.99990E-1	2.52353E-9
5.31000E+0	1.00000E+0	2.37580E-9
5.31500E+0	9.99992E-1	2.37187E-9
5.32000E+0	1.00000E+0	2.41395E-9
5.32500E+0	1.00000E+0	2.31041E-9
5.33000E+0	1.00000E+0	2.38166E-9
5.33500E+0	1.00001E+0	2.30717E-9
5.34000E+0	1.00000E+0	2.38546E-9
5.34500E+0	1.00001E+0	2.46145E-9
5.35000E+0	9.99994E-1	2.37368E-9
5.35500E+0	9.99996E-1	2.39625E-9
5.36000E+0	1.00000E+0	2.45696E-9
5.36500E+0	1.00001E+0	2.28174E-9
5.37000E+0	9.99994E-1	2.48707E-9
5.37500E+0	1.00000E+0	2.34208E-9
5.38000E+0	1.00001E+0	2.35442E-9
5.38500E+0	9.99995E-1	2.46687E-9
5.39000E+0	9.99995E-1	2.25269E-9
5.39500E+0	1.00000E+0	2.50371E-9
5.40000E+0	1.00001E+0	2.36813E-9
5.40500E+0	9.99987E-1	2.30773E-9
5.41000E+0	1.00002E+0	2.29190E-9
5.41500E+0	9.99989E-1	2.61678E-9
5.42000E+0	1.00000E+0	2.15601E-9
5.42500E+0	9.99993E-1	2.51063E-9
5.43000E+0	1.00001E+0	2.31465E-9
5.43500E+0	9.99995E-1	2.49623E-9
5.44000E+0	1.00000E+0	2.42716E-9
5.44500E+0	9.99998E-1	2.26179E-9
5.45000E+0	1.00000E+0	2.38652E-9
5.45500E+0	9.99995E-1	2.39138E-9
5.46000E+0	1.00001E+0	2.46213E-9
5.46500E+0	9.99981E-1	2.39132E-9
5.47000E+0	1.00001E+0	2.31453E-9
5.47500E+0	9.99992E-1	2.51773E-9
5.48000E+0	1.00001E+0	2.23487E-9
5.48500E+0	9.99999E-1	2.51917E-9
5.49000E+0	9.99987E-1	2.38409E-9
5.49500E+0	1.00000E+0	2.28105E-9
5.50000E+0	9.99998E-1	2.35024E-9
5.50500E+0	1.00000E+0	2.45284E-9
5.51000E+0	9.99994E-1	2.40167E-9
5.51500E+0	9.99995E-1	2.31602E-9
5.52000E+0	1.00001E+0	2.33398E-9
5.52500E+0	1.00000E+0	2.53469E-9
5.53000E+0	1.00001E+0	2.31453E-9
5.53500E+0	9.99989E-1	2.50907E-9
5.54000E+0	9.99998E-1	2.34495E-9
5.54500E+0	1.00000E+0	2.36128E-9
5.55000E+0	9.99995E-1	2.41719E-9
5.55500E+0	9.99990E-1	2.33591E-9
5.56000E+0	1.00001E+0	2.33697E-9
5.56500E+0	9.99988E-1	2.44786E-9
5.57000E+0	1.00001E+0	2.22171E-9
5.57500E+0	1.00001E+0	2.54111E-9
5.58000E+0	9.99999E-1	2.27389E-9
5.58500E+0	9.99991E-1	2.40148E-9
5.59000E+0	1.00000E+0	2.32849E-9
5.59500E+0	9.99997E-1	2.48756E-9
5.60000E+0	1.00000E+0	2.33360E-9
5.60500E+0	9.99991E-1	2.37505E-9
5.61000E+0	1.00000E+0	2.50626E-9
5.61500E+0	1.00000E+0	2.35723E-9
5.62000E+0	9.99992E-1	2.30861E-9
5.62500E+0	1.00001E+0	2.40722E-9
5.63000E+0	1.00001E+0	2.34301E-9
5.63500E+0	9.99981E-1	2.39743E-9
5.64000E+0	9.99999E-1	2.37175E-9
5.64500E+0	1.00001E+0	2.30611E-9
5.65000E+0	9.99986E-1	2.34894E-9
5.65500E+0	1.00001E+0	2.29957E-9
5.66000E+0	9.99993E-1	2.54653E-9
5.66500E+0	1.00002E+0	2.31577E-9
5.67000E+0	9.99980E-1	2.31995E-9
5.67500E+0	1.00002E+0	2.35554E-9
5.68000E+0	9.99996E-1	2.32288E-9
5.68500E+0	9.99993E-1	2.43695E-9
5.69000E+0	1.00000E+0	2.43732E-9
5.69500E+0	1.00000E+0	2.22595E-9
5.70000E+0	9.99998E-1	2.55439E-9
5.70500E+0	1.00001E+0	2.16293E-9
5.71000E+0	9.99997E-1	2.45858E-9
5.71500E+0	9.99999E-1	2.31808E-9
5.72000E+0	1.00000E+0	2.34202E-9
5.72500E+0	9.99999E-1	2.41756E-9
5.73000E+0	9.99994E-1	2.38677E-9
5.73500E+0	1.00002E+0	2.27507E-9
5.74000E+0	9.99992E-1	2.48008E-9
5.74500E+0	1.00001E+0	2.30281E-9
5.75000E+0	9.99981E-1	2.34869E-9
5.75500E+0	1.00002E+0	2.27326E-9
5.76000E+0	9.99997E-1	2.56935E-9
5.76500E+0	9.99996E-1	2.37942E-9
5.77000E+0	1.00000E+0	2.24135E-9
5.77500E+0	9.99997E-1	2.48769E-9
5.78000E+0	9.99996E-1	2.40865E-9
5.78500E+0	1.00000E+0	2.20763E-9
5.79000E+0	1.00000E+0	2.53039E-9
5.79500E+0	9.99998E-1	2.29265E-9
5.80000E+0	9.99994E-1	2.26117E-9
5.80500E+0	1.00000E+0	2.47878E-9
5.81000E+0	9.99995E-1	2.40485E-9
5.81500E+0	1.00001E+0	2.27831E-9
5.82000E+0	9.99982E-1	2.36926E-9
5.82500E+0	1.00001E+0	2.40909E-9
5.83000E+0	1.00000E+0	2.25207E-9
5.83500E+0	9.99994E-1	2.48993E-9
5.84000E+0	9.99995E-1	2.23935E-9
5.84500E+0	1.00001E+0	2.32824E-9
5.85000E+0	9.99996E-1	2.41632E-9
5.85500E+0	9.99992E-1	2.47834E-9
5.86000E+0	1.00000E+0	2.38546E-9
5.86500E+0	9.99993E-1	2.27943E-9
5.87000E+0	1.00000E+0	2.25780E-9
5.87500E+0	1.00001E+0	2.40510E-9
5.88000E+0	1.00000E+0	2.41800E-9
5.88500E+0	9.99984E-1	2.30325E-9
5.89000E+0	1.00002E+0	2.32531E-9
5.89500E+0	1.00000E+0	2.42112E-9
5.90000E+0	9.99992E-1	2.50309E-9
5.90500E+0	1.00000E+0	2.34264E-9
5.91000E+0	9.99997E-1	2.39780E-9
5.91500E+0	1.00001E+0	2.19267E-9
5.92000E+0	9.99997E-1	2.50807E-9
5.92500E+0	1.00000E+0	2.31210E-9
5.93000E+0	9.99992E-1	2.46780E-9
5.93500E+0	1.00000E+0	2.20507E-9
5.94000E+0	9.99995E-1	2.37505E-9
5.94500E+0	9.99997E-1	2.45721E-9
5.95000E+0	9.99995E-1	2.33179E-9
5.95500E+0	1.00002E+0	2.32438E-9
5.96000E+0	1.00000E+0	2.32282E-9
5.96500E+0	9.99993E-1	2.39880E-9
5.97000E+0	1.00001E+0	2.33373E-9
5.97500E+0	9.99997E-1	2.47840E-9
5.98000E+0	9.99994E-1	2.20276E-9
5.98500E+0	1.00001E+0	2.37381E-9
5.99000E+0	1.00001E+0	2.37543E-9
5.99500E+0	1.00000E+0	2.42118E-9
6.00000E+0	9.99993E-1	2.29894E-9
6.00500E+0	1.00000E+0	2.44829E-9
6.01000E+0	9.99987E-1	2.32475E-9
6.01500E+0	1.00002E+0	2.39681E-9
6.02000E+0	1.00000E+0	2.35062E-9
6.02500E+0	9.99980E-1	2.29383E-9
6.03000E+0	1.00000E+0	2.50558E-9
6.03500E+0	9.99999E-1	2.24266E-9
6.04000E+0	1.00001E+0	2.43327E-9
6.04500E+0	9.99992E-1	2.35261E-9
6.05000E+0	1.00000E+0	2.36128E-9
6.05500E+0	9.99996E-1	2.40304E-9
6.06000E+0	9.99997E-1	2.32849E-9
6.06500E+0	1.00000E+0	2.27439E-9
6.07000E+0	9.99995E-1	2.44312E-9
6.07500E+0	1.00001E+0	2.27414E-9
6.08000E+0	9.99993E-1	2.30032E-9
6.08500E+0	1.00002E+0	2.39494E-9
6.09000E+0	1.00000E+0	2.32145E-9
6.09500E+0	9.99995E-1	2.39886E-9
6.10000E+0	9.99999E-1	2.46992E-9
6.10500E+0	9.99993E-1	2.34389E-9
6.11000E+0	1.00001E+0	2.28317E-9
6.11500E+0	9.99990E-1	2.25575E-9
6.12000E+0	1.00002E+0	2.42922E-9
6.12500E+0	9.99999E-1	2.34501E-9
6.13000E+0	9.99990E-1	2.37431E-9
6.13500E+0	9.99999E-1	2.50888E-9
6.14000E+0	1.00000E+0	2.24671E-9
6.14500E+0	1.00001E+0	2.41439E-9
6.15000E+0	9.99997E-1	2.30792E-9
6.15500E+0	9.99988E-1	2.45172E-9
6.16000E+0	9.99996E-1	2.30162E-9
6.16500E+0	9.99998E-1	2.31440E-9
6.17000E+0	1.00001E+0	2.41015E-9
6.17500E+0	1.00000E+0	2.41432E-9
6.18000E+0	1.00000E+0	2.32768E-9
6.18500E+0	9.99996E-1	2.38328E-9
6.19000E+0	9.99997E-1	2.31216E-9
6.19500E+0	9.99993E-1	2.25992E-9
6.20000E+0	1.00001E+0	2.35355E-9
6.20500E+0	1.00001E+0	2.26990E-9
6.21000E+0	9.99996E-1	2.42685E-9
6.21500E+0	1.00001E+0	2.34495E-9
6.22000E+0	9.99999E-1	2.37611E-9
6.22500E+0	9.99998E-1	2.45889E-9
6.23000E+0	9.99989E-1	2.25413E-9
6.23500E+0	1.00001E+0	2.41002E-9
6.24000E+0	9.99994E-1	2.35997E-9
6.24500E+0	9.99998E-1	2.20569E-9
6.25000E+0	1.00000E+0	2.39606E-9
6.25500E+0	1.00000E+0	2.32581E-9
6.26000E+0	1.00001E+0	2.35405E-9
6.26500E+0	9.99991E-1	2.31553E-9
6.27000E+0	9.99991E-1	2.37300E-9
6.27500E+0	1.00001E+0	2.36371E-9
6.28000E+0	1.00000E+0	2.33186E-9
6.28500E+0	9.99999E-1	2.49224E-9
6.29000E+0	9.99995E-1	2.34114E-9
6.29500E+0	9.99999E-1	2.23113E-9
6.30000E+0	1.00001E+0	2.44811E-9
6.30500E+0	9.99991E-1	2.23792E-9
6.31000E+0	1.00000E+0	2.49735E-9
6.31500E+0	9.99985E-1	2.32226E-9
6.32000E+0	1.00002E+0	2.19678E-9
6.32500E+0	9.99992E-1	2.38422E-9
6.33000E+0	9.99995E-1	2.42349E-9
6.33500E+0	1.00001E+0	2.17627E-9
6.34000E+0	1.00000E+0	2.54341E-9
6.34500E+0	9.99988E-1	2.32905E-9
6.35000E+0	1.00001E+0	2.32120E-9
6.35500E+0	9.99993E-1	2.22732E-9
6.36000E+0	1.00000E+0	2.51187E-9
6.36500E+0	9.99995E-1	2.26834E-9
6.37000E+0	1.00001E+0	2.36601E-9
6.37500E+0	9.99990E-1	2.31920E-9
6.38000E+0	9.99996E-1	2.27719E-9
6.38500E+0	1.00000E+0	2.36309E-9
6.39000E+0	1.00001E+0	2.42667E-9
6.39500E+0	9.99994E-1	2.25768E-9
6.40000E+0	1.00000E+0	2.38116E-9
6.40500E+0	9.99997E-1	2.39943E-9
6.41000E+0	9.99998E-1	2.43707E-9
6.41500E+0	1.00001E+0	2.33585E-9
6.42000E+0	9.99998E-1	2.20862E-9
6.42500E+0	9.99995E-1	2.31939E-9
6.43000E+0	9.99996E-1	2.37349E-9
6.43500E+0	9.99997E-1	2.35691E-9
6.44000E+0	9.99993E-1	2.25762E-9
6.44500E+0	1.00002E+0	2.31322E-9
6.45000E+0	9.99994E-1	2.32288E-9
6.45500E+0	1.00001E+0	2.34065E-9
6.46000E+0	9.99992E-1	2.39650E-9
6.46500E+0	1.00000E+0	2.41619E-9
6.47000E+0	1.00000E+0	2.28928E-9
6.47500E+0	9.99980E-1	2.30798E-9
6.48000E+0	1.00002E+0	2.31484E-9
6.48500E+0	9.99997E-1	2.45764E-9
6.49000E+0	1.00001E+0	2.23144E-9
6.49500E+0	9.99991E-1	2.44113E-9
6.50000E+0	1.00001E+0	2.27887E-9
6.50500E+0	9.99994E-1	2.42897E-9
6.51000E+0	1.00000E+0	2.17870E-9
6.51500E+0	1.00000E+0	2.35455E-9
6.52000E+0	1.00000E+0	2.39656E-9
6.52500E+0	1.00000E+0	2.33522E-9
6.53000E+0	9.99998E-1	2.28243E-9
6.53500E+0	9.99992E-1	2.31920E-9
6.54000E+0	1.00001E+0	2.39145E-9
6.54500E+0	9.99990E-1	2.38415E-9
6.55000E+0	1.00001E+0	2.30356E-9
6.55500E+0	9.99989E-1	2.37368E-9
6.56000E+0	1.00000E+0	2.38041E-9
6.56500E+0	9.99999E-1	2.31983E-9
6.57000E+0	1.00001E+0	2.27420E-9
6.57500E+0	1.00000E+0	2.25213E-9
6.58000E+0	1.00000E+0	2.35610E-9
6.58500E+0	9.99985E-1	2.32805E-9
6.59000E+0	1.00002E+0	2.33366E-9
6.59500E+0	9.99988E-1	2.30686E-9
6.60000E+0	1.00000E+0	2.49149E-9
6.60500E+0	1.00000E+0	2.15795E-9
6.61000E+0	9.99989E-1	2.53544E-9
6.61500E+0	1.00000E+0	2.14966E-9
6.62000E+0	1.00001E+0	2.45135E-9
6.62500E+0	9.99987E-1	2.31222E-9
6.63000E+0	1.00002E+0	2.26821E-9
6.63500E+0	9.99984E-1	2.46774E-9
6.64000E+0	1.00002E+0	2.21268E-9
6.64500E+0	9.99984E-1	2.35860E-9
6.65000E+0	1.00001E+0	2.30356E-9
6.65500E+0	1.00001E+0	2.36689E-9
6.66000E+0	9.99996E-1	2.44362E-9
6.66500E+0	1.00000E+0	2.28617E-9
6.67000E+0	9.99992E-1	2.33703E-9
6.67500E+0	1.00000E+0	2.30524E-9
6.68000E+0	1.00001E+0	2.34688E-9
6.68500E+0	9.99998E-1	2.25525E-9
6.69000E+0	9.99996E-1	2.31185E-9
6.69500E+0	1.00000E+0	2.41058E-9
6.70000E+0	9.99995E-1	2.16162E-9
6.70500E+0	1.00001E+0	2.48470E-9
6.71000E+0	1.00001E+0	2.25057E-9
6.71500E+0	9.99987E-1	2.29464E-9
6.72000E+0	1.00001E+0	2.41376E-9
6.72500E+0	9.99991E-1	2.33566E-9
6.73000E+0	9.99997E-1	2.26977E-9
6.73500E+0	1.00000E+0	2.47317E-9
6.74000E+0	1.00000E+0	2.16362E-9
6.74500E+0	9.99989E-1	2.43371E-9
6.75000E+0	9.99997E-1	2.33734E-9
6.75500E+0	1.00000E+0	2.26192E-9
6.76000E+0	1.00000E+0	2.36377E-9
6.76500E+0	9.99996E-1	2.28112E-9
6.77000E+0	1.00001E+0	2.18506E-9
6.77500E+0	9.99993E-1	2.43813E-9
6.78000E+0	1.00001E+0	2.35766E-9
6.78500E+0	9.99990E-1	2.27058E-9
6.79000E+0	1.00000E+0	2.25444E-9
6.79500E+0	9.99992E-1	2.48732E-9
6.80000E+0	1.00001E+0	2.17135E-9
6.80500E+0	9.99997E-1	2.34613E-9
6.81000E+0	1.00001E+0	2.38852E-9
6.81500E+0	9.99989E-1	2.31789E-9
6.82000E+0	1.00001E+0	2.34688E-9
6.82500E+0	9.99992E-1	2.37848E-9
6.83000E+0	1.00001E+0	2.16723E-9
6.83500E+0	9.99984E-1	2.39195E-9
6.84000E+0	9.99998E-1	2.37337E-9
6.84500E+0	1.00000E+0	2.30162E-9
6.85000E+0	9.99996E-1	2.22122E-9
6.85500E+0	1.00001E+0	2.35548E-9
6.86000E+0	9.99982E-1	2.28866E-9
6.86500E+0	1.00002E+0	2.18319E-9
6.87000E+0	9.99994E-1	2.60488E-9
6.87500E+0	9.99997E-1	2.28211E-9
6.88000E+0	9.99998E-1	2.28199E-9
6.88500E+0	9.99992E-1	2.32313E-9
6.89000E+0	9.99998E-1	2.32706E-9
6.89500E+0	1.00000E+0	2.23518E-9
6.90000E+0	9.99993E-1	2.42779E-9
6.90500E+0	1.00001E+0	2.20538E-9
6.91000E+0	9.99992E-1	2.39213E-9
6.91500E+0	1.00000E+0	2.20389E-9
6.92000E+0	1.00001E+0	2.35779E-9
6.92500E+0	9.99997E-1	2.31260E-9
6.93000E+0	1.00001E+0	2.36383E-9
6.93500E+0	9.99987E-1	2.25780E-9
6.94000E+0	1.00001E+0	2.35648E-9
6.94500E+0	1.00000E+0	2.24297E-9
6.95000E+0	1.00000E+0	2.23113E-9
6.95500E+0	1.00001E+0	2.47522E-9
6.96000E+0	9.99987E-1	2.34825E-9
6.96500E+0	1.00001E+0	2.28199E-9
6.97000E+0	9.99993E-1	2.42124E-9
6.97500E+0	1.00001E+0	2.22053E-9
6.98000E+0	9.99994E-1	2.32544E-9
6.98500E+0	9.99998E-1	2.37306E-9
6.99000E+0	9.99987E-1	2.31459E-9
6.99500E+0	1.00001E+0	2.15284E-9
7.00000E+0	9.99998E-1	2.45447E-9
7.00500E+0	9.99999E-1	2.36870E-9
7.01000E+0	9.99998E-1	2.20470E-9
7.01500E+0	1.00001E+0	2.35947E-9
7.02000E+0	9.99993E-1	2.29215E-9
7.02500E+0	9.99999E-1	2.32363E-9
7.03000E+0	1.00001E+0	2.27108E-9
7.03500E+0	9.99994E-1	2.44967E-9
7.04000E+0	1.00001E+0	2.29246E-9
7.04500E+0	9.99989E-1	2.32899E-9
7.05000E+0	1.00000E+0	2.14056E-9
7.05500E+0	1.00000E+0	2.36701E-9
7.06000E+0	9.99989E-1	2.24366E-9
7.06500E+0	1.00002E+0	2.29764E-9
7.07000E+0	9.99988E-1	2.40148E-9
7.07500E+0	9.99996E-1	2.31983E-9
7.08000E+0	1.00001E+0	2.19223E-9
7.08500E+0	1.00000E+0	2.36502E-9
7.09000E+0	1.00000E+0	2.38260E-9
7.09500E+0	1.00001E+0	2.21236E-9
7.10000E+0	9.99989E-1	2.37081E-9
7.10500E+0	9.99997E-1	2.38116E-9
7.11000E+0	9.99998E-1	2.13688E-9
7.11500E+0	9.99995E-1	2.44187E-9
7.12000E+0	1.00002E+0	2.25051E-9
7.12500E+0	9.99992E-1	2.45154E-9
7.13000E+0	1.00000E+0	2.13258E-9
7.13500E+0	1.00000E+0	2.46394E-9
7.14000E+0	9.99994E-1	2.19653E-9
7.14500E+0	1.00001E+0	2.27551E-9
7.15000E+0	9.99995E-1	2.32793E-9
7.15500E+0	1.00000E+0	2.33423E-9
7.16000E+0	9.99987E-1	2.45378E-9
7.16500E+0	1.00001E+0	2.28997E-9
7.17000E+0	9.99997E-1	2.18519E-9
7.17500E+0	9.99998E-1	2.42236E-9
7.18000E+0	9.99987E-1	2.24808E-9
7.18500E+0	1.00001E+0	2.20008E-9
7.19000E+0	1.00001E+0	2.44262E-9
7.19500E+0	9.99992E-1	2.30418E-9
