## Header ##
[General info]
User	Giorgos_Psaltakis
Device	Sample
Cell area (cm2)	1
Test	Memristor
Date	2024-03-03
Time	03:22:15
Note	

[Acquisition Settings]
Sampling time (s)	5.000E-1
Voltage Range (V)	6.000E+0
Current Range (A)	1.000E-6
Current Limit (A)	1.000E-6

[Waveform Settings]
V_HRS (V)	0.1000
V_LRS (V)	0.1000
V_READ (V)	0.1000
t_HRS (s)	0.0400
t_LRS (s)	0.0400
t_READ (s)	0.0000
d_HRS (s)	0.0000
d_LRS (s)	0.0000
d_READ (s)	0.0000
Cycles	1

## Data ##
Time (s)	Voltage (V)	Current (A)
0.00000E+0	9.87543E-2	1.05380E-7
5.00000E-4	9.99530E-2	2.72873E-9
1.00000E-3	9.86380E-2	2.29072E-8
1.50000E-3	1.01074E-1	1.55481E-7
2.00000E-3	1.00338E-1	1.90781E-8
2.50000E-3	1.00033E-1	1.02174E-8
3.00000E-3	9.99170E-2	6.01556E-9
3.50000E-3	1.00039E-1	5.14040E-9
4.00000E-3	1.00072E-1	3.38759E-9
4.50000E-3	9.99613E-2	4.64610E-9
5.00000E-3	9.83943E-2	1.00370E-7
5.50000E-3	1.01586E-1	1.26707E-7
6.00000E-3	9.99502E-2	1.49685E-8
6.50000E-3	1.00111E-1	6.71867E-9
7.00000E-3	9.99586E-2	7.08581E-9
7.50000E-3	1.00036E-1	3.51974E-9
8.00000E-3	9.99807E-2	3.27165E-9
8.50000E-3	9.99945E-2	3.41315E-9
9.00000E-3	9.81479E-2	1.32914E-7
9.50000E-3	1.01667E-1	9.32327E-8
1.00000E-2	1.00039E-1	1.48631E-8
1.05000E-2	1.00172E-1	5.35607E-9
1.10000E-2	9.99447E-2	5.68083E-9
1.15000E-2	1.00108E-1	4.08572E-9
1.20000E-2	9.98783E-2	2.88830E-9
1.25000E-2	9.99641E-2	4.12375E-9
1.30000E-2	9.84802E-2	1.62502E-7
1.35000E-2	1.01445E-1	6.45625E-8
1.40000E-2	1.00105E-1	1.20799E-8
1.45000E-2	9.99835E-2	5.36978E-9
1.50000E-2	1.00108E-1	4.95402E-9
1.55000E-2	1.00069E-1	3.73728E-9
1.60000E-2	9.99309E-2	3.64316E-9
1.65000E-2	9.96042E-2	6.37335E-9
1.70000E-2	9.92304E-2	1.87280E-7
1.75000E-2	1.01096E-1	3.82817E-8
1.80000E-2	9.99973E-2	8.79000E-9
1.85000E-2	1.00028E-1	7.15438E-9
1.90000E-2	1.00042E-1	4.08635E-9
1.95000E-2	9.97786E-2	3.89187E-9
2.00000E-2	1.00072E-1	2.23069E-9
2.05000E-2	9.91391E-2	2.00580E-8
2.10000E-2	1.00368E-1	1.87827E-7
2.15000E-2	1.00368E-1	2.59266E-8
2.20000E-2	1.00089E-1	8.97887E-9
2.25000E-2	9.99253E-2	5.70514E-9
2.30000E-2	9.99807E-2	3.26230E-9
2.35000E-2	1.00044E-1	4.20291E-9
2.40000E-2	9.99890E-2	2.62401E-9
2.45000E-2	9.88733E-2	3.94604E-8
2.50000E-2	1.00928E-1	1.71265E-7
2.55000E-2	1.00100E-1	2.09250E-8
2.60000E-2	1.00031E-1	7.81511E-9
2.65000E-2	1.00119E-1	5.48572E-9
2.70000E-2	9.99724E-2	4.29080E-9
2.75000E-2	9.99447E-2	4.19668E-9
2.80000E-2	1.00033E-1	3.26106E-9
2.85000E-2	9.85494E-2	6.44547E-8
2.90000E-2	1.01304E-1	1.50923E-7
2.95000E-2	1.00091E-1	1.63685E-8
3.00000E-2	1.00022E-1	7.34886E-9
3.05000E-2	1.00025E-1	4.98644E-9
3.10000E-2	1.00019E-1	3.62882E-9
3.15000E-2	1.00105E-1	2.79917E-9
3.20000E-2	9.98506E-2	3.26978E-9
3.25000E-2	9.83224E-2	9.42356E-8
3.30000E-2	1.01503E-1	1.24184E-7
3.35000E-2	1.00122E-1	1.22420E-8
3.40000E-2	1.00086E-1	7.52838E-9
3.45000E-2	1.00055E-1	4.56943E-9
3.50000E-2	1.00039E-1	3.57085E-9
3.55000E-2	9.99835E-2	3.54966E-9
3.60000E-2	9.99613E-2	2.31983E-9
3.65000E-2	9.83943E-2	1.25824E-7
3.70000E-2	1.01562E-1	9.40579E-8
3.75000E-2	1.00080E-1	1.27899E-8
3.80000E-2	9.99502E-2	6.41075E-9
3.85000E-2	9.99890E-2	5.17967E-9
3.90000E-2	1.00025E-1	2.32918E-9
3.95000E-2	9.99475E-2	3.55277E-9
4.00000E-2	9.99309E-2	2.92259E-9
4.05000E-2	9.84802E-2	1.55858E-7
4.10000E-2	1.01656E-1	6.51223E-8
4.15000E-2	9.99669E-2	1.05846E-8
4.20000E-2	9.99779E-2	6.88261E-9
4.25000E-2	1.00103E-1	2.66079E-9
4.30000E-2	9.98755E-2	4.13684E-9
4.35000E-2	1.00086E-1	3.46738E-9
4.40000E-2	9.97066E-2	5.43025E-9
4.45000E-2	9.90090E-2	1.81570E-7
4.50000E-2	1.01138E-1	3.75262E-8
4.55000E-2	1.00078E-1	9.17023E-9
4.60000E-2	9.99835E-2	6.72740E-9
4.65000E-2	9.99530E-2	3.87878E-9
4.70000E-2	1.00017E-1	3.26417E-9
4.75000E-2	1.00078E-1	3.20433E-9
4.80000E-2	9.90422E-2	1.73053E-8
4.85000E-2	1.00451E-1	1.83404E-7
4.90000E-2	1.00316E-1	2.65412E-8
4.95000E-2	9.99807E-2	8.66097E-9
5.00000E-2	9.99530E-2	4.34191E-9
5.05000E-2	1.00036E-1	3.64066E-9
5.10000E-2	9.99862E-2	3.25545E-9
5.15000E-2	9.98893E-2	3.05162E-9
5.20000E-2	9.89564E-2	3.85622E-8
5.25000E-2	1.00925E-1	1.68552E-7
5.30000E-2	1.00194E-1	2.04581E-8
5.35000E-2	1.00169E-1	7.57762E-9
5.40000E-2	1.00025E-1	5.64592E-9
5.45000E-2	9.99419E-2	3.64877E-9
5.50000E-2	9.99669E-2	2.23755E-9
5.55000E-2	1.00047E-1	3.58893E-9
5.60000E-2	9.86490E-2	6.17812E-8
5.65000E-2	1.01177E-1	1.48429E-7
5.70000E-2	1.00144E-1	1.63834E-8
5.75000E-2	1.00036E-1	7.71663E-9
5.80000E-2	9.98755E-2	4.95028E-9
5.85000E-2	1.00069E-1	4.38492E-9
5.90000E-2	9.99281E-2	2.21012E-9
5.95000E-2	1.00047E-1	1.41787E-9
6.00000E-2	9.85771E-2	9.17105E-8
6.05000E-2	1.01390E-1	1.23739E-7
6.10000E-2	1.00150E-1	1.23112E-8
6.15000E-2	1.00022E-1	5.73069E-9
6.20000E-2	9.99586E-2	5.55117E-9
6.25000E-2	1.00127E-1	3.92677E-9
6.30000E-2	9.99779E-2	3.18439E-9
6.35000E-2	1.00011E-1	1.95206E-9
6.40000E-2	9.82310E-2	1.22199E-7
6.45000E-2	1.01562E-1	9.35050E-8
6.50000E-2	9.99835E-2	1.21728E-8
6.55000E-2	1.00219E-1	5.67584E-9
6.60000E-2	9.99530E-2	4.51644E-9
6.65000E-2	1.00008E-1	4.33942E-9
6.70000E-2	1.00025E-1	1.65099E-9
6.75000E-2	9.99087E-2	2.58724E-9
6.80000E-2	9.84774E-2	1.53164E-7
6.85000E-2	1.01506E-1	6.46299E-8
6.90000E-2	9.99419E-2	1.04904E-8
6.95000E-2	1.00044E-1	5.99436E-9
7.00000E-2	1.00094E-1	2.76239E-9
7.05000E-2	9.99198E-2	4.92597E-9
7.10000E-2	1.00022E-1	2.78732E-9
7.15000E-2	9.96900E-2	4.61929E-9
7.20000E-2	9.90228E-2	1.76201E-7
7.25000E-2	1.01160E-1	4.00800E-8
7.30000E-2	1.00064E-1	9.01440E-9
7.35000E-2	1.00008E-1	5.68457E-9
7.40000E-2	1.00078E-1	3.72170E-9
7.45000E-2	1.00025E-1	3.14574E-9
7.50000E-2	9.98201E-2	2.06613E-9
7.55000E-2	9.93606E-2	1.57389E-8
7.60000E-2	1.00180E-1	1.82770E-7
7.65000E-2	1.00493E-1	2.35511E-8
7.70000E-2	9.99752E-2	7.75839E-9
7.75000E-2	1.00055E-1	5.19027E-9
7.80000E-2	9.99752E-2	5.96444E-9
7.85000E-2	1.00031E-1	3.39632E-9
7.90000E-2	1.00031E-1	9.17331E-10
7.95000E-2	9.87681E-2	3.73086E-8
8.00000E-2	1.00950E-1	1.66970E-7
8.05000E-2	1.00152E-1	1.98323E-8
8.10000E-2	1.00083E-1	7.72722E-9
8.15000E-2	1.00097E-1	4.77263E-9
8.20000E-2	9.98976E-2	2.85153E-9
8.25000E-2	9.99724E-2	2.79854E-9
8.30000E-2	1.00100E-1	1.59053E-9
8.35000E-2	9.85881E-2	6.18080E-8
8.40000E-2	1.01204E-1	1.47134E-7
8.45000E-2	1.00230E-1	1.56903E-8
8.50000E-2	9.99724E-2	6.69062E-9
8.55000E-2	1.00017E-1	6.18323E-9
8.60000E-2	1.00069E-1	2.20015E-9
8.65000E-2	9.99419E-2	3.01297E-9
8.70000E-2	1.00031E-1	3.92615E-9
8.75000E-2	9.84442E-2	8.79412E-8
8.80000E-2	1.01293E-1	1.21322E-7
8.85000E-2	1.00072E-1	1.32244E-8
8.90000E-2	1.00044E-1	7.63871E-9
8.95000E-2	1.00114E-1	3.75224E-9
9.00000E-2	9.99502E-2	3.44058E-9
9.05000E-2	1.00011E-1	3.28724E-9
9.10000E-2	9.98312E-2	2.52428E-9
9.15000E-2	9.84331E-2	1.18393E-7
9.20000E-2	1.01473E-1	9.30806E-8
9.25000E-2	1.00105E-1	1.26921E-8
9.30000E-2	1.00078E-1	4.77326E-9
9.35000E-2	1.00022E-1	5.74004E-9
9.40000E-2	1.00031E-1	1.90531E-9
9.45000E-2	9.99419E-2	2.83719E-9
9.50000E-2	1.00091E-1	3.46426E-9
9.55000E-2	9.84580E-2	1.48505E-7
9.60000E-2	1.01304E-1	6.51778E-8
9.65000E-2	1.00105E-1	1.01426E-8
9.70000E-2	1.00089E-1	5.55928E-9
9.75000E-2	9.98589E-2	4.52143E-9
9.80000E-2	1.00116E-1	2.71252E-9
9.85000E-2	1.00058E-1	2.34538E-9
9.90000E-2	9.97565E-2	4.93470E-9
9.95000E-2	9.89674E-2	1.74259E-7
