## Header ##
[General info]
User	Giorgos_Psaltakis
Device	Sample
Cell area (cm2)	1
Test	Memristor
Date	2024-03-03
Time	03:09:28
Note	

[Acquisition Settings]
Sampling time (s)	5.000E+0
Voltage Range (V)	6.000E+0
Current Range (A)	1.000E-6
Current Limit (A)	1.000E-6

[Waveform Settings]
V_HRS (V)	1.0000
V_LRS (V)	1.0000
V_READ (V)	1.0000
t_HRS (s)	1.0000
t_LRS (s)	1.0000
t_READ (s)	0.0500
d_HRS (s)	0.0000
d_LRS (s)	0.0000
d_READ (s)	0.0000
Cycles	10

## Data ##
Time (s)	Voltage (V)	Current (A)
0.00000E+0	9.70964E-1	7.49771E-8
5.00000E-3	9.99850E-1	1.06097E-7
1.00000E-2	1.00001E+0	1.91631E-7
1.50000E-2	9.99997E-1	1.86329E-7
2.00000E-2	1.00000E+0	1.83715E-7
2.50000E-2	9.99998E-1	1.81615E-7
3.00000E-2	1.00000E+0	1.79973E-7
3.50000E-2	1.00001E+0	1.78883E-7
4.00000E-2	9.99997E-1	1.77809E-7
4.50000E-2	9.99993E-1	1.76645E-7
5.00000E-2	1.00013E+0	7.78196E-8
5.50000E-2	1.00001E+0	1.35941E-8
6.00000E-2	9.99993E-1	8.59814E-9
6.50000E-2	1.00001E+0	6.49646E-9
7.00000E-2	9.99991E-1	5.47849E-9
7.50000E-2	1.00000E+0	4.95564E-9
8.00000E-2	9.99993E-1	4.38779E-9
8.50000E-2	1.00000E+0	4.23470E-9
9.00000E-2	1.00001E+0	3.85216E-9
9.50000E-2	1.00000E+0	3.82455E-9
1.00000E-1	9.99988E-1	3.61623E-9
1.05000E-1	9.99995E-1	3.51220E-9
1.10000E-1	9.99996E-1	3.37513E-9
1.15000E-1	1.00001E+0	3.30456E-9
1.20000E-1	1.00000E+0	3.30818E-9
1.25000E-1	1.00001E+0	3.15952E-9
1.30000E-1	9.99999E-1	3.03198E-9
1.35000E-1	9.99986E-1	3.19804E-9
1.40000E-1	1.00002E+0	2.97139E-9
1.45000E-1	9.99999E-1	2.99383E-9
1.50000E-1	9.99997E-1	3.01846E-9
1.55000E-1	1.00001E+0	2.88930E-9
1.60000E-1	9.99993E-1	2.96797E-9
1.65000E-1	1.00000E+0	2.97501E-9
1.70000E-1	1.00000E+0	2.62881E-9
1.75000E-1	1.00001E+0	2.94060E-9
1.80000E-1	9.99997E-1	2.83931E-9
1.85000E-1	9.99993E-1	2.79138E-9
1.90000E-1	9.99995E-1	2.77829E-9
1.95000E-1	9.99992E-1	2.62850E-9
2.00000E-1	1.00001E+0	2.79879E-9
2.05000E-1	9.99996E-1	2.59964E-9
2.10000E-1	9.99988E-1	2.75379E-9
2.15000E-1	1.00001E+0	2.68853E-9
2.20000E-1	9.99992E-1	2.51000E-9
2.25000E-1	1.00001E+0	2.76439E-9
2.30000E-1	9.99999E-1	2.61522E-9
2.35000E-1	9.99996E-1	2.60737E-9
2.40000E-1	9.99999E-1	2.61797E-9
2.45000E-1	1.00001E+0	2.63106E-9
2.50000E-1	1.00000E+0	2.55632E-9
2.55000E-1	9.99991E-1	2.50608E-9
2.60000E-1	9.99999E-1	2.50159E-9
2.65000E-1	9.99990E-1	2.66048E-9
2.70000E-1	9.99997E-1	2.40298E-9
2.75000E-1	1.00002E+0	2.51674E-9
2.80000E-1	9.99990E-1	2.66378E-9
2.85000E-1	1.00001E+0	2.34339E-9
2.90000E-1	9.99986E-1	2.64352E-9
2.95000E-1	1.00001E+0	2.46276E-9
3.00000E-1	9.99998E-1	2.37992E-9
3.05000E-1	9.99997E-1	2.54984E-9
3.10000E-1	9.99997E-1	2.53039E-9
3.15000E-1	9.99999E-1	2.48108E-9
3.20000E-1	9.99997E-1	2.43938E-9
3.25000E-1	1.00001E+0	2.41962E-9
3.30000E-1	9.99992E-1	2.37113E-9
3.35000E-1	1.00000E+0	2.43034E-9
3.40000E-1	1.00000E+0	2.54117E-9
3.45000E-1	9.99997E-1	2.28978E-9
3.50000E-1	9.99997E-1	2.37705E-9
3.55000E-1	1.00000E+0	2.53780E-9
3.60000E-1	1.00000E+0	2.32537E-9
3.65000E-1	9.99993E-1	2.39768E-9
3.70000E-1	1.00001E+0	2.44780E-9
3.75000E-1	9.99998E-1	2.32219E-9
3.80000E-1	9.99991E-1	2.43003E-9
3.85000E-1	1.00002E+0	2.36788E-9
3.90000E-1	9.99991E-1	2.43739E-9
3.95000E-1	1.00000E+0	2.40073E-9
4.00000E-1	9.99993E-1	2.38752E-9
4.05000E-1	9.99996E-1	2.37499E-9
4.10000E-1	1.00001E+0	2.20931E-9
4.15000E-1	1.00000E+0	2.42698E-9
4.20000E-1	1.00000E+0	2.25861E-9
4.25000E-1	1.00000E+0	2.44081E-9
4.30000E-1	9.99998E-1	2.26497E-9
4.35000E-1	1.00001E+0	2.38864E-9
4.40000E-1	9.99988E-1	2.37935E-9
4.45000E-1	1.00002E+0	2.37387E-9
4.50000E-1	9.99989E-1	2.25699E-9
4.55000E-1	1.00000E+0	2.51356E-9
4.60000E-1	9.99990E-1	2.22745E-9
4.65000E-1	1.00000E+0	2.32089E-9
4.70000E-1	9.99991E-1	2.23368E-9
4.75000E-1	9.99999E-1	2.30767E-9
4.80000E-1	1.00001E+0	2.33454E-9
4.85000E-1	1.00000E+0	2.21380E-9
4.90000E-1	1.00001E+0	2.32799E-9
4.95000E-1	9.99988E-1	2.36552E-9
5.00000E-1	1.00000E+0	2.31839E-9
5.05000E-1	1.00000E+0	2.17041E-9
5.10000E-1	1.00001E+0	2.31453E-9
5.15000E-1	9.99989E-1	2.32350E-9
5.20000E-1	1.00001E+0	2.18550E-9
5.25000E-1	1.00000E+0	2.47279E-9
5.30000E-1	9.99995E-1	2.18113E-9
5.35000E-1	1.00001E+0	2.33373E-9
5.40000E-1	9.99991E-1	2.14386E-9
5.45000E-1	1.00000E+0	2.34582E-9
5.50000E-1	1.00001E+0	2.19709E-9
5.55000E-1	1.00001E+0	2.39001E-9
5.60000E-1	9.99990E-1	2.32039E-9
5.65000E-1	1.00000E+0	2.11793E-9
5.70000E-1	1.00000E+0	2.40634E-9
5.75000E-1	9.99997E-1	2.16742E-9
5.80000E-1	1.00000E+0	2.21249E-9
5.85000E-1	9.99998E-1	2.26416E-9
5.90000E-1	1.00000E+0	2.33192E-9
5.95000E-1	1.00001E+0	2.17465E-9
6.00000E-1	9.99990E-1	2.29901E-9
6.05000E-1	1.00001E+0	2.17951E-9
6.10000E-1	9.99992E-1	2.35174E-9
6.15000E-1	9.99994E-1	2.30792E-9
6.20000E-1	1.00001E+0	2.13544E-9
6.25000E-1	9.99997E-1	2.36171E-9
6.30000E-1	9.99988E-1	2.14317E-9
6.35000E-1	1.00001E+0	2.26934E-9
6.40000E-1	9.99998E-1	2.14760E-9
6.45000E-1	1.00000E+0	2.37692E-9
6.50000E-1	1.00000E+0	2.23256E-9
6.55000E-1	9.99992E-1	2.12971E-9
6.60000E-1	1.00000E+0	2.24066E-9
6.65000E-1	1.00001E+0	2.27644E-9
6.70000E-1	9.99989E-1	2.34077E-9
6.75000E-1	9.99999E-1	2.21853E-9
6.80000E-1	9.99997E-1	2.14785E-9
6.85000E-1	1.00001E+0	2.23169E-9
6.90000E-1	1.00000E+0	2.18456E-9
6.95000E-1	9.99993E-1	2.42342E-9
7.00000E-1	1.00001E+0	2.09175E-9
7.05000E-1	1.00001E+0	2.30867E-9
7.10000E-1	9.99996E-1	2.30836E-9
7.15000E-1	9.99995E-1	2.09125E-9
7.20000E-1	1.00001E+0	2.21199E-9
7.25000E-1	9.99993E-1	2.18718E-9
7.30000E-1	1.00000E+0	2.36969E-9
7.35000E-1	9.99997E-1	2.25064E-9
7.40000E-1	9.99998E-1	2.09256E-9
7.45000E-1	9.99989E-1	2.21236E-9
7.50000E-1	1.00001E+0	2.31179E-9
7.55000E-1	1.00000E+0	2.17066E-9
7.60000E-1	9.99994E-1	2.24864E-9
7.65000E-1	1.00001E+0	2.09842E-9
7.70000E-1	9.99996E-1	2.25232E-9
7.75000E-1	1.00001E+0	2.16337E-9
7.80000E-1	1.00000E+0	2.24540E-9
7.85000E-1	9.99995E-1	2.36464E-9
7.90000E-1	1.00000E+0	2.14317E-9
7.95000E-1	9.99990E-1	2.24746E-9
8.00000E-1	1.00000E+0	2.20918E-9
8.05000E-1	9.99999E-1	2.14467E-9
8.10000E-1	1.00001E+0	2.12472E-9
8.15000E-1	9.99994E-1	2.33024E-9
8.20000E-1	9.99994E-1	2.07891E-9
8.25000E-1	1.00001E+0	2.28504E-9
8.30000E-1	1.00000E+0	2.04731E-9
8.35000E-1	9.99993E-1	2.37935E-9
8.40000E-1	1.00000E+0	2.16742E-9
8.45000E-1	1.00000E+0	2.11064E-9
8.50000E-1	1.00000E+0	2.12279E-9
8.55000E-1	9.99998E-1	2.30150E-9
8.60000E-1	9.99998E-1	2.25500E-9
8.65000E-1	1.00000E+0	2.16144E-9
8.70000E-1	1.00001E+0	2.19092E-9
8.75000E-1	9.99994E-1	2.16293E-9
8.80000E-1	9.99997E-1	2.22601E-9
8.85000E-1	1.00001E+0	2.26940E-9
8.90000E-1	9.99994E-1	2.22128E-9
8.95000E-1	1.00000E+0	2.02200E-9
9.00000E-1	1.00001E+0	2.22477E-9
9.05000E-1	9.99982E-1	2.23262E-9
9.10000E-1	9.99997E-1	2.11668E-9
9.15000E-1	1.00002E+0	2.19616E-9
9.20000E-1	9.99998E-1	2.14361E-9
9.25000E-1	1.00001E+0	2.31073E-9
9.30000E-1	9.99995E-1	2.05765E-9
9.35000E-1	1.00000E+0	2.32350E-9
9.40000E-1	9.99997E-1	2.13482E-9
9.45000E-1	1.00000E+0	2.14286E-9
9.50000E-1	1.00001E+0	2.20781E-9
9.55000E-1	9.99999E-1	2.28978E-9
9.60000E-1	1.00000E+0	2.02854E-9
9.65000E-1	9.99993E-1	2.20975E-9
9.70000E-1	1.00001E+0	2.15564E-9
9.75000E-1	1.00000E+0	2.25469E-9
9.80000E-1	9.99991E-1	2.35685E-9
9.85000E-1	9.99996E-1	2.15851E-9
9.90000E-1	9.99998E-1	2.13850E-9
9.95000E-1	1.00000E+0	2.19890E-9
1.00000E+0	9.99922E-1	1.16164E-8
1.00500E+0	9.99981E-1	1.38758E-7
1.01000E+0	9.99991E-1	1.39521E-7
1.01500E+0	1.00001E+0	1.39070E-7
1.02000E+0	1.00001E+0	1.38626E-7
1.02500E+0	9.99997E-1	1.38474E-7
1.03000E+0	1.00001E+0	1.38050E-7
1.03500E+0	9.99999E-1	1.38400E-7
1.04000E+0	1.00000E+0	1.38107E-7
1.04500E+0	1.00005E+0	1.32304E-7
1.05000E+0	1.00004E+0	2.24800E-8
1.05500E+0	1.00001E+0	9.08072E-9
1.06000E+0	1.00001E+0	6.49795E-9
1.06500E+0	9.99992E-1	5.27055E-9
1.07000E+0	1.00001E+0	4.43223E-9
1.07500E+0	9.99988E-1	4.14182E-9
1.08000E+0	1.00000E+0	3.70761E-9
1.08500E+0	1.00000E+0	3.64179E-9
1.09000E+0	9.99991E-1	3.30475E-9
1.09500E+0	1.00001E+0	3.38385E-9
1.10000E+0	1.00001E+0	3.03909E-9
1.10500E+0	9.99987E-1	3.22048E-9
1.11000E+0	1.00001E+0	3.11033E-9
1.11500E+0	9.99990E-1	3.00898E-9
1.12000E+0	9.99998E-1	2.81375E-9
1.12500E+0	1.00000E+0	3.05236E-9
1.13000E+0	1.00001E+0	2.74195E-9
1.13500E+0	9.99993E-1	2.88793E-9
1.14000E+0	1.00000E+0	2.83146E-9
1.14500E+0	1.00001E+0	2.60843E-9
1.15000E+0	9.99997E-1	2.91504E-9
1.15500E+0	1.00001E+0	2.58406E-9
1.16000E+0	9.99976E-1	2.76314E-9
1.16500E+0	1.00002E+0	2.65649E-9
1.17000E+0	9.99986E-1	2.65374E-9
1.17500E+0	1.00001E+0	2.72424E-9
1.18000E+0	9.99998E-1	2.60494E-9
1.18500E+0	9.99998E-1	2.62644E-9
1.19000E+0	1.00000E+0	2.37954E-9
1.19500E+0	9.99997E-1	2.63236E-9
1.20000E+0	1.00002E+0	2.58867E-9
1.20500E+0	9.99990E-1	2.54198E-9
1.21000E+0	1.00001E+0	2.63068E-9
1.21500E+0	9.99982E-1	2.54167E-9
1.22000E+0	9.99998E-1	2.45341E-9
1.22500E+0	9.99997E-1	2.62588E-9
1.23000E+0	1.00000E+0	2.48021E-9
1.23500E+0	1.00000E+0	2.51593E-9
1.24000E+0	1.00001E+0	2.44549E-9
1.24500E+0	9.99994E-1	2.48732E-9
1.25000E+0	1.00001E+0	2.47703E-9
1.25500E+0	9.99994E-1	2.65724E-9
1.26000E+0	9.99997E-1	2.41582E-9
1.26500E+0	1.00001E+0	2.43876E-9
1.27000E+0	9.99985E-1	2.43751E-9
1.27500E+0	1.00001E+0	2.37605E-9
1.28000E+0	1.00001E+0	2.48831E-9
1.28500E+0	1.00000E+0	2.53431E-9
1.29000E+0	9.99997E-1	2.33952E-9
1.29500E+0	1.00000E+0	2.59839E-9
1.30000E+0	9.99996E-1	2.31154E-9
1.30500E+0	9.99997E-1	2.60076E-9
1.31000E+0	1.00000E+0	2.28504E-9
1.31500E+0	9.99993E-1	2.41719E-9
1.32000E+0	1.00000E+0	2.41301E-9
1.32500E+0	1.00000E+0	2.51530E-9
1.33000E+0	1.00000E+0	2.34108E-9
1.33500E+0	1.00000E+0	2.50471E-9
1.34000E+0	9.99997E-1	2.34227E-9
1.34500E+0	9.99994E-1	2.48520E-9
1.35000E+0	1.00001E+0	2.40678E-9
1.35500E+0	9.99998E-1	2.40634E-9
1.36000E+0	9.99986E-1	2.32974E-9
1.36500E+0	1.00000E+0	2.36951E-9
1.37000E+0	1.00001E+0	2.33959E-9
1.37500E+0	1.00000E+0	2.32338E-9
1.38000E+0	9.99998E-1	2.58281E-9
1.38500E+0	1.00000E+0	2.39905E-9
1.39000E+0	9.99996E-1	2.24035E-9
1.39500E+0	1.00001E+0	2.44555E-9
1.40000E+0	9.99998E-1	2.39749E-9
1.40500E+0	1.00001E+0	2.30512E-9
1.41000E+0	9.99983E-1	2.24471E-9
1.41500E+0	1.00001E+0	2.41545E-9
1.42000E+0	9.99998E-1	2.39238E-9
1.42500E+0	9.99992E-1	2.34607E-9
1.43000E+0	1.00001E+0	2.31634E-9
1.43500E+0	9.99997E-1	2.47653E-9
1.44000E+0	9.99995E-1	2.22496E-9
1.44500E+0	9.99996E-1	2.41582E-9
1.45000E+0	1.00001E+0	2.23929E-9
1.45500E+0	9.99990E-1	2.45621E-9
1.46000E+0	1.00001E+0	2.26915E-9
1.46500E+0	9.99992E-1	2.43801E-9
1.47000E+0	1.00000E+0	2.36882E-9
1.47500E+0	1.00000E+0	2.17596E-9
1.48000E+0	9.99991E-1	2.34788E-9
1.48500E+0	1.00001E+0	2.35268E-9
1.49000E+0	9.99993E-1	2.26753E-9
1.49500E+0	1.00002E+0	2.32930E-9
1.50000E+0	1.00000E+0	2.31958E-9
1.50500E+0	9.99996E-1	2.42810E-9
1.51000E+0	9.99995E-1	2.31390E-9
1.51500E+0	1.00001E+0	2.35155E-9
1.52000E+0	9.99987E-1	2.27426E-9
1.52500E+0	1.00002E+0	2.27457E-9
1.53000E+0	9.99984E-1	2.31359E-9
1.53500E+0	1.00000E+0	2.45833E-9
1.54000E+0	1.00001E+0	2.18232E-9
1.54500E+0	1.00000E+0	2.28018E-9
1.55000E+0	9.99996E-1	2.38528E-9
1.55500E+0	9.99998E-1	2.39082E-9
1.56000E+0	9.99994E-1	2.23138E-9
1.56500E+0	1.00001E+0	2.36614E-9
1.57000E+0	9.99985E-1	2.29084E-9
1.57500E+0	1.00000E+0	2.26348E-9
1.58000E+0	1.00000E+0	2.42947E-9
1.58500E+0	1.00000E+0	2.19616E-9
1.59000E+0	9.99998E-1	2.42660E-9
1.59500E+0	1.00001E+0	2.23187E-9
1.60000E+0	9.99990E-1	2.40130E-9
1.60500E+0	1.00001E+0	2.31802E-9
1.61000E+0	9.99996E-1	2.20457E-9
1.61500E+0	9.99993E-1	2.34432E-9
1.62000E+0	1.00000E+0	2.33024E-9
1.62500E+0	9.99998E-1	2.21959E-9
1.63000E+0	1.00001E+0	2.36290E-9
1.63500E+0	9.99997E-1	2.26996E-9
1.64000E+0	1.00000E+0	2.34731E-9
1.64500E+0	9.99998E-1	2.12186E-9
1.65000E+0	9.99998E-1	2.42517E-9
1.65500E+0	1.00001E+0	2.22352E-9
1.66000E+0	9.99986E-1	2.23343E-9
1.66500E+0	9.99998E-1	2.29352E-9
1.67000E+0	1.00001E+0	2.29408E-9
1.67500E+0	9.99995E-1	2.27794E-9
1.68000E+0	1.00001E+0	2.32157E-9
1.68500E+0	9.99989E-1	2.18787E-9
1.69000E+0	1.00001E+0	2.40703E-9
1.69500E+0	9.99996E-1	2.29552E-9
1.70000E+0	1.00000E+0	2.36564E-9
1.70500E+0	1.00000E+0	2.12005E-9
1.71000E+0	1.00000E+0	2.31895E-9
1.71500E+0	9.99992E-1	2.39238E-9
1.72000E+0	9.99996E-1	2.17783E-9
1.72500E+0	1.00001E+0	2.42299E-9
1.73000E+0	9.99994E-1	2.14417E-9
1.73500E+0	1.00001E+0	2.40703E-9
1.74000E+0	9.99998E-1	2.13314E-9
1.74500E+0	1.00000E+0	2.26435E-9
1.75000E+0	9.99999E-1	2.31222E-9
1.75500E+0	1.00000E+0	2.19597E-9
1.76000E+0	1.00000E+0	2.32238E-9
1.76500E+0	1.00000E+0	2.25712E-9
1.77000E+0	9.99992E-1	2.45010E-9
1.77500E+0	1.00000E+0	2.22969E-9
1.78000E+0	9.99991E-1	2.34700E-9
1.78500E+0	1.00000E+0	2.20457E-9
1.79000E+0	9.99989E-1	2.20027E-9
1.79500E+0	1.00001E+0	2.34663E-9
1.80000E+0	9.99995E-1	2.25961E-9
1.80500E+0	1.00000E+0	2.13825E-9
1.81000E+0	1.00000E+0	2.31852E-9
1.81500E+0	9.99990E-1	2.37748E-9
1.82000E+0	9.99992E-1	2.23960E-9
1.82500E+0	1.00001E+0	2.12497E-9
1.83000E+0	1.00001E+0	2.36090E-9
1.83500E+0	9.99992E-1	2.37406E-9
1.84000E+0	9.99998E-1	2.23113E-9
1.84500E+0	1.00000E+0	2.19772E-9
1.85000E+0	1.00001E+0	2.20021E-9
1.85500E+0	1.00000E+0	2.37399E-9
1.86000E+0	9.99994E-1	2.32500E-9
1.86500E+0	9.99987E-1	2.17852E-9
1.87000E+0	1.00001E+0	2.14816E-9
1.87500E+0	1.00001E+0	2.25712E-9
1.88000E+0	9.99996E-1	2.31877E-9
1.88500E+0	1.00000E+0	2.21230E-9
1.89000E+0	9.99999E-1	2.41289E-9
1.89500E+0	1.00000E+0	2.20563E-9
1.90000E+0	9.99993E-1	2.24640E-9
1.90500E+0	1.00001E+0	2.33672E-9
1.91000E+0	9.99987E-1	2.27594E-9
1.91500E+0	1.00002E+0	2.22813E-9
1.92000E+0	9.99981E-1	2.16225E-9
1.92500E+0	1.00000E+0	2.29707E-9
1.93000E+0	1.00000E+0	2.15658E-9
1.93500E+0	1.00001E+0	2.34538E-9
1.94000E+0	9.99994E-1	2.14648E-9
1.94500E+0	1.00001E+0	2.26098E-9
1.95000E+0	1.00001E+0	2.25400E-9
1.95500E+0	9.99994E-1	2.32120E-9
1.96000E+0	9.99995E-1	2.22464E-9
1.96500E+0	1.00000E+0	2.17471E-9
1.97000E+0	1.00001E+0	2.33597E-9
1.97500E+0	9.99993E-1	2.32992E-9
1.98000E+0	9.99994E-1	2.10272E-9
1.98500E+0	1.00001E+0	2.32862E-9
1.99000E+0	9.99998E-1	2.24266E-9
1.99500E+0	9.99991E-1	2.21517E-9
2.00000E+0	9.99920E-1	5.60142E-8
2.00500E+0	9.99986E-1	1.29786E-7
2.01000E+0	1.00000E+0	1.28117E-7
2.01500E+0	1.00001E+0	1.27460E-7
2.02000E+0	9.99988E-1	1.26799E-7
2.02500E+0	1.00001E+0	1.26716E-7
2.03000E+0	9.99996E-1	1.26302E-7
2.03500E+0	9.99995E-1	1.26243E-7
2.04000E+0	1.00001E+0	1.26046E-7
2.04500E+0	1.00007E+0	8.70654E-8
2.05000E+0	1.00001E+0	1.31443E-8
2.05500E+0	9.99998E-1	7.66489E-9
2.06000E+0	9.99994E-1	5.61114E-9
2.06500E+0	9.99997E-1	5.00333E-9
2.07000E+0	1.00002E+0	4.39190E-9
2.07500E+0	9.99999E-1	3.95931E-9
2.08000E+0	1.00000E+0	3.85702E-9
2.08500E+0	9.99997E-1	3.54000E-9
2.09000E+0	1.00001E+0	3.54935E-9
2.09500E+0	9.99989E-1	3.29503E-9
2.10000E+0	1.00000E+0	3.29041E-9
2.10500E+0	9.99994E-1	3.31990E-9
2.11000E+0	1.00000E+0	2.98193E-9
2.11500E+0	1.00000E+0	3.15341E-9
2.12000E+0	9.99998E-1	3.03990E-9
2.12500E+0	1.00000E+0	3.05554E-9
2.13000E+0	9.99999E-1	2.87366E-9
2.13500E+0	9.99999E-1	2.93911E-9
2.14000E+0	1.00000E+0	2.73602E-9
2.14500E+0	1.00000E+0	2.86456E-9
2.15000E+0	1.00001E+0	2.84822E-9
2.15500E+0	9.99993E-1	2.71801E-9
2.16000E+0	9.99999E-1	2.81805E-9
2.16500E+0	1.00002E+0	2.83146E-9
2.17000E+0	9.99989E-1	2.67581E-9
2.17500E+0	1.00000E+0	2.74936E-9
2.18000E+0	9.99993E-1	2.76968E-9
2.18500E+0	9.99998E-1	2.67201E-9
2.19000E+0	9.99999E-1	2.62264E-9
2.19500E+0	1.00001E+0	2.74724E-9
2.20000E+0	1.00001E+0	2.54423E-9
2.20500E+0	9.99984E-1	2.73428E-9
2.21000E+0	1.00001E+0	2.48295E-9
2.21500E+0	9.99994E-1	2.76526E-9
2.22000E+0	1.00000E+0	2.55065E-9
2.22500E+0	9.99998E-1	2.57022E-9
2.23000E+0	9.99996E-1	2.65138E-9
2.23500E+0	1.00001E+0	2.63984E-9
2.24000E+0	1.00001E+0	2.47011E-9
2.24500E+0	9.99986E-1	2.56704E-9
2.25000E+0	1.00002E+0	2.56760E-9
2.25500E+0	9.99989E-1	2.59004E-9
2.26000E+0	9.99996E-1	2.45166E-9
2.26500E+0	9.99999E-1	2.66746E-9
2.27000E+0	9.99998E-1	2.44948E-9
2.27500E+0	9.99993E-1	2.58032E-9
2.28000E+0	1.00001E+0	2.47902E-9
2.28500E+0	1.00001E+0	2.40379E-9
2.29000E+0	9.99992E-1	2.65786E-9
2.29500E+0	1.00000E+0	2.53026E-9
2.30000E+0	1.00001E+0	2.36533E-9
2.30500E+0	9.99992E-1	2.47447E-9
2.31000E+0	9.99993E-1	2.64907E-9
2.31500E+0	9.99998E-1	2.32824E-9
2.32000E+0	1.00001E+0	2.53170E-9
2.32500E+0	1.00000E+0	2.42118E-9
2.33000E+0	9.99996E-1	2.59104E-9
2.33500E+0	9.99990E-1	2.42392E-9
2.34000E+0	1.00002E+0	2.43022E-9
2.34500E+0	1.00000E+0	2.40784E-9
2.35000E+0	9.99997E-1	2.58692E-9
2.35500E+0	1.00000E+0	2.40722E-9
2.36000E+0	9.99999E-1	2.37138E-9
2.36500E+0	1.00000E+0	2.44406E-9
2.37000E+0	9.99998E-1	2.58050E-9
2.37500E+0	1.00001E+0	2.42903E-9
2.38000E+0	9.99991E-1	2.30998E-9
2.38500E+0	1.00000E+0	2.42972E-9
2.39000E+0	1.00001E+0	2.42442E-9
2.39500E+0	9.99988E-1	2.40435E-9
2.40000E+0	1.00001E+0	2.45914E-9
2.40500E+0	9.99987E-1	2.37325E-9
2.41000E+0	1.00001E+0	2.55283E-9
2.41500E+0	9.99991E-1	2.34781E-9
2.42000E+0	1.00001E+0	2.38197E-9
2.42500E+0	9.99995E-1	2.53163E-9
2.43000E+0	9.99994E-1	2.32749E-9
2.43500E+0	1.00001E+0	2.32469E-9
2.44000E+0	9.99996E-1	2.37524E-9
2.44500E+0	1.00000E+0	2.53955E-9
2.45000E+0	9.99993E-1	2.29203E-9
2.45500E+0	1.00001E+0	2.37773E-9
2.46000E+0	9.99985E-1	2.32219E-9
2.46500E+0	1.00001E+0	2.58829E-9
2.47000E+0	1.00000E+0	2.24802E-9
2.47500E+0	9.99986E-1	2.47005E-9
2.48000E+0	1.00001E+0	2.32419E-9
2.48500E+0	9.99999E-1	2.44362E-9
2.49000E+0	9.99994E-1	2.28367E-9
2.49500E+0	9.99994E-1	2.41457E-9
2.50000E+0	1.00000E+0	2.22240E-9
2.50500E+0	1.00000E+0	2.47971E-9
2.51000E+0	1.00001E+0	2.40192E-9
2.51500E+0	9.99995E-1	2.45484E-9
2.52000E+0	9.99993E-1	2.39425E-9
2.52500E+0	9.99996E-1	2.28436E-9
2.53000E+0	1.00000E+0	2.33329E-9
2.53500E+0	1.00001E+0	2.32313E-9
2.54000E+0	1.00000E+0	2.40366E-9
2.54500E+0	9.99992E-1	2.24048E-9
2.55000E+0	9.99996E-1	2.44244E-9
2.55500E+0	1.00001E+0	2.27395E-9
2.56000E+0	9.99994E-1	2.49056E-9
2.56500E+0	9.99995E-1	2.31235E-9
2.57000E+0	1.00000E+0	2.39868E-9
2.57500E+0	9.99996E-1	2.17528E-9
2.58000E+0	1.00001E+0	2.41227E-9
2.58500E+0	9.99987E-1	2.30125E-9
2.59000E+0	1.00002E+0	2.26927E-9
2.59500E+0	9.99998E-1	2.41395E-9
2.60000E+0	1.00000E+0	2.27594E-9
2.60500E+0	1.00001E+0	2.41301E-9
2.61000E+0	9.99976E-1	2.31322E-9
2.61500E+0	1.00001E+0	2.40828E-9
2.62000E+0	1.00001E+0	2.30368E-9
2.62500E+0	9.99999E-1	2.34071E-9
2.63000E+0	9.99986E-1	2.27320E-9
2.63500E+0	1.00002E+0	2.27345E-9
2.64000E+0	1.00000E+0	2.29533E-9
2.64500E+0	9.99988E-1	2.44580E-9
2.65000E+0	1.00000E+0	2.39731E-9
2.65500E+0	1.00000E+0	2.13027E-9
2.66000E+0	1.00000E+0	2.45503E-9
2.66500E+0	9.99984E-1	2.20046E-9
2.67000E+0	1.00001E+0	2.47528E-9
2.67500E+0	1.00001E+0	2.29626E-9
2.68000E+0	9.99989E-1	2.25064E-9
2.68500E+0	1.00000E+0	2.33105E-9
2.69000E+0	9.99991E-1	2.17989E-9
2.69500E+0	1.00001E+0	2.44300E-9
2.70000E+0	9.99997E-1	2.16187E-9
2.70500E+0	1.00001E+0	2.39126E-9
2.71000E+0	9.99995E-1	2.23300E-9
2.71500E+0	1.00000E+0	2.28642E-9
2.72000E+0	1.00000E+0	2.43464E-9
2.72500E+0	1.00001E+0	2.20326E-9
2.73000E+0	9.99997E-1	2.41931E-9
2.73500E+0	9.99990E-1	2.20975E-9
2.74000E+0	1.00001E+0	2.17565E-9
2.74500E+0	9.99991E-1	2.30007E-9
2.75000E+0	1.00002E+0	2.32712E-9
2.75500E+0	9.99990E-1	2.29097E-9
2.76000E+0	9.99999E-1	2.35735E-9
2.76500E+0	1.00000E+0	2.24740E-9
2.77000E+0	9.99997E-1	2.27127E-9
2.77500E+0	1.00001E+0	2.17422E-9
2.78000E+0	1.00000E+0	2.41906E-9
2.78500E+0	9.99997E-1	2.24496E-9
2.79000E+0	1.00001E+0	2.35991E-9
2.79500E+0	9.99991E-1	2.24845E-9
2.80000E+0	1.00000E+0	2.31577E-9
2.80500E+0	1.00000E+0	2.33634E-9
2.81000E+0	1.00000E+0	2.22009E-9
2.81500E+0	1.00000E+0	2.22608E-9
2.82000E+0	9.99994E-1	2.26915E-9
2.82500E+0	1.00000E+0	2.37761E-9
2.83000E+0	9.99987E-1	2.17185E-9
2.83500E+0	1.00001E+0	2.33672E-9
2.84000E+0	9.99997E-1	2.37586E-9
2.84500E+0	1.00000E+0	2.23717E-9
2.85000E+0	1.00000E+0	2.19441E-9
2.85500E+0	9.99996E-1	2.36714E-9
2.86000E+0	1.00000E+0	2.26136E-9
2.86500E+0	9.99994E-1	2.25257E-9
2.87000E+0	9.99997E-1	2.39344E-9
2.87500E+0	1.00000E+0	2.25662E-9
2.88000E+0	1.00001E+0	2.25425E-9
2.88500E+0	9.99990E-1	2.17241E-9
2.89000E+0	9.99997E-1	2.31802E-9
2.89500E+0	1.00002E+0	2.24334E-9
2.90000E+0	9.99979E-1	2.28997E-9
2.90500E+0	1.00001E+0	2.32219E-9
2.91000E+0	1.00000E+0	2.20912E-9
2.91500E+0	9.99991E-1	2.13326E-9
2.92000E+0	1.00002E+0	2.37374E-9
2.92500E+0	9.99996E-1	2.18936E-9
2.93000E+0	1.00000E+0	2.36227E-9
2.93500E+0	1.00001E+0	2.22284E-9
2.94000E+0	9.99983E-1	2.28180E-9
2.94500E+0	1.00001E+0	2.21068E-9
2.95000E+0	1.00001E+0	2.29427E-9
2.95500E+0	9.99995E-1	2.32955E-9
2.96000E+0	9.99999E-1	2.09624E-9
2.96500E+0	1.00000E+0	2.20270E-9
2.97000E+0	1.00000E+0	2.45970E-9
2.97500E+0	9.99997E-1	2.16624E-9
2.98000E+0	9.99997E-1	2.18182E-9
2.98500E+0	1.00000E+0	2.36234E-9
2.99000E+0	9.99989E-1	2.23711E-9
2.99500E+0	1.00001E+0	2.28716E-9
3.00000E+0	9.99915E-1	9.85908E-8
3.00500E+0	9.99990E-1	1.23510E-7
3.01000E+0	1.00002E+0	1.22195E-7
3.01500E+0	9.99988E-1	1.21197E-7
3.02000E+0	9.99995E-1	1.20617E-7
3.02500E+0	1.00001E+0	1.20133E-7
3.03000E+0	1.00001E+0	1.20201E-7
3.03500E+0	9.99980E-1	1.19689E-7
3.04000E+0	1.00003E+0	1.19741E-7
3.04500E+0	1.00006E+0	4.52652E-8
3.05000E+0	1.00000E+0	9.91281E-9
3.05500E+0	1.00001E+0	6.74018E-9
3.06000E+0	1.00001E+0	5.38973E-9
3.06500E+0	1.00000E+0	4.84457E-9
3.07000E+0	1.00000E+0	4.32776E-9
3.07500E+0	9.99997E-1	3.92546E-9
3.08000E+0	9.99990E-1	3.73666E-9
3.08500E+0	1.00000E+0	3.53152E-9
3.09000E+0	1.00001E+0	3.39196E-9
3.09500E+0	9.99995E-1	3.48714E-9
3.10000E+0	1.00000E+0	3.10229E-9
3.10500E+0	9.99992E-1	3.30513E-9
3.11000E+0	1.00002E+0	3.16612E-9
3.11500E+0	9.99988E-1	3.08671E-9
3.12000E+0	1.00001E+0	2.95749E-9
3.12500E+0	1.00000E+0	3.02388E-9
3.13000E+0	1.00000E+0	3.03273E-9
3.13500E+0	9.99993E-1	2.96279E-9
3.14000E+0	1.00001E+0	3.00730E-9
3.14500E+0	9.99992E-1	2.77872E-9
3.15000E+0	1.00001E+0	2.79480E-9
3.15500E+0	9.99993E-1	2.90114E-9
3.16000E+0	1.00001E+0	2.70355E-9
3.16500E+0	9.99996E-1	2.81388E-9
3.17000E+0	1.00000E+0	2.78265E-9
3.17500E+0	9.99998E-1	2.78938E-9
3.18000E+0	9.99999E-1	2.66253E-9
3.18500E+0	1.00000E+0	2.76139E-9
3.19000E+0	1.00000E+0	2.73341E-9
3.19500E+0	1.00001E+0	2.73141E-9
3.20000E+0	9.99984E-1	2.69738E-9
3.20500E+0	1.00002E+0	2.60967E-9
3.21000E+0	9.99989E-1	2.73559E-9
3.21500E+0	1.00000E+0	2.52135E-9
3.22000E+0	9.99988E-1	2.74301E-9
3.22500E+0	1.00000E+0	2.59995E-9
3.23000E+0	1.00000E+0	2.55756E-9
3.23500E+0	9.99998E-1	2.64408E-9
3.24000E+0	1.00002E+0	2.50059E-9
3.24500E+0	9.99987E-1	2.64246E-9
3.25000E+0	1.00000E+0	2.65811E-9
3.25500E+0	1.00000E+0	2.42748E-9
3.26000E+0	9.99997E-1	2.68778E-9
3.26500E+0	1.00001E+0	2.52895E-9
3.27000E+0	9.99989E-1	2.53556E-9
3.27500E+0	1.00001E+0	2.41576E-9
3.28000E+0	1.00000E+0	2.68298E-9
3.28500E+0	9.99997E-1	2.37736E-9
3.29000E+0	1.00000E+0	2.55538E-9
3.29500E+0	1.00000E+0	2.57009E-9
3.30000E+0	9.99994E-1	2.59571E-9
3.30500E+0	9.99995E-1	2.52471E-9
3.31000E+0	9.99996E-1	2.41002E-9
3.31500E+0	1.00001E+0	2.36427E-9
3.32000E+0	1.00000E+0	2.65505E-9
3.32500E+0	9.99997E-1	2.45203E-9
3.33000E+0	1.00000E+0	2.39544E-9
3.33500E+0	9.99993E-1	2.47030E-9
3.34000E+0	1.00000E+0	2.53363E-9
3.34500E+0	1.00000E+0	2.50496E-9
3.35000E+0	1.00000E+0	2.46550E-9
3.35500E+0	9.99989E-1	2.39014E-9
3.36000E+0	1.00001E+0	2.50496E-9
3.36500E+0	1.00000E+0	2.42878E-9
3.37000E+0	9.99986E-1	2.40179E-9
3.37500E+0	1.00001E+0	2.48769E-9
3.38000E+0	9.99998E-1	2.40348E-9
3.38500E+0	9.99997E-1	2.44655E-9
3.39000E+0	1.00000E+0	2.47348E-9
3.39500E+0	9.99992E-1	2.29084E-9
3.40000E+0	1.00001E+0	2.37618E-9
3.40500E+0	1.00001E+0	2.42180E-9
3.41000E+0	9.99984E-1	2.44624E-9
3.41500E+0	1.00000E+0	2.42504E-9
3.42000E+0	9.99999E-1	2.46731E-9
3.42500E+0	1.00001E+0	2.23561E-9
3.43000E+0	1.00000E+0	2.40385E-9
3.43500E+0	9.99998E-1	2.44536E-9
3.44000E+0	9.99996E-1	2.46992E-9
3.44500E+0	1.00000E+0	2.41831E-9
3.45000E+0	1.00000E+0	2.26722E-9
3.45500E+0	9.99990E-1	2.33753E-9
3.46000E+0	1.00001E+0	2.45390E-9
3.46500E+0	9.99993E-1	2.44337E-9
3.47000E+0	1.00001E+0	2.36184E-9
3.47500E+0	9.99993E-1	2.49274E-9
3.48000E+0	9.99992E-1	2.24908E-9
3.48500E+0	9.99999E-1	2.30044E-9
3.49000E+0	1.00001E+0	2.44624E-9
3.49500E+0	1.00000E+0	2.44256E-9
3.50000E+0	9.99985E-1	2.32918E-9
3.50500E+0	1.00002E+0	2.16125E-9
3.51000E+0	1.00000E+0	2.38528E-9
3.51500E+0	9.99988E-1	2.56280E-9
3.52000E+0	9.99996E-1	2.28018E-9
3.52500E+0	9.99999E-1	2.26254E-9
3.53000E+0	1.00000E+0	2.31378E-9
3.53500E+0	1.00001E+0	2.40042E-9
3.54000E+0	9.99994E-1	2.42623E-9
3.54500E+0	9.99985E-1	2.30836E-9
3.55000E+0	1.00001E+0	2.28349E-9
3.55500E+0	9.99996E-1	2.35199E-9
3.56000E+0	9.99985E-1	2.31154E-9
3.56500E+0	1.00002E+0	2.44393E-9
3.57000E+0	9.99991E-1	2.18581E-9
3.57500E+0	1.00001E+0	2.27725E-9
3.58000E+0	9.99985E-1	2.46724E-9
3.58500E+0	1.00000E+0	2.31796E-9
3.59000E+0	1.00001E+0	2.22751E-9
3.59500E+0	9.99984E-1	2.38179E-9
3.60000E+0	1.00000E+0	2.37867E-9
3.60500E+0	1.00001E+0	2.10378E-9
3.61000E+0	1.00001E+0	2.35941E-9
3.61500E+0	9.99998E-1	2.44225E-9
3.62000E+0	1.00000E+0	2.17739E-9
3.62500E+0	1.00001E+0	2.32170E-9
3.63000E+0	9.99993E-1	2.34781E-9
3.63500E+0	9.99991E-1	2.37898E-9
3.64000E+0	1.00001E+0	2.17010E-9
3.64500E+0	1.00000E+0	2.46057E-9
3.65000E+0	9.99996E-1	2.21330E-9
3.65500E+0	1.00000E+0	2.43296E-9
3.66000E+0	1.00000E+0	2.29340E-9
3.66500E+0	9.99995E-1	2.13401E-9
3.67000E+0	1.00001E+0	2.44343E-9
3.67500E+0	9.99996E-1	2.29857E-9
3.68000E+0	9.99996E-1	2.34588E-9
3.68500E+0	9.99998E-1	2.17590E-9
3.69000E+0	9.99999E-1	2.27382E-9
3.69500E+0	1.00001E+0	2.27594E-9
3.70000E+0	9.99992E-1	2.42342E-9
3.70500E+0	9.99993E-1	2.14910E-9
3.71000E+0	1.00000E+0	2.25419E-9
3.71500E+0	1.00001E+0	2.37561E-9
3.72000E+0	1.00001E+0	2.23038E-9
3.72500E+0	9.99993E-1	2.15115E-9
3.73000E+0	1.00001E+0	2.38496E-9
3.73500E+0	9.99990E-1	2.29527E-9
3.74000E+0	1.00000E+0	2.25170E-9
3.74500E+0	1.00000E+0	2.28741E-9
3.75000E+0	1.00000E+0	2.33466E-9
3.75500E+0	9.99987E-1	2.24852E-9
3.76000E+0	1.00000E+0	2.31029E-9
3.76500E+0	9.99989E-1	2.19952E-9
3.77000E+0	1.00001E+0	2.36402E-9
3.77500E+0	1.00001E+0	2.05136E-9
3.78000E+0	9.99985E-1	2.36078E-9
3.78500E+0	1.00001E+0	2.17029E-9
3.79000E+0	1.00001E+0	2.29975E-9
3.79500E+0	9.99999E-1	2.38465E-9
3.80000E+0	9.99996E-1	2.27320E-9
3.80500E+0	1.00001E+0	2.15234E-9
3.81000E+0	1.00000E+0	2.31097E-9
3.81500E+0	9.99997E-1	2.28074E-9
3.82000E+0	1.00000E+0	2.05454E-9
3.82500E+0	1.00001E+0	2.46874E-9
3.83000E+0	9.99992E-1	2.25438E-9
3.83500E+0	1.00000E+0	2.14853E-9
3.84000E+0	9.99996E-1	2.21286E-9
3.84500E+0	1.00001E+0	2.37842E-9
3.85000E+0	9.99996E-1	2.30580E-9
3.85500E+0	1.00000E+0	2.22608E-9
3.86000E+0	9.99992E-1	2.22926E-9
3.86500E+0	1.00001E+0	2.08078E-9
3.87000E+0	9.99993E-1	2.29140E-9
3.87500E+0	1.00001E+0	2.27831E-9
3.88000E+0	1.00001E+0	2.23499E-9
3.88500E+0	9.99997E-1	2.16755E-9
3.89000E+0	1.00000E+0	2.38291E-9
3.89500E+0	9.99986E-1	2.10715E-9
3.90000E+0	1.00002E+0	2.31789E-9
3.90500E+0	9.99990E-1	2.16792E-9
3.91000E+0	1.00001E+0	2.20276E-9
3.91500E+0	1.00001E+0	2.32731E-9
3.92000E+0	9.99990E-1	2.18120E-9
3.92500E+0	1.00001E+0	2.31135E-9
3.93000E+0	9.99998E-1	2.30349E-9
3.93500E+0	9.99995E-1	2.20713E-9
3.94000E+0	1.00001E+0	2.18830E-9
3.94500E+0	9.99993E-1	2.33504E-9
3.95000E+0	9.99998E-1	2.23530E-9
3.95500E+0	9.99988E-1	2.16262E-9
3.96000E+0	1.00001E+0	2.28492E-9
3.96500E+0	1.00000E+0	2.23169E-9
3.97000E+0	9.99993E-1	2.27788E-9
3.97500E+0	1.00001E+0	2.16786E-9
3.98000E+0	9.99992E-1	2.30237E-9
3.98500E+0	1.00000E+0	2.16106E-9
3.99000E+0	9.99996E-1	2.17041E-9
3.99500E+0	9.99922E-1	1.94664E-8
4.00000E+0	9.99992E-1	1.21502E-7
4.00500E+0	1.00000E+0	1.19070E-7
4.01000E+0	9.99990E-1	1.17877E-7
4.01500E+0	1.00000E+0	1.16982E-7
4.02000E+0	1.00002E+0	1.16312E-7
4.02500E+0	1.00000E+0	1.16022E-7
4.03000E+0	9.99985E-1	1.15746E-7
4.03500E+0	1.00000E+0	1.15418E-7
4.04000E+0	1.00006E+0	1.04966E-7
4.04500E+0	1.00004E+0	1.71363E-8
4.05000E+0	1.00000E+0	8.29558E-9
4.05500E+0	1.00000E+0	6.07658E-9
4.06000E+0	9.99988E-1	5.24699E-9
4.06500E+0	1.00000E+0	4.54823E-9
4.07000E+0	9.99999E-1	4.15797E-9
4.07500E+0	1.00001E+0	3.85166E-9
4.08000E+0	9.99992E-1	3.83321E-9
4.08500E+0	1.00001E+0	3.57584E-9
4.09000E+0	9.99993E-1	3.28262E-9
4.09500E+0	1.00001E+0	3.33305E-9
4.10000E+0	1.00001E+0	3.32208E-9
4.10500E+0	1.00000E+0	3.20876E-9
4.11000E+0	9.99989E-1	3.26243E-9
4.11500E+0	1.00001E+0	3.14337E-9
4.12000E+0	9.99982E-1	3.09718E-9
4.12500E+0	1.00001E+0	3.00362E-9
4.13000E+0	1.00000E+0	2.76333E-9
4.13500E+0	9.99994E-1	3.12124E-9
4.14000E+0	1.00001E+0	2.92016E-9
4.14500E+0	9.99994E-1	2.70349E-9
4.15000E+0	1.00001E+0	2.90669E-9
4.15500E+0	9.99998E-1	2.97395E-9
4.16000E+0	9.99997E-1	2.63698E-9
4.16500E+0	1.00000E+0	2.85795E-9
4.17000E+0	1.00001E+0	2.74494E-9
4.17500E+0	9.99986E-1	2.78471E-9
4.18000E+0	1.00001E+0	2.67974E-9
4.18500E+0	9.99998E-1	2.74475E-9
4.19000E+0	1.00000E+0	2.61510E-9
4.19500E+0	9.99984E-1	2.76563E-9
4.20000E+0	1.00002E+0	2.62040E-9
4.20500E+0	9.99992E-1	2.68454E-9
4.21000E+0	1.00001E+0	2.64408E-9
4.21500E+0	9.99997E-1	2.65169E-9
4.22000E+0	9.99998E-1	2.59428E-9
4.22500E+0	1.00000E+0	2.59459E-9
4.23000E+0	1.00000E+0	2.56211E-9
4.23500E+0	9.99995E-1	2.71626E-9
4.24000E+0	1.00000E+0	2.62800E-9
4.24500E+0	1.00001E+0	2.60045E-9
4.25000E+0	9.99996E-1	2.55326E-9
4.25500E+0	1.00001E+0	2.54485E-9
4.26000E+0	9.99997E-1	2.57371E-9
4.26500E+0	9.99989E-1	2.51686E-9
4.27000E+0	1.00000E+0	2.56829E-9
4.27500E+0	1.00000E+0	2.46406E-9
4.28000E+0	9.99985E-1	2.42037E-9
4.28500E+0	1.00002E+0	2.48931E-9
4.29000E+0	9.99991E-1	2.74606E-9
4.29500E+0	1.00001E+0	2.36913E-9
4.30000E+0	9.99988E-1	2.54959E-9
4.30500E+0	1.00001E+0	2.50134E-9
4.31000E+0	1.00001E+0	2.44100E-9
4.31500E+0	1.00000E+0	2.45116E-9
4.32000E+0	9.99992E-1	2.46506E-9
4.32500E+0	1.00000E+0	2.57439E-9
4.33000E+0	1.00001E+0	2.28935E-9
4.33500E+0	1.00000E+0	2.63554E-9
4.34000E+0	9.99997E-1	2.31665E-9
4.34500E+0	1.00000E+0	2.41650E-9
4.35000E+0	1.00000E+0	2.55520E-9
4.35500E+0	9.99998E-1	2.44244E-9
4.36000E+0	9.99985E-1	2.43658E-9
4.36500E+0	1.00000E+0	2.37642E-9
4.37000E+0	1.00000E+0	2.36327E-9
4.37500E+0	1.00001E+0	2.50034E-9
4.38000E+0	9.99981E-1	2.49691E-9
4.38500E+0	1.00002E+0	2.37649E-9
4.39000E+0	9.99997E-1	2.36726E-9
4.39500E+0	1.00000E+0	2.42772E-9
4.40000E+0	9.99987E-1	2.46064E-9
4.40500E+0	1.00000E+0	2.30692E-9
4.41000E+0	9.99999E-1	2.48919E-9
4.41500E+0	1.00001E+0	2.41694E-9
4.42000E+0	9.99983E-1	2.36483E-9
4.42500E+0	1.00001E+0	2.29028E-9
4.43000E+0	9.99998E-1	2.51960E-9
4.43500E+0	9.99995E-1	2.42629E-9
4.44000E+0	9.99996E-1	2.35810E-9
4.44500E+0	1.00000E+0	2.38577E-9
4.45000E+0	1.00001E+0	2.28155E-9
4.45500E+0	9.99988E-1	2.44773E-9
4.46000E+0	1.00000E+0	2.21598E-9
4.46500E+0	1.00000E+0	2.49224E-9
4.47000E+0	9.99995E-1	2.36502E-9
4.47500E+0	1.00000E+0	2.27800E-9
4.48000E+0	9.99996E-1	2.42679E-9
4.48500E+0	9.99996E-1	2.25469E-9
4.49000E+0	9.99994E-1	2.40996E-9
4.49500E+0	1.00002E+0	2.30910E-9
4.50000E+0	9.99990E-1	2.33067E-9
4.50500E+0	9.99996E-1	2.42274E-9
4.51000E+0	9.99992E-1	2.20227E-9
4.51500E+0	1.00001E+0	2.32226E-9
4.52000E+0	1.00000E+0	2.37780E-9
4.52500E+0	9.99991E-1	2.29508E-9
4.53000E+0	1.00001E+0	2.39787E-9
4.53500E+0	9.99999E-1	2.33983E-9
4.54000E+0	1.00000E+0	2.24471E-9
4.54500E+0	9.99994E-1	2.42000E-9
4.55000E+0	9.99999E-1	2.23568E-9
4.55500E+0	1.00001E+0	2.20850E-9
4.56000E+0	9.99995E-1	2.47466E-9
4.56500E+0	9.99993E-1	2.28436E-9
4.57000E+0	1.00001E+0	2.14885E-9
4.57500E+0	9.99992E-1	2.46724E-9
4.58000E+0	1.00000E+0	2.25606E-9
4.58500E+0	1.00000E+0	2.27844E-9
4.59000E+0	1.00000E+0	2.29601E-9
4.59500E+0	9.99997E-1	2.16680E-9
4.60000E+0	1.00001E+0	2.42673E-9
4.60500E+0	9.99997E-1	2.32662E-9
4.61000E+0	9.99997E-1	2.16624E-9
4.61500E+0	1.00001E+0	2.24328E-9
4.62000E+0	9.99995E-1	2.39569E-9
4.62500E+0	9.99999E-1	2.23630E-9
4.63000E+0	1.00001E+0	2.26634E-9
4.63500E+0	9.99994E-1	2.22764E-9
4.64000E+0	9.99998E-1	2.30767E-9
4.64500E+0	9.99990E-1	2.37225E-9
4.65000E+0	1.00000E+0	2.26048E-9
4.65500E+0	1.00001E+0	2.27837E-9
4.66000E+0	9.99987E-1	2.32282E-9
4.66500E+0	1.00000E+0	2.09848E-9
4.67000E+0	9.99996E-1	2.26048E-9
4.67500E+0	1.00000E+0	2.27065E-9
4.68000E+0	1.00000E+0	2.42024E-9
4.68500E+0	1.00000E+0	2.09424E-9
4.69000E+0	9.99992E-1	2.27389E-9
4.69500E+0	1.00002E+0	2.33466E-9
4.70000E+0	9.99993E-1	2.25961E-9
4.70500E+0	9.99991E-1	2.28592E-9
4.71000E+0	1.00001E+0	2.29857E-9
4.71500E+0	9.99992E-1	2.18344E-9
4.72000E+0	9.99993E-1	2.14866E-9
4.72500E+0	1.00002E+0	2.31073E-9
4.73000E+0	9.99998E-1	2.18138E-9
4.73500E+0	9.99996E-1	2.39967E-9
4.74000E+0	1.00000E+0	2.21766E-9
4.74500E+0	9.99992E-1	2.34333E-9
4.75000E+0	1.00001E+0	2.07635E-9
4.75500E+0	1.00000E+0	2.28829E-9
4.76000E+0	9.99994E-1	2.22109E-9
4.76500E+0	9.99998E-1	2.39145E-9
4.77000E+0	1.00000E+0	2.08863E-9
4.77500E+0	1.00000E+0	2.39450E-9
4.78000E+0	9.99996E-1	2.10783E-9
4.78500E+0	9.99999E-1	2.25855E-9
4.79000E+0	1.00001E+0	2.31908E-9
4.79500E+0	9.99999E-1	2.15171E-9
4.80000E+0	9.99985E-1	2.37032E-9
4.80500E+0	1.00001E+0	2.23736E-9
4.81000E+0	9.99987E-1	2.09536E-9
4.81500E+0	1.00001E+0	2.15090E-9
4.82000E+0	1.00001E+0	2.29003E-9
4.82500E+0	9.99992E-1	2.26547E-9
4.83000E+0	9.99992E-1	2.22252E-9
4.83500E+0	9.99996E-1	2.18456E-9
4.84000E+0	1.00001E+0	2.15658E-9
4.84500E+0	1.00001E+0	2.20557E-9
4.85000E+0	9.99995E-1	2.25637E-9
4.85500E+0	1.00000E+0	2.39675E-9
4.86000E+0	1.00000E+0	2.18425E-9
4.86500E+0	1.00000E+0	2.16642E-9
4.87000E+0	9.99993E-1	2.27015E-9
4.87500E+0	9.99983E-1	2.16780E-9
4.88000E+0	1.00001E+0	2.13451E-9
4.88500E+0	9.99995E-1	2.30667E-9
4.89000E+0	9.99995E-1	2.15795E-9
4.89500E+0	9.99999E-1	2.17908E-9
4.90000E+0	1.00001E+0	2.11687E-9
4.90500E+0	9.99997E-1	2.25562E-9
4.91000E+0	1.00001E+0	2.12853E-9
4.91500E+0	9.99990E-1	2.37842E-9
4.92000E+0	1.00001E+0	2.10147E-9
4.92500E+0	1.00000E+0	2.15427E-9
4.93000E+0	1.00001E+0	2.32843E-9
4.93500E+0	9.99995E-1	2.11213E-9
4.94000E+0	9.99993E-1	2.19167E-9
4.94500E+0	1.00000E+0	2.24553E-9
4.95000E+0	1.00000E+0	2.29745E-9
4.95500E+0	1.00000E+0	2.04487E-9
4.96000E+0	9.99998E-1	2.20202E-9
4.96500E+0	9.99992E-1	2.20357E-9
4.97000E+0	1.00000E+0	2.33946E-9
4.97500E+0	1.00000E+0	2.06170E-9
4.98000E+0	1.00001E+0	2.29857E-9
4.98500E+0	9.99995E-1	2.11712E-9
4.99000E+0	1.00001E+0	2.21174E-9
4.99500E+0	9.99902E-1	6.15403E-8
5.00000E+0	1.00000E+0	1.17918E-7
5.00500E+0	9.99995E-1	1.15766E-7
5.01000E+0	1.00000E+0	1.14556E-7
5.01500E+0	9.99999E-1	1.13857E-7
5.02000E+0	1.00000E+0	1.13039E-7
5.02500E+0	9.99993E-1	1.12839E-7
5.03000E+0	1.00001E+0	1.12733E-7
5.03500E+0	1.00001E+0	1.12248E-7
5.04000E+0	1.00006E+0	7.02807E-8
5.04500E+0	9.99993E-1	1.17079E-8
5.05000E+0	1.00001E+0	7.07241E-9
5.05500E+0	9.99999E-1	5.75239E-9
5.06000E+0	1.00000E+0	5.05388E-9
5.06500E+0	1.00001E+0	4.34303E-9
5.07000E+0	9.99991E-1	4.10511E-9
5.07500E+0	9.99999E-1	3.87728E-9
5.08000E+0	1.00000E+0	3.53744E-9
5.08500E+0	1.00001E+0	3.46775E-9
5.09000E+0	9.99990E-1	3.44413E-9
5.09500E+0	1.00001E+0	3.34602E-9
5.10000E+0	9.99998E-1	3.21929E-9
5.10500E+0	1.00001E+0	3.25750E-9
5.11000E+0	9.99992E-1	3.20508E-9
5.11500E+0	9.99995E-1	3.15228E-9
5.12000E+0	1.00001E+0	2.94920E-9
5.12500E+0	9.99985E-1	3.03890E-9
5.13000E+0	1.00000E+0	2.99620E-9
5.13500E+0	1.00000E+0	2.73098E-9
5.14000E+0	1.00000E+0	2.95344E-9
5.14500E+0	9.99990E-1	2.92184E-9
5.15000E+0	1.00000E+0	2.86187E-9
5.15500E+0	1.00001E+0	2.70411E-9
5.16000E+0	9.99992E-1	2.92022E-9
5.16500E+0	1.00000E+0	2.62844E-9
5.17000E+0	1.00000E+0	2.80104E-9
5.17500E+0	1.00000E+0	2.68379E-9
5.18000E+0	1.00001E+0	2.75547E-9
5.18500E+0	9.99992E-1	2.71016E-9
5.19000E+0	1.00001E+0	2.74718E-9
5.19500E+0	9.99993E-1	2.62800E-9
5.20000E+0	9.99998E-1	2.61229E-9
5.20500E+0	9.99998E-1	2.72904E-9
5.21000E+0	9.99996E-1	2.59166E-9
5.21500E+0	1.00000E+0	2.52696E-9
5.22000E+0	1.00001E+0	2.73577E-9
5.22500E+0	9.99993E-1	2.56953E-9
5.23000E+0	1.00000E+0	2.61585E-9
5.23500E+0	1.00000E+0	2.40946E-9
5.24000E+0	1.00000E+0	2.56261E-9
5.24500E+0	9.99997E-1	2.60400E-9
5.25000E+0	1.00002E+0	2.60618E-9
5.25500E+0	9.99990E-1	2.55738E-9
5.26000E+0	1.00000E+0	2.42480E-9
5.26500E+0	9.99997E-1	2.62457E-9
5.27000E+0	9.99997E-1	2.47192E-9
5.27500E+0	1.00001E+0	2.41108E-9
5.28000E+0	9.99998E-1	2.50764E-9
5.28500E+0	1.00001E+0	2.51138E-9
5.29000E+0	9.99999E-1	2.60276E-9
5.29500E+0	1.00000E+0	2.44081E-9
5.30000E+0	9.99988E-1	2.46724E-9
5.30500E+0	9.99993E-1	2.46737E-9
5.31000E+0	1.00001E+0	2.40217E-9
5.31500E+0	9.99998E-1	2.54902E-9
5.32000E+0	9.99995E-1	2.35723E-9
5.32500E+0	1.00001E+0	2.34650E-9
5.33000E+0	1.00000E+0	2.47073E-9
5.33500E+0	9.99996E-1	2.57651E-9
5.34000E+0	9.99995E-1	2.33005E-9
5.34500E+0	1.00001E+0	2.50695E-9
5.35000E+0	9.99998E-1	2.49797E-9
5.35500E+0	1.00000E+0	2.28922E-9
5.36000E+0	9.99998E-1	2.51356E-9
5.36500E+0	9.99996E-1	2.27164E-9
5.37000E+0	9.99997E-1	2.53095E-9
5.37500E+0	9.99999E-1	2.40927E-9
5.38000E+0	1.00000E+0	2.31983E-9
5.38500E+0	1.00000E+0	2.27295E-9
5.39000E+0	1.00001E+0	2.34657E-9
5.39500E+0	9.99994E-1	2.47815E-9
5.40000E+0	9.99998E-1	2.36190E-9
5.40500E+0	1.00000E+0	2.38247E-9
5.41000E+0	1.00001E+0	2.41245E-9
5.41500E+0	9.99997E-1	2.43153E-9
5.42000E+0	9.99998E-1	2.30711E-9
5.42500E+0	1.00001E+0	2.34650E-9
5.43000E+0	9.99992E-1	2.47329E-9
5.43500E+0	1.00000E+0	2.22882E-9
5.44000E+0	1.00000E+0	2.47504E-9
5.44500E+0	9.99997E-1	2.13744E-9
5.45000E+0	9.99992E-1	2.56236E-9
5.45500E+0	1.00000E+0	2.22739E-9
5.46000E+0	9.99996E-1	2.36545E-9
5.46500E+0	1.00001E+0	2.32269E-9
5.47000E+0	9.99994E-1	2.28392E-9
5.47500E+0	1.00000E+0	2.39014E-9
5.48000E+0	9.99991E-1	2.35691E-9
5.48500E+0	1.00000E+0	2.23455E-9
5.49000E+0	9.99991E-1	2.37543E-9
5.49500E+0	1.00000E+0	2.35342E-9
5.50000E+0	1.00001E+0	2.19136E-9
5.50500E+0	1.00001E+0	2.33940E-9
5.51000E+0	9.99977E-1	2.32905E-9
5.51500E+0	9.99998E-1	2.33510E-9
5.52000E+0	1.00001E+0	2.17434E-9
5.52500E+0	1.00000E+0	2.44094E-9
5.53000E+0	9.99991E-1	2.33179E-9
5.53500E+0	9.99987E-1	2.15502E-9
5.54000E+0	1.00001E+0	2.39749E-9
5.54500E+0	9.99993E-1	2.28604E-9
5.55000E+0	1.00000E+0	2.25394E-9
5.55500E+0	9.99995E-1	2.17197E-9
5.56000E+0	9.99994E-1	2.40541E-9
5.56500E+0	1.00000E+0	2.23063E-9
5.57000E+0	1.00001E+0	2.12840E-9
5.57500E+0	1.00000E+0	2.43221E-9
5.58000E+0	9.99998E-1	2.17484E-9
5.58500E+0	1.00000E+0	2.40260E-9
5.59000E+0	9.99992E-1	2.26067E-9
5.59500E+0	1.00001E+0	2.18344E-9
5.60000E+0	9.99998E-1	2.23867E-9
5.60500E+0	9.99993E-1	2.19422E-9
5.61000E+0	1.00000E+0	2.37057E-9
5.61500E+0	9.99995E-1	2.33597E-9
5.62000E+0	1.00001E+0	2.17197E-9
5.62500E+0	9.99995E-1	2.36309E-9
5.63000E+0	9.99993E-1	2.18382E-9
5.63500E+0	1.00001E+0	2.20825E-9
5.64000E+0	9.99999E-1	2.34158E-9
5.64500E+0	9.99994E-1	2.26678E-9
5.65000E+0	1.00000E+0	2.26846E-9
5.65500E+0	9.99992E-1	2.22807E-9
5.66000E+0	1.00002E+0	2.18026E-9
5.66500E+0	9.99988E-1	2.27052E-9
5.67000E+0	9.99992E-1	2.10210E-9
5.67500E+0	1.00001E+0	2.23468E-9
5.68000E+0	9.99995E-1	2.20233E-9
5.68500E+0	1.00000E+0	2.31989E-9
5.69000E+0	9.99997E-1	2.18045E-9
5.69500E+0	1.00000E+0	2.20931E-9
5.70000E+0	1.00001E+0	2.32756E-9
5.70500E+0	9.99994E-1	2.27227E-9
5.71000E+0	1.00000E+0	2.07230E-9
5.71500E+0	1.00001E+0	2.28548E-9
5.72000E+0	1.00000E+0	2.26915E-9
5.72500E+0	9.99993E-1	2.28635E-9
5.73000E+0	9.99996E-1	2.18587E-9
5.73500E+0	1.00001E+0	2.09730E-9
5.74000E+0	9.99998E-1	2.24490E-9
5.74500E+0	1.00001E+0	2.28386E-9
5.75000E+0	1.00000E+0	2.12416E-9
5.75500E+0	1.00000E+0	2.27407E-9
5.76000E+0	9.99984E-1	2.28230E-9
5.76500E+0	1.00001E+0	2.23842E-9
5.77000E+0	9.99997E-1	2.03634E-9
5.77500E+0	9.99989E-1	2.21885E-9
5.78000E+0	1.00000E+0	2.32805E-9
5.78500E+0	1.00000E+0	2.13601E-9
5.79000E+0	9.99998E-1	2.22919E-9
5.79500E+0	9.99999E-1	2.19840E-9
5.80000E+0	1.00001E+0	2.07841E-9
5.80500E+0	9.99994E-1	2.31802E-9
5.81000E+0	9.99996E-1	2.10459E-9
5.81500E+0	1.00000E+0	2.17951E-9
5.82000E+0	9.99998E-1	2.17926E-9
5.82500E+0	1.00000E+0	2.12273E-9
5.83000E+0	9.99998E-1	2.33236E-9
5.83500E+0	1.00000E+0	2.22122E-9
5.84000E+0	1.00000E+0	2.14710E-9
5.84500E+0	9.99993E-1	2.04070E-9
5.85000E+0	1.00001E+0	2.32544E-9
5.85500E+0	9.99997E-1	2.22988E-9
5.86000E+0	9.99998E-1	2.02692E-9
5.86500E+0	1.00000E+0	2.27220E-9
5.87000E+0	9.99998E-1	2.25693E-9
5.87500E+0	1.00001E+0	2.11413E-9
5.88000E+0	9.99998E-1	2.18375E-9
5.88500E+0	9.99984E-1	2.26223E-9
5.89000E+0	1.00001E+0	2.06426E-9
5.89500E+0	1.00000E+0	2.25575E-9
5.90000E+0	1.00000E+0	2.12541E-9
5.90500E+0	9.99992E-1	2.19117E-9
5.91000E+0	1.00000E+0	2.17577E-9
5.91500E+0	9.99995E-1	2.14723E-9
5.92000E+0	1.00001E+0	2.22022E-9
5.92500E+0	1.00000E+0	2.16138E-9
5.93000E+0	9.99992E-1	2.12260E-9
5.93500E+0	1.00001E+0	2.18643E-9
5.94000E+0	9.99995E-1	2.11768E-9
5.94500E+0	9.99999E-1	2.02468E-9
5.95000E+0	1.00001E+0	2.30032E-9
5.95500E+0	1.00000E+0	2.21573E-9
5.96000E+0	9.99994E-1	2.03571E-9
5.96500E+0	9.99997E-1	2.16960E-9
5.97000E+0	1.00000E+0	2.19915E-9
5.97500E+0	1.00000E+0	2.13189E-9
5.98000E+0	9.99994E-1	2.09418E-9
5.98500E+0	1.00001E+0	2.14941E-9
5.99000E+0	9.99997E-1	2.42012E-9
5.99500E+0	9.99911E-1	1.01344E-7
6.00000E+0	1.00000E+0	1.14634E-7
6.00500E+0	1.00000E+0	1.12843E-7
6.01000E+0	1.00000E+0	1.11784E-7
6.01500E+0	1.00001E+0	1.11106E-7
6.02000E+0	9.99999E-1	1.10713E-7
6.02500E+0	1.00000E+0	1.10089E-7
6.03000E+0	9.99994E-1	1.10075E-7
6.03500E+0	1.00001E+0	1.09762E-7
6.04000E+0	1.00006E+0	3.42751E-8
6.04500E+0	1.00002E+0	9.30487E-9
6.05000E+0	9.99995E-1	6.44491E-9
6.05500E+0	9.99999E-1	5.34342E-9
6.06000E+0	1.00001E+0	4.76384E-9
6.06500E+0	9.99997E-1	4.38062E-9
6.07000E+0	1.00001E+0	3.96380E-9
6.07500E+0	9.99993E-1	3.82910E-9
6.08000E+0	9.99999E-1	3.36023E-9
6.08500E+0	9.99998E-1	3.54953E-9
6.09000E+0	1.00000E+0	3.42692E-9
6.09500E+0	1.00000E+0	3.31491E-9
6.10000E+0	1.00000E+0	3.20845E-9
6.10500E+0	9.99988E-1	3.16469E-9
6.11000E+0	1.00002E+0	3.03155E-9
6.11500E+0	9.99992E-1	3.20527E-9
6.12000E+0	1.00001E+0	3.02569E-9
6.12500E+0	9.99990E-1	2.87085E-9
6.13000E+0	1.00000E+0	3.07300E-9
6.13500E+0	9.99990E-1	2.88575E-9
6.14000E+0	1.00001E+0	2.77473E-9
6.14500E+0	9.99988E-1	2.77723E-9
6.15000E+0	1.00001E+0	2.89204E-9
6.15500E+0	9.99998E-1	2.85315E-9
6.16000E+0	1.00001E+0	2.68348E-9
6.16500E+0	1.00000E+0	2.79399E-9
6.17000E+0	9.99984E-1	2.81431E-9
6.17500E+0	1.00000E+0	2.64464E-9
6.18000E+0	1.00001E+0	2.73683E-9
6.18500E+0	9.99997E-1	2.51000E-9
6.19000E+0	1.00000E+0	2.79106E-9
6.19500E+0	9.99997E-1	2.59272E-9
6.20000E+0	1.00000E+0	2.77193E-9
6.20500E+0	1.00000E+0	2.53780E-9
6.21000E+0	9.99985E-1	2.62395E-9
6.21500E+0	1.00001E+0	2.56236E-9
6.22000E+0	9.99996E-1	2.60325E-9
6.22500E+0	1.00000E+0	2.54092E-9
6.23000E+0	9.99991E-1	2.67562E-9
6.23500E+0	1.00001E+0	2.59035E-9
6.24000E+0	1.00000E+0	2.48607E-9
6.24500E+0	9.99996E-1	2.44599E-9
6.25000E+0	9.99993E-1	2.58063E-9
6.25500E+0	1.00000E+0	2.42860E-9
6.26000E+0	1.00001E+0	2.46812E-9
6.26500E+0	9.99994E-1	2.67263E-9
6.27000E+0	1.00000E+0	2.45546E-9
6.27500E+0	9.99997E-1	2.45602E-9
6.28000E+0	9.99999E-1	2.38241E-9
6.28500E+0	9.99997E-1	2.50115E-9
6.29000E+0	1.00001E+0	2.49280E-9
6.29500E+0	9.99991E-1	2.51699E-9
6.30000E+0	9.99998E-1	2.40572E-9
6.30500E+0	1.00000E+0	2.34794E-9
6.31000E+0	1.00001E+0	2.44032E-9
6.31500E+0	1.00001E+0	2.42554E-9
6.32000E+0	1.00000E+0	2.50203E-9
6.32500E+0	9.99995E-1	2.41931E-9
6.33000E+0	1.00000E+0	2.49754E-9
6.33500E+0	1.00000E+0	2.28972E-9
6.34000E+0	9.99996E-1	2.43820E-9
6.34500E+0	9.99999E-1	2.46575E-9
6.35000E+0	9.99997E-1	2.31771E-9
6.35500E+0	1.00000E+0	2.43240E-9
6.36000E+0	9.99991E-1	2.30960E-9
6.36500E+0	1.00002E+0	2.40566E-9
6.37000E+0	9.99992E-1	2.50228E-9
6.37500E+0	1.00001E+0	2.31914E-9
6.38000E+0	1.00000E+0	2.29196E-9
6.38500E+0	9.99989E-1	2.52147E-9
6.39000E+0	1.00001E+0	2.17833E-9
6.39500E+0	1.00000E+0	2.36396E-9
6.40000E+0	1.00000E+0	2.48675E-9
6.40500E+0	1.00000E+0	2.31322E-9
6.41000E+0	9.99983E-1	2.33759E-9
6.41500E+0	1.00000E+0	2.36826E-9
6.42000E+0	1.00001E+0	2.27370E-9
6.42500E+0	1.00000E+0	2.34731E-9
6.43000E+0	1.00000E+0	2.40915E-9
6.43500E+0	9.99996E-1	2.33865E-9
6.44000E+0	9.99992E-1	2.28573E-9
6.44500E+0	9.99997E-1	2.20482E-9
6.45000E+0	1.00001E+0	2.25699E-9
6.45500E+0	9.99995E-1	2.36926E-9
6.46000E+0	1.00000E+0	2.33354E-9
6.46500E+0	1.00001E+0	2.26192E-9
6.47000E+0	1.00001E+0	2.35442E-9
6.47500E+0	9.99987E-1	2.27813E-9
6.48000E+0	9.99996E-1	2.20096E-9
6.48500E+0	1.00001E+0	2.45902E-9
6.49000E+0	9.99993E-1	2.14074E-9
6.49500E+0	1.00001E+0	2.25113E-9
6.50000E+0	9.99999E-1	2.40840E-9
6.50500E+0	9.99992E-1	2.23480E-9
6.51000E+0	1.00000E+0	2.19304E-9
6.51500E+0	1.00000E+0	2.43564E-9
6.52000E+0	1.00001E+0	2.13613E-9
6.52500E+0	9.99983E-1	2.42585E-9
6.53000E+0	1.00001E+0	2.18774E-9
6.53500E+0	9.99990E-1	2.28168E-9
6.54000E+0	9.99997E-1	2.23462E-9
6.54500E+0	1.00001E+0	2.31010E-9
6.55000E+0	9.99995E-1	2.22726E-9
6.55500E+0	1.00001E+0	2.23424E-9
6.56000E+0	9.99996E-1	2.30661E-9
6.56500E+0	9.99997E-1	2.20283E-9
6.57000E+0	1.00000E+0	2.15913E-9
6.57500E+0	1.00001E+0	2.31216E-9
6.58000E+0	9.99996E-1	2.29309E-9
6.58500E+0	9.99986E-1	2.15215E-9
6.59000E+0	1.00001E+0	2.23624E-9
6.59500E+0	1.00001E+0	2.19641E-9
6.60000E+0	9.99989E-1	2.29333E-9
6.60500E+0	1.00002E+0	2.17640E-9
6.61000E+0	9.99987E-1	2.14461E-9
6.61500E+0	1.00000E+0	2.24228E-9
6.62000E+0	1.00000E+0	2.35872E-9
6.62500E+0	1.00001E+0	2.11768E-9
6.63000E+0	9.99999E-1	2.19890E-9
6.63500E+0	9.99993E-1	2.35324E-9
6.64000E+0	1.00000E+0	2.17652E-9
6.64500E+0	9.99992E-1	2.23399E-9
6.65000E+0	1.00002E+0	2.14654E-9
6.65500E+0	9.99989E-1	2.21261E-9
6.66000E+0	9.99997E-1	2.30194E-9
6.66500E+0	1.00000E+0	2.18213E-9
6.67000E+0	1.00001E+0	2.16979E-9
6.67500E+0	9.99994E-1	2.16044E-9
6.68000E+0	9.99997E-1	2.23992E-9
6.68500E+0	1.00000E+0	2.14941E-9
6.69000E+0	1.00000E+0	2.35137E-9
6.69500E+0	9.99996E-1	2.24590E-9
6.70000E+0	9.99993E-1	2.12747E-9
6.70500E+0	1.00001E+0	2.16387E-9
6.71000E+0	1.00000E+0	2.20594E-9
6.71500E+0	9.99988E-1	2.16019E-9
6.72000E+0	1.00000E+0	2.30805E-9
6.72500E+0	9.99999E-1	2.14081E-9
6.73000E+0	1.00000E+0	2.21074E-9
6.73500E+0	9.99990E-1	2.08234E-9
6.74000E+0	1.00001E+0	2.18332E-9
6.74500E+0	1.00001E+0	2.13638E-9
6.75000E+0	9.99997E-1	2.07585E-9
6.75500E+0	1.00001E+0	2.26641E-9
6.76000E+0	1.00000E+0	2.28224E-9
6.76500E+0	9.99984E-1	2.14205E-9
6.77000E+0	1.00001E+0	2.13127E-9
6.77500E+0	9.99995E-1	2.18107E-9
6.78000E+0	1.00000E+0	2.26591E-9
6.78500E+0	1.00001E+0	2.05572E-9
6.79000E+0	9.99987E-1	2.22034E-9
6.79500E+0	1.00000E+0	2.21461E-9
6.80000E+0	1.00001E+0	2.16474E-9
6.80500E+0	9.99986E-1	2.05684E-9
6.81000E+0	1.00000E+0	2.26285E-9
6.81500E+0	1.00000E+0	2.07797E-9
6.82000E+0	9.99998E-1	2.20856E-9
6.82500E+0	9.99995E-1	2.25531E-9
6.83000E+0	1.00002E+0	2.14112E-9
6.83500E+0	9.99989E-1	2.19479E-9
6.84000E+0	1.00000E+0	1.97924E-9
6.84500E+0	1.00000E+0	2.12865E-9
6.85000E+0	1.00001E+0	2.20451E-9
6.85500E+0	9.99998E-1	2.11126E-9
6.86000E+0	9.99996E-1	2.37667E-9
6.86500E+0	9.99995E-1	2.11244E-9
6.87000E+0	1.00001E+0	2.10627E-9
6.87500E+0	1.00000E+0	2.14342E-9
6.88000E+0	9.99982E-1	2.20800E-9
6.88500E+0	1.00001E+0	2.15090E-9
6.89000E+0	1.00000E+0	2.14317E-9
6.89500E+0	1.00000E+0	2.16106E-9
6.90000E+0	9.99995E-1	2.04406E-9
6.90500E+0	1.00001E+0	2.03278E-9
6.91000E+0	1.00000E+0	2.15745E-9
6.91500E+0	9.99999E-1	2.21280E-9
6.92000E+0	9.99990E-1	2.11444E-9
6.92500E+0	1.00000E+0	2.02306E-9
6.93000E+0	9.99998E-1	2.24216E-9
6.93500E+0	9.99998E-1	2.25930E-9
6.94000E+0	9.99995E-1	2.05902E-9
6.94500E+0	9.99999E-1	2.08975E-9
6.95000E+0	1.00000E+0	2.20333E-9
6.95500E+0	1.00000E+0	2.03808E-9
6.96000E+0	9.99992E-1	2.11706E-9
6.96500E+0	1.00002E+0	2.24471E-9
6.97000E+0	9.99992E-1	2.08196E-9
6.97500E+0	1.00000E+0	1.96814E-9
6.98000E+0	1.00001E+0	2.28922E-9
6.98500E+0	9.99989E-1	2.09406E-9
6.99000E+0	9.99911E-1	2.74580E-8
6.99500E+0	1.00002E+0	1.14567E-7
7.00000E+0	1.00000E+0	1.11974E-7
7.00500E+0	9.99996E-1	1.10677E-7
7.01000E+0	1.00000E+0	1.09571E-7
7.01500E+0	9.99998E-1	1.09081E-7
7.02000E+0	1.00000E+0	1.08478E-7
7.02500E+0	9.99991E-1	1.08156E-7
7.03000E+0	1.00001E+0	1.07926E-7
7.03500E+0	1.00006E+0	9.19857E-8
7.04000E+0	1.00002E+0	1.48942E-8
7.04500E+0	9.99994E-1	7.85899E-9
7.05000E+0	1.00000E+0	6.08668E-9
7.05500E+0	9.99993E-1	5.05669E-9
7.06000E+0	9.99998E-1	4.45405E-9
7.06500E+0	1.00001E+0	3.98107E-9
7.07000E+0	9.99997E-1	3.93170E-9
7.07500E+0	9.99998E-1	3.78391E-9
7.08000E+0	9.99999E-1	3.44257E-9
7.08500E+0	1.00000E+0	3.53227E-9
7.09000E+0	1.00001E+0	3.36596E-9
7.09500E+0	9.99998E-1	3.28200E-9
