## Header ##
[General info]
User	Giorgos_Psaltakis
Device	Sample
Cell area (cm2)	1
Test	Memristor
Date	2024-03-03
Time	03:12:54
Note	

[Acquisition Settings]
Sampling time (s)	1.000E-1
Voltage Range (V)	6.000E+0
Current Range (A)	1.000E-6
Current Limit (A)	1.000E-6

[Waveform Settings]
V_HRS (V)	1.0000
V_LRS (V)	1.0000
V_READ (V)	1.0000
t_HRS (s)	0.0200
t_LRS (s)	0.0200
t_READ (s)	0.0000
d_HRS (s)	0.0000
d_LRS (s)	0.0000
d_READ (s)	0.0000
Cycles	1

## Data ##
Time (s)	Voltage (V)	Current (A)
0.00000E+0	1.75018E-1	8.97826E-7
1.00000E-4	5.37236E-1	9.59975E-7
2.00000E-4	8.86525E-1	9.54727E-7
3.00000E-4	1.03425E+0	2.09285E-7
4.00000E-4	9.93819E-1	-2.00665E-8
5.00000E-4	1.00121E+0	4.61967E-8
6.00000E-4	1.00016E+0	2.01321E-8
7.00000E-4	9.99577E-1	2.80578E-8
8.00000E-4	1.00032E+0	1.50613E-8
9.00000E-4	9.99937E-1	1.49242E-8
1.00000E-3	1.00063E+0	2.06464E-8
1.10000E-3	9.99259E-1	1.39767E-8
1.20000E-3	1.00066E+0	2.31179E-8
1.30000E-3	9.99605E-1	1.01713E-8
1.40000E-3	1.00030E+0	1.13961E-8
1.50000E-3	9.99702E-1	1.83681E-8
1.60000E-3	1.00026E+0	8.14859E-9
1.70000E-3	9.99979E-1	1.78165E-8
1.80000E-3	1.00010E+0	1.35809E-8
1.90000E-3	1.00010E+0	9.46382E-9
2.00000E-3	9.98899E-1	1.73832E-8
2.10000E-3	9.95051E-1	8.66914E-8
2.20000E-3	9.88960E-1	3.62609E-7
2.30000E-3	9.93625E-1	6.13668E-7
2.40000E-3	9.99010E-1	6.91061E-7
2.50000E-3	9.99328E-1	7.24549E-7
2.60000E-3	9.99591E-1	7.39665E-7
2.70000E-3	1.00009E+0	7.29405E-7
2.80000E-3	1.00024E+0	7.34532E-7
2.90000E-3	1.00027E+0	7.19217E-7
3.00000E-3	1.00041E+0	7.31256E-7
3.10000E-3	9.99550E-1	7.19273E-7
3.20000E-3	1.00006E+0	7.24970E-7
3.30000E-3	1.00045E+0	7.12369E-7
3.40000E-3	1.00027E+0	7.13684E-7
3.50000E-3	1.00032E+0	7.18060E-7
3.60000E-3	9.99370E-1	7.08399E-7
3.70000E-3	1.00059E+0	7.07174E-7
3.80000E-3	1.00028E+0	7.13632E-7
3.90000E-3	1.00048E+0	7.07707E-7
4.00000E-3	9.99121E-1	7.05023E-7
4.10000E-3	1.00048E+0	7.09801E-7
4.20000E-3	1.00019E+0	7.03992E-7
4.30000E-3	9.99868E-1	7.04584E-7
4.40000E-3	1.00013E+0	6.92497E-7
4.50000E-3	9.99522E-1	7.09708E-7
4.60000E-3	1.00059E+0	6.96745E-7
4.70000E-3	9.99633E-1	6.99270E-7
4.80000E-3	9.99868E-1	6.97846E-7
4.90000E-3	1.00008E+0	7.00473E-7
5.00000E-3	1.00842E+0	5.93363E-7
5.10000E-3	1.00734E+0	3.21382E-7
5.20000E-3	1.00117E+0	2.20932E-7
5.30000E-3	1.00179E+0	1.74167E-7
5.40000E-3	1.00107E+0	1.34972E-7
5.50000E-3	1.00044E+0	1.06900E-7
5.60000E-3	9.99827E-1	1.00398E-7
5.70000E-3	1.00085E+0	8.97551E-8
5.80000E-3	1.00016E+0	6.93254E-8
5.90000E-3	1.00049E+0	7.33927E-8
6.00000E-3	9.99951E-1	7.15445E-8
6.10000E-3	1.00024E+0	5.69429E-8
6.20000E-3	1.00052E+0	5.04385E-8
6.30000E-3	9.99993E-1	5.65658E-8
6.40000E-3	1.00048E+0	4.70289E-8
6.50000E-3	9.99411E-1	4.22884E-8
6.60000E-3	1.00042E+0	4.05867E-8
6.70000E-3	9.99619E-1	4.68668E-8
6.80000E-3	1.00077E+0	3.93525E-8
6.90000E-3	9.99425E-1	3.76664E-8
7.00000E-3	1.00081E+0	3.27110E-8
7.10000E-3	9.99743E-1	3.07786E-8
7.20000E-3	9.99951E-1	4.35507E-8
7.30000E-3	9.99993E-1	2.17933E-8
7.40000E-3	1.00039E+0	3.98356E-8
7.50000E-3	9.99937E-1	2.16686E-8
7.60000E-3	9.99799E-1	3.72395E-8
7.70000E-3	1.00059E+0	1.64950E-8
7.80000E-3	9.99480E-1	3.57809E-8
7.90000E-3	1.00039E+0	2.83757E-8
8.00000E-3	9.99702E-1	1.56379E-8
8.10000E-3	9.99536E-1	2.61223E-8
8.20000E-3	1.00099E+0	2.40435E-8
8.30000E-3	1.00001E+0	3.02426E-8
8.40000E-3	1.00003E+0	1.58280E-8
8.50000E-3	9.99453E-1	3.02020E-8
8.60000E-3	1.00092E+0	1.43476E-8
8.70000E-3	9.99771E-1	2.46980E-8
8.80000E-3	1.00016E+0	2.30400E-8
8.90000E-3	9.99480E-1	2.13757E-8
9.00000E-3	1.00010E+0	2.06775E-8
9.10000E-3	1.00019E+0	1.39144E-8
9.20000E-3	9.99840E-1	2.76495E-8
9.30000E-3	9.99425E-1	1.87889E-8
9.40000E-3	1.00049E+0	1.93592E-8
9.50000E-3	1.00003E+0	1.45284E-8
9.60000E-3	9.99743E-1	2.23169E-8
9.70000E-3	1.00002E+0	1.58343E-8
9.80000E-3	1.00009E+0	1.13432E-8
9.90000E-3	1.00017E+0	2.05591E-8
1.00000E-2	1.00009E+0	2.08458E-8
1.01000E-2	9.99757E-1	1.29264E-8
1.02000E-2	9.99799E-1	1.99171E-8
1.03000E-2	1.00002E+0	1.63142E-8
1.04000E-2	9.99854E-1	1.87826E-8
1.05000E-2	1.00060E+0	1.23623E-8
1.06000E-2	9.99217E-1	1.61054E-8
1.07000E-2	1.00017E+0	1.09972E-8
1.08000E-2	9.99771E-1	1.25867E-8
1.09000E-2	9.99896E-1	2.33579E-8
1.10000E-2	1.00012E+0	1.42198E-8
1.11000E-2	1.00035E+0	1.49336E-8
1.12000E-2	9.99162E-1	1.10035E-8
1.13000E-2	1.00081E+0	1.18699E-8
1.14000E-2	9.99743E-1	9.53862E-9
1.15000E-2	1.00027E+0	2.49442E-8
1.16000E-2	1.00013E+0	1.81867E-9
1.17000E-2	9.99231E-1	2.02474E-8
1.18000E-2	1.00080E+0	1.65604E-8
1.19000E-2	1.00005E+0	1.06263E-8
1.20000E-2	1.00016E+0	1.34750E-8
1.21000E-2	9.99162E-1	9.51681E-9
1.22000E-2	1.00035E+0	1.71059E-8
1.23000E-2	9.99743E-1	1.22750E-8
1.24000E-2	9.99882E-1	1.56379E-8
1.25000E-2	1.00017E+0	5.58670E-9
1.26000E-2	9.99397E-1	1.30947E-8
1.27000E-2	1.00082E+0	8.58493E-9
1.28000E-2	9.99730E-1	1.16673E-8
1.29000E-2	9.99619E-1	2.11980E-8
1.30000E-2	1.00077E+0	5.18777E-9
1.31000E-2	9.99827E-1	7.21360E-9
1.32000E-2	9.99674E-1	2.32114E-8
1.33000E-2	9.99965E-1	1.13120E-8
1.34000E-2	1.00024E+0	8.83114E-9
1.35000E-2	9.99674E-1	1.12029E-8
1.36000E-2	9.99910E-1	5.80799E-9
1.37000E-2	1.00001E+0	9.28929E-9
1.38000E-2	1.00003E+0	1.80783E-8
1.39000E-2	9.99993E-1	9.11787E-9
1.40000E-2	9.99827E-1	9.30487E-9
1.41000E-2	9.99937E-1	9.55732E-9
1.42000E-2	1.00049E+0	9.04931E-9
1.43000E-2	1.00019E+0	9.59472E-9
1.44000E-2	9.99702E-1	1.91442E-8
1.45000E-2	9.99868E-1	3.91929E-9
1.46000E-2	1.00031E+0	1.41606E-8
1.47000E-2	9.99910E-1	4.25901E-9
1.48000E-2	9.99591E-1	1.36682E-8
1.49000E-2	1.00053E+0	7.71226E-9
1.50000E-2	9.99965E-1	1.23405E-8
1.51000E-2	1.00045E+0	9.31111E-9
1.52000E-2	9.99356E-1	1.15052E-8
1.53000E-2	1.00045E+0	1.02960E-8
1.54000E-2	9.99854E-1	7.69980E-9
1.55000E-2	9.99536E-1	1.19977E-8
1.56000E-2	1.00062E+0	1.12403E-8
1.57000E-2	9.99204E-1	7.54085E-9
1.58000E-2	1.00028E+0	1.41326E-8
1.59000E-2	1.00020E+0	5.94512E-9
1.60000E-2	9.99840E-1	7.80888E-9
1.61000E-2	9.99730E-1	1.46094E-8
1.62000E-2	1.00070E+0	1.64102E-9
1.63000E-2	9.99384E-1	1.00560E-8
1.64000E-2	1.00024E+0	1.18138E-8
1.65000E-2	9.99425E-1	8.66596E-9
1.66000E-2	1.00102E+0	9.54486E-9
1.67000E-2	9.99674E-1	1.08881E-8
1.68000E-2	9.99550E-1	8.79063E-9
1.69000E-2	1.00034E+0	6.90193E-9
1.70000E-2	9.99882E-1	3.44868E-9
1.71000E-2	1.00053E+0	1.83775E-8
1.72000E-2	9.99660E-1	9.23631E-9
1.73000E-2	9.99854E-1	5.38724E-9
1.74000E-2	1.00048E+0	1.09848E-8
1.75000E-2	9.99591E-1	3.34895E-9
1.76000E-2	9.99868E-1	1.40796E-8
1.77000E-2	1.00026E+0	3.36765E-9
1.78000E-2	9.99799E-1	1.33908E-8
1.79000E-2	1.00070E+0	6.17575E-9
1.80000E-2	9.99522E-1	1.25711E-8
1.81000E-2	1.00002E+0	8.84673E-9
1.82000E-2	1.00037E+0	7.89137E-12
1.83000E-2	9.99564E-1	9.99365E-9
1.84000E-2	1.00034E+0	1.31228E-8
1.85000E-2	9.99134E-1	4.89792E-9
1.86000E-2	1.00042E+0	1.28329E-8
1.87000E-2	1.00009E+0	1.64725E-9
1.88000E-2	9.99328E-1	1.35217E-8
1.89000E-2	1.00085E+0	8.28573E-9
1.90000E-2	9.99259E-1	4.90416E-9
1.91000E-2	1.00098E+0	8.90594E-9
1.92000E-2	9.99176E-1	1.13930E-8
1.93000E-2	1.00012E+0	5.56489E-9
1.94000E-2	1.00063E+0	3.46738E-9
1.95000E-2	9.99896E-1	1.23966E-8
1.96000E-2	9.99716E-1	5.44645E-9
1.97000E-2	9.99743E-1	1.15831E-8
1.98000E-2	9.99910E-1	8.50389E-9
1.99000E-2	1.00045E+0	9.16774E-9
2.00000E-2	9.99896E-1	1.74698E-9
2.01000E-2	9.99743E-1	7.10140E-9
2.02000E-2	1.00019E+0	7.67486E-9
2.03000E-2	1.00001E+0	1.47185E-8
2.04000E-2	9.99591E-1	8.64972E-10
2.05000E-2	9.99813E-1	1.41108E-8
2.06000E-2	1.00045E+0	6.99232E-9
2.07000E-2	9.99868E-1	1.73140E-9
2.08000E-2	9.99301E-1	1.27083E-8
2.09000E-2	1.00044E+0	9.13657E-9
2.10000E-2	9.99453E-1	6.63078E-9
2.11000E-2	1.00001E+0	6.50300E-9
2.12000E-2	9.99771E-1	6.19757E-9
2.13000E-2	1.00050E+0	9.48252E-9
2.14000E-2	9.99660E-1	1.66595E-9
2.15000E-2	1.00056E+0	5.68955E-9
2.16000E-2	9.99771E-1	9.31422E-9
2.17000E-2	9.99702E-1	1.45627E-8
2.18000E-2	1.00038E+0	-1.18890E-9
2.19000E-2	1.00046E+0	8.47584E-9
2.20000E-2	9.99259E-1	1.12621E-8
2.21000E-2	1.00055E+0	2.72250E-9
2.22000E-2	9.99411E-1	1.33970E-8
2.23000E-2	1.00041E+0	6.96115E-9
2.24000E-2	9.99633E-1	4.73897E-9
2.25000E-2	1.00032E+0	1.04923E-8
2.26000E-2	9.99453E-1	3.03416E-9
2.27000E-2	1.00066E+0	5.74565E-9
2.28000E-2	1.00028E+0	9.77860E-9
2.29000E-2	9.99522E-1	4.38368E-9
2.30000E-2	9.99397E-1	8.04574E-9
2.31000E-2	1.00078E+0	1.08352E-8
2.32000E-2	1.00010E+0	-4.65462E-9
2.33000E-2	9.99370E-1	1.48151E-8
2.34000E-2	9.99937E-1	1.06575E-8
2.35000E-2	1.00042E+0	5.76747E-9
2.36000E-2	9.99508E-1	4.85741E-9
2.37000E-2	1.00013E+0	5.30309E-9
2.38000E-2	1.00001E+0	2.27370E-9
2.39000E-2	9.99702E-1	1.25649E-8
2.40000E-2	1.00052E+0	1.99632E-9
2.41000E-2	9.99702E-1	8.88412E-9
2.42000E-2	9.99702E-1	1.19852E-8
2.43000E-2	1.00068E+0	1.78127E-9
2.44000E-2	9.99730E-1	9.35474E-9
2.45000E-2	9.99799E-1	3.62009E-9
2.46000E-2	9.99605E-1	8.85607E-9
2.47000E-2	1.00064E+0	1.03832E-8
2.48000E-2	9.99647E-1	1.18910E-9
2.49000E-2	9.99453E-1	9.18644E-9
2.50000E-2	1.00067E+0	2.03995E-9
2.51000E-2	9.99660E-1	1.33534E-8
2.52000E-2	1.00034E+0	-1.48810E-9
2.53000E-2	9.99453E-1	1.54353E-8
2.54000E-2	1.00009E+0	6.65572E-9
2.55000E-2	1.00038E+0	5.81422E-9
2.56000E-2	9.99979E-1	6.47495E-9
2.57000E-2	9.99799E-1	-1.85341E-10
2.58000E-2	9.99882E-1	1.37523E-8
2.59000E-2	1.00001E+0	-6.69084E-11
2.60000E-2	1.00045E+0	4.85117E-9
2.61000E-2	9.99757E-1	1.33752E-8
2.62000E-2	9.99923E-1	3.89436E-9
2.63000E-2	9.99840E-1	3.22428E-9
2.64000E-2	1.00055E+0	1.46562E-8
2.65000E-2	9.99910E-1	-1.09540E-9
2.66000E-2	9.99453E-1	1.37430E-8
2.67000E-2	1.00071E+0	1.20469E-9
2.68000E-2	1.00002E+0	2.14903E-9
2.69000E-2	9.99439E-1	1.05266E-8
2.70000E-2	1.00055E+0	5.79864E-9
2.71000E-2	1.00009E+0	2.39213E-9
2.72000E-2	9.99688E-1	8.09873E-9
2.73000E-2	1.00034E+0	9.90327E-9
2.74000E-2	9.99411E-1	2.99053E-9
2.75000E-2	1.00027E+0	5.77994E-9
2.76000E-2	1.00013E+0	9.89080E-9
2.77000E-2	1.00028E+0	6.56533E-9
2.78000E-2	9.99148E-1	-1.57291E-10
2.79000E-2	1.00107E+0	1.01838E-8
2.80000E-2	9.99882E-1	1.99320E-9
2.81000E-2	9.99660E-1	7.94913E-9
2.82000E-2	9.99702E-1	1.09785E-8
2.83000E-2	1.00042E+0	6.38457E-9
2.84000E-2	9.99743E-1	-2.48543E-9
2.85000E-2	9.99799E-1	6.69623E-9
2.86000E-2	1.00013E+0	1.47840E-8
2.87000E-2	1.00003E+0	4.72273E-10
2.88000E-2	9.99923E-1	8.15171E-9
2.89000E-2	1.00012E+0	8.84984E-9
2.90000E-2	9.99799E-1	2.21137E-9
2.91000E-2	1.00073E+0	3.52659E-9
2.92000E-2	9.99591E-1	1.12652E-8
2.93000E-2	9.99660E-1	1.78750E-9
2.94000E-2	1.00064E+0	3.96916E-9
2.95000E-2	9.99301E-1	4.35563E-9
2.96000E-2	9.99951E-1	1.08881E-8
2.97000E-2	1.00027E+0	9.13969E-9
2.98000E-2	9.99910E-1	1.89035E-9
2.99000E-2	1.00005E+0	2.20513E-9
3.00000E-2	1.00074E+0	8.60051E-9
3.01000E-2	9.99231E-1	6.47807E-9
3.02000E-2	1.00055E+0	2.93443E-9
3.03000E-2	9.99480E-1	1.17795E-8
3.04000E-2	9.99813E-1	3.28038E-9
3.05000E-2	1.00023E+0	1.06793E-8
3.06000E-2	9.99951E-1	1.47272E-9
3.07000E-2	1.00052E+0	-1.40084E-9
3.08000E-2	9.99259E-1	1.43757E-8
3.09000E-2	1.00046E+0	3.61698E-9
3.10000E-2	9.99259E-1	7.99522E-10
3.11000E-2	1.00111E+0	6.71493E-9
3.12000E-2	9.99370E-1	7.13880E-9
3.13000E-2	9.99397E-1	5.78929E-9
3.14000E-2	1.00102E+0	9.33292E-9
3.15000E-2	9.99176E-1	3.72606E-9
3.16000E-2	1.00008E+0	4.41796E-9
3.17000E-2	1.00026E+0	9.01814E-9
3.18000E-2	9.99314E-1	4.59249E-9
3.19000E-2	1.00104E+0	6.68377E-9
3.20000E-2	9.99314E-1	-4.33049E-9
3.21000E-2	1.00008E+0	1.94621E-8
3.22000E-2	1.00009E+0	1.88100E-9
3.23000E-2	1.00059E+0	-1.06735E-9
3.24000E-2	9.99453E-1	5.87967E-9
3.25000E-2	1.00032E+0	1.27581E-8
3.26000E-2	9.99467E-1	-1.96807E-9
3.27000E-2	1.00060E+0	1.39175E-8
3.28000E-2	9.99951E-1	-2.86878E-9
3.29000E-2	1.00010E+0	8.59116E-9
3.30000E-2	9.99660E-1	4.75144E-9
3.31000E-2	1.00019E+0	6.83337E-9
3.32000E-2	9.99854E-1	8.64726E-9
3.33000E-2	1.00002E+0	9.51681E-9
3.34000E-2	9.99605E-1	3.13390E-9
3.35000E-2	1.00056E+0	6.91752E-9
3.36000E-2	1.00003E+0	1.27637E-9
3.37000E-2	9.99370E-1	3.21493E-9
3.38000E-2	1.00028E+0	1.27176E-8
3.39000E-2	1.00030E+0	-2.04598E-9
3.40000E-2	1.00001E+0	1.19696E-8
3.41000E-2	1.00035E+0	-1.29799E-9
3.42000E-2	9.98885E-1	6.82090E-9
3.43000E-2	1.00103E+0	6.72740E-9
3.44000E-2	9.99868E-1	3.77593E-9
3.45000E-2	9.99660E-1	9.05866E-9
3.46000E-2	1.00016E+0	2.49810E-9
3.47000E-2	9.99647E-1	7.15126E-9
3.48000E-2	1.00019E+0	5.84539E-9
3.49000E-2	1.00023E+0	5.20959E-9
3.50000E-2	9.99301E-1	1.71270E-9
3.51000E-2	1.00014E+0	1.08227E-8
3.52000E-2	1.00020E+0	1.29195E-9
3.53000E-2	1.00038E+0	2.12722E-9
3.54000E-2	9.99190E-1	6.88947E-9
3.55000E-2	1.00107E+0	3.21805E-9
3.56000E-2	9.99771E-1	1.38053E-8
3.57000E-2	9.99702E-1	-1.25435E-9
3.58000E-2	1.00059E+0	6.54040E-9
3.59000E-2	9.99840E-1	8.55622E-10
3.60000E-2	1.00016E+0	8.56311E-9
3.61000E-2	9.99730E-1	1.21597E-8
3.62000E-2	9.99840E-1	7.74589E-10
3.63000E-2	1.00045E+0	1.60050E-9
3.64000E-2	9.99522E-1	8.28573E-9
3.65000E-2	1.00049E+0	3.13390E-9
3.66000E-2	9.99910E-1	7.42241E-9
3.67000E-2	9.99743E-1	7.33411E-11
3.68000E-2	1.00037E+0	1.41980E-8
3.69000E-2	9.99910E-1	-3.61055E-9
3.70000E-2	9.99577E-1	1.49585E-8
3.71000E-2	1.00038E+0	1.84048E-9
3.72000E-2	1.00030E+0	-2.01482E-9
3.73000E-2	1.00021E+0	9.24254E-9
3.74000E-2	9.99301E-1	5.06622E-9
3.75000E-2	1.00046E+0	4.82312E-9
3.76000E-2	1.00028E+0	1.07978E-8
3.77000E-2	1.00023E+0	-4.81423E-10
3.78000E-2	9.99204E-1	1.81867E-9
3.79000E-2	1.00021E+0	8.72206E-9
3.80000E-2	1.00023E+0	1.10066E-8
3.81000E-2	9.99384E-1	-2.37947E-9
3.82000E-2	1.00019E+0	1.28423E-8
3.83000E-2	1.00013E+0	2.99053E-9
3.84000E-2	1.00050E+0	8.86788E-10
3.85000E-2	9.99564E-1	7.75590E-9
3.86000E-2	9.99425E-1	8.20469E-9
3.87000E-2	9.99896E-1	-3.06513E-9
3.88000E-2	1.00084E+0	1.14772E-8
3.89000E-2	9.99688E-1	4.48029E-9
3.90000E-2	9.99716E-1	-4.57525E-12
3.91000E-2	9.99730E-1	1.34344E-8
3.92000E-2	1.00038E+0	5.76747E-9
3.93000E-2	9.99771E-1	1.32312E-9
3.94000E-2	9.99813E-1	1.44779E-9
3.95000E-2	1.00031E+0	2.78171E-9
3.96000E-2	1.00056E+0	8.80621E-9
3.97000E-2	9.99453E-1	1.03614E-8
3.98000E-2	9.99896E-1	-2.52907E-9
3.99000E-2	1.00045E+0	1.15738E-8
4.00000E-2	1.00019E+0	-5.15641E-9
4.01000E-2	9.99827E-1	1.53979E-8
4.02000E-2	9.99647E-1	5.72384E-9
4.03000E-2	1.00080E+0	4.66040E-10
4.04000E-2	9.99660E-1	6.35340E-9
4.05000E-2	9.99951E-1	1.32312E-9
4.06000E-2	9.99577E-1	1.41108E-8
4.07000E-2	1.00012E+0	1.48519E-9
4.08000E-2	9.99965E-1	6.28106E-10
4.09000E-2	1.00020E+0	3.14948E-9
4.10000E-2	9.99910E-1	8.36988E-9
4.11000E-2	9.99550E-1	1.00622E-8
4.12000E-2	1.00057E+0	6.73987E-9
4.13000E-2	9.99799E-1	-1.78107E-9
4.14000E-2	9.99328E-1	8.11119E-9
4.15000E-2	1.00073E+0	1.44155E-9
4.16000E-2	9.99785E-1	7.88368E-9
4.17000E-2	9.99743E-1	3.86631E-9
4.18000E-2	1.00048E+0	7.53461E-9
4.19000E-2	9.99453E-1	-5.37523E-10
4.20000E-2	1.00031E+0	6.02304E-9
4.21000E-2	9.99522E-1	9.75055E-9
4.22000E-2	1.00020E+0	4.47717E-9
4.23000E-2	9.99730E-1	2.04241E-10
4.24000E-2	1.00052E+0	4.57691E-9
4.25000E-2	1.00006E+0	2.27993E-9
4.26000E-2	9.99148E-1	9.70069E-9
4.27000E-2	1.00093E+0	6.13212E-9
4.28000E-2	9.99411E-1	2.65393E-9
4.29000E-2	1.00012E+0	9.05866E-9
4.30000E-2	1.00057E+0	-3.31135E-9
4.31000E-2	9.99439E-1	8.02393E-9
4.32000E-2	9.99854E-1	8.28884E-9
4.33000E-2	1.00038E+0	1.03015E-9
4.34000E-2	9.99854E-1	6.08537E-9
4.35000E-2	9.99993E-1	8.11988E-10
4.36000E-2	1.00021E+0	5.32802E-9
4.37000E-2	9.99660E-1	1.69033E-8
4.38000E-2	1.00005E+0	1.22650E-9
4.39000E-2	9.99993E-1	-1.52550E-9
4.40000E-2	9.99979E-1	1.31571E-8
4.41000E-2	1.00016E+0	4.05954E-9
4.42000E-2	9.99813E-1	4.77637E-9
4.43000E-2	1.00053E+0	-4.19648E-9
4.44000E-2	9.99370E-1	1.21286E-8
4.45000E-2	1.00085E+0	1.14859E-9
4.46000E-2	9.99176E-1	6.60273E-9
4.47000E-2	1.00027E+0	4.65171E-9
4.48000E-2	1.00074E+0	2.15215E-9
4.49000E-2	9.99370E-1	3.31155E-9
4.50000E-2	9.99536E-1	8.42598E-9
4.51000E-2	1.00055E+0	5.39659E-9
4.52000E-2	1.00010E+0	-5.62456E-10
4.53000E-2	1.00039E+0	9.63212E-9
4.54000E-2	9.99633E-1	6.03239E-9
4.55000E-2	1.00009E+0	2.11475E-9
4.56000E-2	1.00026E+0	5.84473E-10
4.57000E-2	9.99633E-1	1.19821E-8
4.58000E-2	1.00024E+0	6.06044E-9
4.59000E-2	9.99577E-1	3.22428E-9
4.60000E-2	1.00021E+0	4.42419E-9
4.61000E-2	9.99702E-1	2.96248E-9
4.62000E-2	9.99923E-1	2.82223E-9
4.63000E-2	1.00035E+0	4.22473E-9
4.64000E-2	9.99494E-1	6.66818E-9
4.65000E-2	1.00053E+0	6.40327E-9
4.66000E-2	1.00021E+0	1.22962E-9
4.67000E-2	9.98927E-1	2.86275E-9
4.68000E-2	1.00078E+0	1.05360E-8
4.69000E-2	1.00006E+0	-4.20583E-9
4.70000E-2	9.99813E-1	7.34138E-9
4.71000E-2	9.99453E-1	1.14709E-8
4.72000E-2	1.00064E+0	-2.30778E-9
4.73000E-2	9.99397E-1	7.30086E-9
4.74000E-2	1.00050E+0	3.52659E-9
4.75000E-2	9.99107E-1	4.22784E-9
4.76000E-2	1.00081E+0	7.25723E-9
4.77000E-2	9.99757E-1	4.48652E-9
4.78000E-2	1.00044E+0	5.17842E-9
4.79000E-2	9.99647E-1	-3.45160E-9
4.80000E-2	9.99508E-1	1.36620E-8
4.81000E-2	1.00104E+0	3.69423E-10
4.82000E-2	9.99439E-1	6.05420E-9
4.83000E-2	1.00013E+0	1.68154E-9
4.84000E-2	9.99674E-1	5.20336E-9
4.85000E-2	1.00042E+0	1.13120E-8
4.86000E-2	9.99965E-1	-4.91642E-9
4.87000E-2	9.99467E-1	8.16106E-9
4.88000E-2	1.00037E+0	9.25812E-9
4.89000E-2	1.00059E+0	1.11430E-9
4.90000E-2	9.99688E-1	7.38190E-9
4.91000E-2	9.99328E-1	5.06556E-10
4.92000E-2	1.00078E+0	4.24966E-9
4.93000E-2	1.00013E+0	1.14616E-8
4.94000E-2	9.99937E-1	3.86319E-9
4.95000E-2	1.00003E+0	3.75099E-9
4.96000E-2	9.99536E-1	1.26324E-10
4.97000E-2	1.00084E+0	6.09160E-9
4.98000E-2	9.99079E-1	6.94557E-9
4.99000E-2	1.00037E+0	2.87833E-9
5.00000E-2	9.99951E-1	2.05553E-9
5.01000E-2	1.00042E+0	1.17352E-9
5.02000E-2	9.99937E-1	8.57558E-9
5.03000E-2	9.99854E-1	6.34405E-9
5.04000E-2	9.99577E-1	-7.49456E-10
5.05000E-2	1.00093E+0	1.07915E-8
5.06000E-2	9.99370E-1	-1.70419E-11
5.07000E-2	9.99411E-1	8.90594E-9
5.08000E-2	1.00049E+0	2.74743E-9
5.09000E-2	1.00052E+0	3.84138E-9
5.10000E-2	9.99674E-1	6.68065E-9
5.11000E-2	1.00035E+0	1.48141E-10
5.12000E-2	9.99827E-1	3.89124E-9
5.13000E-2	1.00041E+0	7.37878E-9
5.14000E-2	9.99993E-1	9.20826E-9
5.15000E-2	9.99993E-1	2.35473E-9
5.16000E-2	9.99633E-1	-3.03708E-9
5.17000E-2	1.00016E+0	9.67264E-9
5.18000E-2	1.00053E+0	6.15394E-9
5.19000E-2	9.99577E-1	5.96382E-9
5.20000E-2	9.99577E-1	5.58670E-9
5.21000E-2	1.00055E+0	5.39970E-9
5.22000E-2	9.99619E-1	6.15639E-10
5.23000E-2	1.00016E+0	2.96871E-9
5.24000E-2	9.99771E-1	1.12989E-9
5.25000E-2	1.00103E+0	6.38768E-9
5.26000E-2	9.99079E-1	6.98920E-9
5.27000E-2	1.00021E+0	8.99321E-9
5.28000E-2	1.00023E+0	-2.51660E-9
5.29000E-2	9.99868E-1	5.23141E-9
5.30000E-2	1.00017E+0	3.42063E-9
5.31000E-2	9.99328E-1	1.32973E-8
5.32000E-2	1.00016E+0	1.86542E-9
5.33000E-2	1.00037E+0	5.21582E-9
5.34000E-2	9.99854E-1	-2.29220E-9
5.35000E-2	9.99688E-1	1.21005E-8
5.36000E-2	9.99605E-1	-1.23877E-9
5.37000E-2	1.00067E+0	1.04986E-8
5.38000E-2	9.99688E-1	-6.58072E-9
5.39000E-2	9.99148E-1	1.11562E-8
5.40000E-2	1.00077E+0	9.08982E-9
5.41000E-2	9.99716E-1	-1.53485E-9
5.42000E-2	1.00032E+0	1.03022E-8
5.43000E-2	1.00012E+0	1.11742E-9
5.44000E-2	9.99508E-1	4.31199E-9
5.45000E-2	1.00039E+0	-2.90618E-9
5.46000E-2	1.00044E+0	8.75323E-9
5.47000E-2	9.99024E-1	4.10318E-9
5.48000E-2	1.00067E+0	5.42152E-9
5.49000E-2	9.99854E-1	4.56132E-9
5.50000E-2	9.99411E-1	5.03817E-9
5.51000E-2	1.00055E+0	5.59294E-9
5.52000E-2	9.99550E-1	4.22473E-9
5.53000E-2	1.00028E+0	-1.85275E-9
5.54000E-2	9.99771E-1	1.12746E-8
5.55000E-2	9.99979E-1	1.37610E-9
5.56000E-2	1.00045E+0	2.65705E-9
5.57000E-2	9.99688E-1	4.19979E-9
5.58000E-2	9.99827E-1	6.77727E-9
5.59000E-2	9.99536E-1	6.37456E-10
5.60000E-2	1.00074E+0	4.70469E-9
5.61000E-2	9.99827E-1	4.79196E-9
5.62000E-2	9.99910E-1	8.32624E-9
5.63000E-2	9.99854E-1	7.21048E-9
5.64000E-2	1.00013E+0	3.19935E-9
5.65000E-2	1.00006E+0	-5.43757E-10
5.66000E-2	9.99674E-1	5.84539E-9
5.67000E-2	9.99619E-1	9.81600E-9
5.68000E-2	1.00067E+0	-1.66887E-9
5.69000E-2	9.99342E-1	3.31466E-9
5.70000E-2	1.00003E+0	1.09006E-8
5.71000E-2	9.99993E-1	5.85474E-9
5.72000E-2	9.99743E-1	-2.32091E-10
5.73000E-2	1.00082E+0	9.27305E-10
5.74000E-2	9.99328E-1	6.73363E-9
5.75000E-2	1.00024E+0	3.86319E-9
5.76000E-2	9.99799E-1	7.42865E-9
5.77000E-2	1.00026E+0	-3.75703E-9
5.78000E-2	9.99910E-1	9.57291E-9
5.79000E-2	1.00031E+0	2.21137E-9
5.80000E-2	9.99467E-1	8.86231E-9
5.81000E-2	1.00086E+0	-1.41954E-9
5.82000E-2	1.00003E+0	5.93265E-9
5.83000E-2	9.99827E-1	8.11743E-9
5.84000E-2	9.99702E-1	-3.09630E-9
5.85000E-2	1.00010E+0	3.26791E-9
5.86000E-2	1.00028E+0	1.03926E-8
5.87000E-2	1.00008E+0	6.25367E-9
5.88000E-2	9.99591E-1	4.64236E-9
5.89000E-2	9.99730E-1	4.02214E-9
5.90000E-2	1.00070E+0	6.24989E-10
5.91000E-2	9.99619E-1	7.60006E-9
5.92000E-2	9.99148E-1	3.65438E-9
5.93000E-2	1.00057E+0	2.46382E-9
5.94000E-2	1.00049E+0	4.52392E-9
5.95000E-2	9.99480E-1	3.53283E-9
5.96000E-2	9.99467E-1	3.40193E-9
5.97000E-2	1.00070E+0	8.47273E-9
5.98000E-2	1.00041E+0	1.31377E-9
5.99000E-2	9.99508E-1	1.90905E-9
6.00000E-2	1.00012E+0	5.35919E-9
6.01000E-2	9.99827E-1	2.61653E-9
6.02000E-2	1.00027E+0	2.51992E-9
6.03000E-2	1.00002E+0	1.44131E-8
6.04000E-2	9.99827E-1	-3.08383E-9
6.05000E-2	9.99965E-1	9.56044E-9
6.06000E-2	1.00014E+0	-4.50257E-10
6.07000E-2	1.00009E+0	6.80220E-9
6.08000E-2	9.99937E-1	2.29174E-10
6.09000E-2	9.99577E-1	5.66462E-9
6.10000E-2	1.00063E+0	8.16729E-9
6.11000E-2	1.00020E+0	4.78506E-10
6.12000E-2	9.99273E-1	8.80933E-9
6.13000E-2	1.00023E+0	-1.10787E-9
6.14000E-2	1.00049E+0	4.49276E-9
6.15000E-2	9.99591E-1	1.34182E-9
6.16000E-2	9.99397E-1	8.17976E-9
6.17000E-2	1.00039E+0	8.32936E-9
6.18000E-2	1.00046E+0	1.47272E-9
6.19000E-2	9.99854E-1	6.13212E-9
6.20000E-2	1.00046E+0	1.22962E-9
6.21000E-2	9.98996E-1	2.99365E-9
6.22000E-2	1.00052E+0	6.49053E-9
6.23000E-2	1.00006E+0	6.71739E-10
6.24000E-2	9.99425E-1	9.48252E-9
6.25000E-2	9.99591E-1	2.19824E-10
6.26000E-2	1.00066E+0	9.03372E-9
6.27000E-2	9.99716E-1	1.68154E-9
6.28000E-2	1.00021E+0	-8.92822E-10
6.29000E-2	9.99231E-1	6.29730E-9
6.30000E-2	1.00118E+0	3.10896E-9
6.31000E-2	9.99702E-1	-1.34474E-9
6.32000E-2	1.00012E+0	1.44723E-8
6.33000E-2	9.99467E-1	3.90371E-9
6.34000E-2	1.00013E+0	7.64578E-11
6.35000E-2	1.00063E+0	7.36943E-9
6.36000E-2	9.99370E-1	4.46159E-9
6.37000E-2	1.00026E+0	4.53573E-10
6.38000E-2	9.99785E-1	7.13880E-9
6.39000E-2	9.99896E-1	2.99365E-9
6.40000E-2	1.00038E+0	1.02392E-9
6.41000E-2	1.00002E+0	4.19044E-9
6.42000E-2	9.99564E-1	8.85919E-9
6.43000E-2	1.00042E+0	3.11831E-9
6.44000E-2	9.99716E-1	1.08314E-9
6.45000E-2	1.00002E+0	8.60674E-9
6.46000E-2	1.00013E+0	-8.24916E-11
6.47000E-2	1.00024E+0	5.16284E-9
6.48000E-2	9.99785E-1	9.34851E-9
6.49000E-2	9.99411E-1	-1.68445E-9
6.50000E-2	1.00060E+0	9.34227E-9
6.51000E-2	1.00017E+0	-3.41108E-9
6.52000E-2	9.99356E-1	1.06014E-8
6.53000E-2	1.00010E+0	6.03239E-9
6.54000E-2	1.00002E+0	-7.80868E-9
6.55000E-2	1.00005E+0	8.40728E-9
6.56000E-2	9.99923E-1	8.18288E-9
6.57000E-2	9.99411E-1	8.76258E-9
6.58000E-2	1.00020E+0	-4.42711E-9
6.59000E-2	1.00059E+0	9.60719E-9
6.60000E-2	9.99716E-1	-2.32091E-10
6.61000E-2	9.99730E-1	1.09972E-8
6.62000E-2	1.00012E+0	-5.65819E-9
6.63000E-2	9.99951E-1	1.34469E-8
6.64000E-2	1.00027E+0	2.41083E-9
6.65000E-2	9.99176E-1	-1.35475E-10
6.66000E-2	1.00016E+0	1.08539E-8
6.67000E-2	1.00052E+0	3.25233E-9
6.68000E-2	1.00013E+0	1.17040E-9
6.69000E-2	9.98844E-1	1.55999E-9
6.70000E-2	1.00085E+0	9.73186E-9
6.71000E-2	9.99937E-1	3.14013E-9
6.72000E-2	1.00062E+0	1.82178E-9
6.73000E-2	9.99065E-1	2.32357E-9
6.74000E-2	9.99896E-1	3.79151E-9
6.75000E-2	1.00082E+0	3.56088E-9
6.76000E-2	9.99868E-1	3.39881E-9
6.77000E-2	9.99342E-1	5.93265E-9
6.78000E-2	1.00031E+0	4.06578E-9
6.79000E-2	1.00035E+0	5.15037E-9
6.80000E-2	1.00032E+0	-9.23988E-10
6.81000E-2	9.99231E-1	1.25680E-8
6.82000E-2	1.00053E+0	-5.76415E-9
6.83000E-2	9.99951E-1	1.13743E-8
6.84000E-2	1.00068E+0	-1.35475E-10
6.85000E-2	9.98816E-1	6.09472E-9
6.86000E-2	1.00067E+0	6.72740E-9
6.87000E-2	9.99453E-1	2.99988E-9
6.88000E-2	1.00053E+0	3.21805E-9
6.89000E-2	9.99107E-1	1.56310E-9
6.90000E-2	1.00019E+0	9.04619E-9
6.91000E-2	1.00037E+0	5.81356E-10
6.92000E-2	9.99910E-1	6.60273E-9
6.93000E-2	1.00041E+0	-3.16241E-10
6.94000E-2	9.99010E-1	2.98430E-9
6.95000E-2	1.00120E+0	5.97629E-9
6.96000E-2	9.99660E-1	9.03996E-9
6.97000E-2	1.00010E+0	-1.78107E-9
6.98000E-2	9.99522E-1	1.01838E-8
6.99000E-2	1.00095E+0	-1.65952E-9
7.00000E-2	9.98954E-1	6.39392E-9
7.01000E-2	1.00026E+0	3.81956E-9
7.02000E-2	9.99951E-1	2.75990E-9
7.03000E-2	1.00085E+0	2.44757E-10
7.04000E-2	9.99051E-1	8.68466E-9
7.05000E-2	1.00031E+0	7.74343E-9
7.06000E-2	9.99923E-1	3.50723E-10
7.07000E-2	1.00005E+0	-1.19825E-9
7.08000E-2	1.00074E+0	8.02704E-9
7.09000E-2	9.99411E-1	9.16151E-9
7.10000E-2	1.00010E+0	-3.24590E-9
7.11000E-2	1.00057E+0	3.75411E-9
7.12000E-2	1.00010E+0	6.29107E-9
7.13000E-2	9.98927E-1	5.85474E-9
7.14000E-2	1.00019E+0	7.41618E-9
7.15000E-2	1.00074E+0	-2.41063E-9
7.16000E-2	1.00003E+0	7.51591E-9
7.17000E-2	9.99965E-1	-2.44558E-10
7.18000E-2	1.00013E+0	4.12188E-9
7.19000E-2	9.99716E-1	8.82179E-9
7.20000E-2	9.99702E-1	3.23051E-9
7.21000E-2	1.00005E+0	7.84316E-9
7.22000E-2	9.99688E-1	-1.84340E-9
7.23000E-2	1.00095E+0	4.76702E-9
7.24000E-2	9.99453E-1	2.93131E-9
7.25000E-2	9.99328E-1	4.73274E-9
7.26000E-2	1.00106E+0	3.14948E-9
7.27000E-2	9.99328E-1	7.92731E-9
7.28000E-2	1.00104E+0	1.05820E-9
7.29000E-2	9.99397E-1	7.38813E-9
7.30000E-2	1.00003E+0	2.90015E-9
7.31000E-2	9.99785E-1	5.86097E-9
7.32000E-2	1.00024E+0	-3.18356E-9
7.33000E-2	9.99107E-1	9.38279E-9
7.34000E-2	1.00082E+0	7.09205E-9
7.35000E-2	9.99702E-1	-5.09096E-9
7.36000E-2	9.99605E-1	1.07853E-8
7.37000E-2	1.00009E+0	2.91885E-9
7.38000E-2	1.00023E+0	-4.75190E-10
7.39000E-2	1.00008E+0	5.49320E-9
7.40000E-2	9.99577E-1	8.93087E-9
7.41000E-2	1.00013E+0	6.16017E-9
7.42000E-2	1.00035E+0	-2.94981E-9
7.43000E-2	1.00042E+0	4.10006E-9
7.44000E-2	9.99965E-1	7.22918E-9
7.45000E-2	9.99508E-1	3.57646E-9
7.46000E-2	1.00014E+0	5.92330E-9
7.47000E-2	9.99702E-1	-1.44447E-9
7.48000E-2	1.00070E+0	9.18956E-9
7.49000E-2	1.00037E+0	1.79685E-9
7.50000E-2	9.99148E-1	1.41974E-9
7.51000E-2	1.00038E+0	6.03239E-9
7.52000E-2	1.00071E+0	5.63657E-9
7.53000E-2	9.99384E-1	1.49765E-9
7.54000E-2	9.99785E-1	9.96560E-9
7.55000E-2	1.00057E+0	-1.26682E-9
7.56000E-2	1.00008E+0	3.01546E-9
7.57000E-2	9.99273E-1	4.70469E-9
7.58000E-2	1.00071E+0	5.68955E-9
7.59000E-2	1.00024E+0	3.46115E-9
7.60000E-2	9.99647E-1	3.71983E-9
7.61000E-2	9.99619E-1	8.81868E-9
7.62000E-2	9.99605E-1	-2.45738E-9
7.63000E-2	1.00067E+0	1.06450E-8
7.64000E-2	9.99674E-1	1.17975E-9
7.65000E-2	1.00049E+0	-2.46362E-9
7.66000E-2	9.99453E-1	1.07572E-8
7.67000E-2	1.00060E+0	1.32312E-9
7.68000E-2	9.99896E-1	2.98430E-9
7.69000E-2	9.99965E-1	8.86854E-9
7.70000E-2	9.99605E-1	6.65506E-10
7.71000E-2	1.00017E+0	1.01370E-8
7.72000E-2	1.00005E+0	3.24610E-9
7.73000E-2	9.99923E-1	-2.74412E-9
7.74000E-2	9.99951E-1	1.09941E-8
7.75000E-2	9.99633E-1	-9.48922E-10
7.76000E-2	1.00005E+0	4.87611E-9
7.77000E-2	1.00030E+0	5.53684E-9
7.78000E-2	9.99550E-1	1.33247E-9
7.79000E-2	9.99854E-1	7.82446E-9
7.80000E-2	1.00041E+0	1.64102E-9
7.81000E-2	1.00014E+0	1.84983E-9
7.82000E-2	9.99411E-1	3.24610E-9
7.83000E-2	1.00026E+0	8.39481E-9
7.84000E-2	1.00062E+0	2.78483E-9
7.85000E-2	9.99813E-1	-5.62456E-10
7.86000E-2	9.99605E-1	3.90683E-9
7.87000E-2	1.00021E+0	1.21223E-8
7.88000E-2	1.00071E+0	1.13858E-10
7.89000E-2	9.99896E-1	4.82624E-9
7.90000E-2	9.99453E-1	9.11721E-10
7.91000E-2	9.99619E-1	3.22428E-9
7.92000E-2	1.00062E+0	1.21971E-8
7.93000E-2	9.99951E-1	3.05910E-9
7.94000E-2	9.99757E-1	-9.20872E-10
7.95000E-2	9.99827E-1	6.48430E-9
7.96000E-2	1.00021E+0	-3.04020E-9
7.97000E-2	9.99217E-1	9.87210E-9
7.98000E-2	1.00024E+0	2.76301E-9
7.99000E-2	1.00027E+0	-9.14639E-10
8.00000E-2	1.00034E+0	4.81066E-9
8.01000E-2	9.99577E-1	3.19311E-9
8.02000E-2	9.99633E-1	1.01246E-8
8.03000E-2	1.00042E+0	2.84093E-9
8.04000E-2	1.00056E+0	-1.21384E-9
8.05000E-2	9.99494E-1	1.03327E-9
8.06000E-2	1.00030E+0	6.29418E-9
8.07000E-2	9.99522E-1	2.10852E-9
8.08000E-2	1.00085E+0	7.14815E-9
8.09000E-2	9.99591E-1	3.49231E-9
8.10000E-2	9.99467E-1	1.29295E-8
8.11000E-2	1.00041E+0	3.35140E-10
8.12000E-2	1.00023E+0	1.69712E-9
8.13000E-2	9.99716E-1	4.74832E-9
8.14000E-2	1.00013E+0	-5.74923E-10
8.15000E-2	1.00013E+0	1.72205E-9
8.16000E-2	9.99425E-1	1.05858E-8
8.17000E-2	1.00067E+0	5.50189E-10
8.18000E-2	9.99370E-1	9.72562E-9
8.19000E-2	1.00049E+0	-2.93735E-9
8.20000E-2	9.99882E-1	3.43310E-9
8.21000E-2	1.00044E+0	1.29825E-8
8.22000E-2	1.00034E+0	-2.37012E-9
8.23000E-2	9.98858E-1	1.07624E-10
8.24000E-2	1.00086E+0	1.32038E-8
8.25000E-2	9.99937E-1	-6.59318E-9
8.26000E-2	1.00001E+0	7.33515E-9
8.27000E-2	9.99204E-1	7.05153E-9
8.28000E-2	1.00077E+0	3.16440E-10
8.29000E-2	1.00012E+0	9.35162E-9
8.30000E-2	9.99702E-1	3.53594E-9
8.31000E-2	1.00028E+0	2.97080E-11
8.32000E-2	9.99757E-1	1.08937E-9
8.33000E-2	9.99937E-1	8.19223E-9
8.34000E-2	1.00031E+0	5.79240E-9
8.35000E-2	9.99591E-1	-4.04064E-9
8.36000E-2	9.99799E-1	1.20070E-8
8.37000E-2	1.00086E+0	-8.46072E-10
8.38000E-2	9.98802E-1	6.66507E-9
8.39000E-2	1.00057E+0	-3.27395E-9
8.40000E-2	9.99993E-1	1.13151E-8
8.41000E-2	1.00071E+0	-8.24256E-10
8.42000E-2	9.99536E-1	7.93043E-9
8.43000E-2	9.99384E-1	-6.49723E-10
8.44000E-2	1.00116E+0	3.71359E-9
8.45000E-2	9.99619E-1	8.67843E-9
8.46000E-2	9.99467E-1	-1.22007E-9
8.47000E-2	1.00017E+0	1.15644E-8
8.48000E-2	1.00002E+0	-4.43334E-9
8.49000E-2	9.99910E-1	5.02882E-9
8.50000E-2	1.00008E+0	8.70336E-9
8.51000E-2	9.99688E-1	3.77281E-9
8.52000E-2	1.00010E+0	4.50456E-10
8.53000E-2	1.00063E+0	7.11075E-9
8.54000E-2	9.99633E-1	-6.34140E-10
8.55000E-2	9.99716E-1	5.39659E-9
8.56000E-2	1.00016E+0	6.73675E-9
8.57000E-2	9.99771E-1	3.22740E-9
8.58000E-2	1.00010E+0	-1.39460E-9
8.59000E-2	9.99923E-1	8.22963E-9
8.60000E-2	9.99896E-1	1.87788E-9
8.61000E-2	1.00016E+0	3.06221E-9
8.62000E-2	9.99397E-1	4.25589E-9
8.63000E-2	1.00050E+0	8.98074E-9
8.64000E-2	1.00037E+0	-1.22319E-9
8.65000E-2	9.99910E-1	8.18599E-9
8.66000E-2	1.00024E+0	1.57491E-10
8.67000E-2	9.99148E-1	2.85340E-9
8.68000E-2	1.00067E+0	6.09472E-9
8.69000E-2	1.00037E+0	2.03995E-9
8.70000E-2	9.99854E-1	4.64236E-9
8.71000E-2	9.99204E-1	2.27370E-9
8.72000E-2	1.00118E+0	5.23764E-9
8.73000E-2	9.99785E-1	8.06444E-9
8.74000E-2	9.99771E-1	-4.43023E-9
8.75000E-2	9.99397E-1	8.88412E-9
8.76000E-2	1.00067E+0	7.35696E-9
8.77000E-2	9.99923E-1	-3.23655E-9
8.78000E-2	9.99868E-1	1.85295E-9
8.79000E-2	9.99702E-1	2.25500E-9
8.80000E-2	1.00012E+0	7.25723E-9
8.81000E-2	1.00039E+0	8.38234E-9
8.82000E-2	1.00013E+0	5.26569E-9
8.83000E-2	9.99536E-1	-2.28974E-10
8.84000E-2	1.00031E+0	1.60674E-9
8.85000E-2	9.99674E-1	5.46204E-9
8.86000E-2	1.00026E+0	1.50700E-9
8.87000E-2	9.99868E-1	3.47361E-9
8.88000E-2	1.00008E+0	6.93310E-9
8.89000E-2	1.00021E+0	-3.79754E-9
8.90000E-2	9.99065E-1	1.04892E-8
8.91000E-2	1.00059E+0	3.42375E-9
8.92000E-2	1.00017E+0	6.55598E-9
8.93000E-2	1.00001E+0	-1.35720E-9
8.94000E-2	9.99840E-1	9.78795E-9
8.95000E-2	1.00001E+0	-2.10832E-9
8.96000E-2	1.00026E+0	5.65527E-9
8.97000E-2	9.99619E-1	3.86631E-9
8.98000E-2	1.00006E+0	4.59561E-9
8.99000E-2	1.00008E+0	5.40839E-10
9.00000E-2	1.00038E+0	-2.97786E-9
9.01000E-2	9.99439E-1	1.30791E-8
9.02000E-2	1.00038E+0	2.63523E-9
9.03000E-2	9.99827E-1	-1.22630E-9
9.04000E-2	1.00003E+0	6.08225E-9
9.05000E-2	9.99840E-1	8.89347E-9
9.06000E-2	9.99979E-1	4.50211E-9
9.07000E-2	9.99591E-1	1.54374E-10
9.08000E-2	1.00023E+0	5.32179E-9
9.09000E-2	9.99951E-1	1.50077E-9
9.10000E-2	9.99896E-1	-1.34162E-9
9.11000E-2	9.99674E-1	1.01464E-8
9.12000E-2	1.00096E+0	1.72413E-11
9.13000E-2	9.99577E-1	3.04351E-9
9.14000E-2	9.99577E-1	1.18948E-8
9.15000E-2	1.00070E+0	-1.22630E-9
9.16000E-2	9.99716E-1	6.47807E-9
9.17000E-2	1.00023E+0	-1.94937E-9
9.18000E-2	9.99397E-1	8.06444E-9
9.19000E-2	1.00057E+0	5.09673E-10
9.20000E-2	9.99882E-1	2.11163E-9
9.21000E-2	9.99965E-1	9.21137E-9
9.22000E-2	1.00006E+0	1.82424E-10
9.23000E-2	1.00042E+0	7.75590E-9
9.24000E-2	9.99439E-1	-6.40307E-9
9.25000E-2	1.00026E+0	1.51143E-8
9.26000E-2	9.99730E-1	-1.06735E-9
9.27000E-2	1.00014E+0	1.06755E-9
9.28000E-2	1.00045E+0	8.89036E-9
9.29000E-2	1.00030E+0	5.87589E-10
9.30000E-2	9.98858E-1	1.06357E-8
9.31000E-2	9.98248E-1	4.01940E-8
9.32000E-2	9.94719E-1	1.47797E-7
9.33000E-2	9.94262E-1	3.21017E-7
9.34000E-2	9.96117E-1	4.59069E-7
9.35000E-2	9.98276E-1	5.20642E-7
9.36000E-2	9.98276E-1	5.78151E-7
9.37000E-2	9.99439E-1	6.13521E-7
9.38000E-2	9.99314E-1	6.24932E-7
9.39000E-2	9.99605E-1	6.37033E-7
9.40000E-2	1.00062E+0	6.41431E-7
9.41000E-2	9.98982E-1	6.52779E-7
9.42000E-2	1.00013E+0	6.46904E-7
9.43000E-2	1.00053E+0	6.44713E-7
9.44000E-2	9.99522E-1	6.59062E-7
9.45000E-2	1.00006E+0	6.50285E-7
9.46000E-2	1.00010E+0	6.53109E-7
9.47000E-2	1.00030E+0	6.43448E-7
9.48000E-2	9.99937E-1	6.53168E-7
9.49000E-2	1.00066E+0	6.43139E-7
9.50000E-2	9.98996E-1	6.55422E-7
9.51000E-2	1.00093E+0	6.44647E-7
9.52000E-2	9.99259E-1	6.52078E-7
9.53000E-2	1.00099E+0	6.46589E-7
9.54000E-2	9.99217E-1	6.47496E-7
9.55000E-2	1.00005E+0	6.51083E-7
9.56000E-2	1.00032E+0	6.42874E-7
9.57000E-2	9.99965E-1	6.43391E-7
9.58000E-2	9.99397E-1	6.49220E-7
9.59000E-2	9.99951E-1	6.42372E-7
9.60000E-2	1.00026E+0	6.49251E-7
9.61000E-2	1.00063E+0	6.39296E-7
9.62000E-2	9.99148E-1	6.42210E-7
9.63000E-2	1.00019E+0	6.51080E-7
9.64000E-2	9.99757E-1	6.43479E-7
9.65000E-2	9.99813E-1	6.38131E-7
9.66000E-2	1.00019E+0	6.43853E-7
9.67000E-2	1.00308E+0	6.21413E-7
9.68000E-2	1.00902E+0	3.85591E-7
9.69000E-2	1.00308E+0	2.26838E-7
9.70000E-2	1.00139E+0	1.70617E-7
9.71000E-2	1.00168E+0	1.41199E-7
9.72000E-2	9.99716E-1	1.08764E-7
9.73000E-2	1.00066E+0	1.04749E-7
9.74000E-2	1.00066E+0	8.69034E-8
9.75000E-2	1.00002E+0	7.29594E-8
9.76000E-2	9.99868E-1	6.45601E-8
9.77000E-2	1.00064E+0	6.17488E-8
9.78000E-2	1.00078E+0	6.59781E-8
9.79000E-2	9.99577E-1	4.73218E-8
9.80000E-2	9.99688E-1	5.41286E-8
9.81000E-2	1.00095E+0	5.01892E-8
9.82000E-2	1.00001E+0	4.48721E-8
9.83000E-2	9.99827E-1	4.33294E-8
9.84000E-2	1.00068E+0	3.22497E-8
9.85000E-2	9.99536E-1	3.84051E-8
9.86000E-2	1.00068E+0	4.10449E-8
9.87000E-2	9.99134E-1	3.56780E-8
9.88000E-2	1.00030E+0	2.85565E-8
9.89000E-2	1.00052E+0	3.18663E-8
9.90000E-2	1.00046E+0	2.99683E-8
9.91000E-2	9.99314E-1	2.85191E-8
9.92000E-2	1.00031E+0	2.58792E-8
9.93000E-2	9.99536E-1	3.55533E-8
9.94000E-2	1.00023E+0	2.18650E-8
9.95000E-2	9.99605E-1	2.73441E-8
9.96000E-2	1.00003E+0	2.78427E-8
9.97000E-2	1.00031E+0	2.43833E-8
9.98000E-2	1.00030E+0	1.55475E-8
9.99000E-2	9.99411E-1	3.19567E-8
