## Header ##
[General info]
User	Giorgos_Psaltakis
Device	Sample
Cell area (cm2)	1
Test	Memristor
Date	2024-03-03
Time	03:33:04
Note	

[Acquisition Settings]
Sampling time (s)	5.000E-1
Voltage Range (V)	6.000E+0
Current Range (A)	1.000E-6
Current Limit (A)	1.000E-6

[Waveform Settings]
V_HRS (V)	0.5000
V_LRS (V)	0.5000
V_READ (V)	0.5000
t_HRS (s)	0.0200
t_LRS (s)	0.0200
t_READ (s)	0.0000
d_HRS (s)	0.0100
d_LRS (s)	0.0000
d_READ (s)	0.0000
Cycles	1

## Data ##
Time (s)	Voltage (V)	Current (A)
0.00000E+0	1.26103E-4	4.46502E-8
5.00000E-4	-5.93872E-5	-1.31606E-9
1.00000E-3	-6.49242E-5	-2.24611E-10
1.50000E-3	2.08996E-5	-1.62901E-10
2.00000E-3	2.64366E-5	-6.29776E-10
2.50000E-3	2.92051E-5	1.30878E-9
3.00000E-3	-1.11989E-4	-1.04741E-9
3.50000E-3	7.90382E-5	1.72451E-10
4.00000E-3	-1.50911E-5	1.43906E-9
4.50000E-3	-4.83132E-5	-3.69224E-10
5.00000E-3	-3.17021E-5	-6.09206E-10
5.50000E-3	1.56557E-4	-5.91130E-10
6.00000E-3	-1.56285E-4	7.22045E-9
6.50000E-3	8.73438E-5	1.44342E-9
7.00000E-3	-1.09220E-4	7.68979E-10
7.50000E-3	3.75106E-5	-1.86646E-9
8.00000E-3	3.47421E-5	6.45559E-10
8.50000E-3	-9.26093E-5	-1.40461E-10
9.00000E-3	9.84178E-5	-6.75317E-11
9.50000E-3	1.06723E-4	-7.69190E-12
1.00000E-2	4.51864E-1	3.18446E-7
1.05000E-2	4.98610E-1	3.94298E-8
1.10000E-2	5.00955E-1	2.52098E-7
1.15000E-2	5.00548E-1	6.05078E-8
1.20000E-2	5.00019E-1	3.35232E-8
1.25000E-2	5.00111E-1	2.60357E-8
1.30000E-2	4.99859E-1	1.95954E-8
1.35000E-2	5.00169E-1	1.62120E-8
1.40000E-2	5.00019E-1	1.42915E-8
1.45000E-2	5.00044E-1	1.14074E-8
1.50000E-2	5.00064E-1	1.15825E-8
1.55000E-2	4.96531E-1	8.45478E-8
1.60000E-2	5.03015E-1	1.80168E-7
1.65000E-2	5.00299E-1	4.97435E-8
1.70000E-2	5.00094E-1	2.87534E-8
1.75000E-2	5.00080E-1	2.09556E-8
1.80000E-2	5.00108E-1	1.81506E-8
1.85000E-2	4.99886E-1	1.43813E-8
1.90000E-2	5.00066E-1	1.05858E-8
1.95000E-2	5.00025E-1	1.24246E-8
2.00000E-2	4.99922E-1	9.63150E-9
2.05000E-2	4.97475E-1	1.55466E-7
2.10000E-2	5.02024E-1	1.13518E-7
2.15000E-2	5.00232E-1	4.19674E-8
2.20000E-2	5.00025E-1	2.53444E-8
2.25000E-2	5.00030E-1	1.94228E-8
2.30000E-2	4.99989E-1	1.80720E-8
2.35000E-2	5.00160E-1	1.22757E-8
2.40000E-2	4.99956E-1	1.27120E-8
2.45000E-2	4.99900E-1	9.83969E-9
2.50000E-2	5.00052E-1	9.83221E-9
2.55000E-2	4.98962E-1	1.91271E-7
2.60000E-2	5.00603E-1	8.39450E-8
2.65000E-2	5.00097E-1	3.68511E-8
2.70000E-2	5.00130E-1	2.37350E-8
2.75000E-2	5.00105E-1	1.77074E-8
2.80000E-2	4.99873E-1	1.65760E-8
2.85000E-2	5.00105E-1	1.12465E-8
2.90000E-2	4.99942E-1	1.16835E-8
2.95000E-2	5.00069E-1	1.05603E-8
3.00000E-2	5.00044E-1	8.30754E-9
3.05000E-2	4.99119E-1	2.11717E-7
3.10000E-2	5.00501E-1	6.68876E-8
3.15000E-2	5.00285E-1	3.33393E-8
3.20000E-2	5.00050E-1	2.40697E-8
3.25000E-2	5.00041E-1	1.70311E-8
3.30000E-2	4.99956E-1	1.40771E-8
3.35000E-2	4.99939E-1	1.28759E-8
3.40000E-2	5.00036E-1	1.06793E-8
3.45000E-2	5.00102E-1	9.45884E-9
3.50000E-2	4.99709E-1	1.12933E-8
3.55000E-2	4.99759E-1	2.21775E-7
3.60000E-2	5.00335E-1	5.80207E-8
3.65000E-2	5.00102E-1	2.81133E-8
3.70000E-2	5.00061E-1	2.20121E-8
3.75000E-2	5.00025E-1	1.74100E-8
3.80000E-2	4.99980E-1	1.38745E-8
3.85000E-2	5.00011E-1	1.26141E-8
3.90000E-2	5.00000E-1	9.58039E-9
3.95000E-2	5.00039E-1	1.00597E-8
4.00000E-2	4.98217E-1	3.42917E-8
4.05000E-2	5.01373E-1	2.06215E-7
4.10000E-2	5.00412E-1	4.80524E-8
4.15000E-2	4.99986E-1	2.83719E-8
4.20000E-2	5.00000E-1	1.84722E-8
4.25000E-2	5.00111E-1	1.65904E-8
4.30000E-2	4.99903E-1	1.32094E-8
4.35000E-2	5.00083E-1	1.05684E-8
4.40000E-2	5.00100E-1	9.39089E-9
4.45000E-2	4.99942E-1	9.89766E-9
4.50000E-2	4.96714E-1	1.03021E-7
4.55000E-2	5.02829E-1	1.42581E-7
4.60000E-2	5.00299E-1	4.29111E-8
4.65000E-2	4.99900E-1	2.62938E-8
4.70000E-2	5.00166E-1	1.80614E-8
4.75000E-2	5.00033E-1	1.44960E-8
4.80000E-2	4.99997E-1	1.32157E-8
4.85000E-2	4.99980E-1	1.24882E-8
4.90000E-2	4.99992E-1	9.25251E-9
4.95000E-2	4.99961E-1	8.07566E-9
5.00000E-2	4.77029E-2	-3.37935E-7
5.05000E-2	-3.27933E-4	-1.44858E-8
5.10000E-2	-5.93872E-5	-9.44243E-9
5.15000E-2	-4.01703E-6	-5.57154E-9
5.20000E-2	3.75106E-5	-3.41108E-9
5.25000E-2	-2.33966E-5	-3.29639E-9
5.30000E-2	-7.59983E-5	-3.85863E-9
5.35000E-2	7.62697E-5	-4.19461E-9
5.40000E-2	-9.55405E-6	-1.80725E-9
5.45000E-2	5.41217E-5	-1.21695E-9
5.50000E-2	6.79642E-5	-1.33919E-8
5.55000E-2	-5.93872E-5	-4.38223E-9
5.60000E-2	-9.55405E-6	-2.81019E-9
5.65000E-2	1.26103E-4	-3.22346E-9
5.70000E-2	-5.66187E-5	-1.50680E-9
5.75000E-2	4.85846E-5	-1.59033E-9
5.80000E-2	3.19736E-5	-1.97555E-9
5.85000E-2	-8.15353E-5	-1.24750E-9
5.90000E-2	1.23334E-4	-1.53859E-9
5.95000E-2	-8.70723E-5	2.51614E-10
6.00000E-2	4.44616E-1	5.30350E-7
6.05000E-2	5.00642E-1	7.23442E-8
6.10000E-2	4.99936E-1	3.64067E-8
6.15000E-2	5.00274E-1	2.51780E-8
6.20000E-2	4.99881E-1	1.92938E-8
6.25000E-2	5.00055E-1	1.64027E-8
6.30000E-2	5.00108E-1	1.33603E-8
6.35000E-2	4.99972E-1	1.23960E-8
6.40000E-2	4.99933E-1	1.02766E-8
6.45000E-2	4.99443E-1	1.56803E-8
6.50000E-2	5.00102E-1	2.25333E-7
6.55000E-2	5.00423E-1	5.29829E-8
6.60000E-2	5.00055E-1	3.06365E-8
6.65000E-2	4.99967E-1	2.09437E-8
6.70000E-2	4.99989E-1	1.47958E-8
6.75000E-2	5.00108E-1	1.49385E-8
6.80000E-2	5.00011E-1	1.17527E-8
6.85000E-2	5.00028E-1	9.44575E-9
6.90000E-2	4.99875E-1	9.95501E-9
6.95000E-2	4.97453E-1	5.38213E-8
7.00000E-2	5.02475E-1	1.88497E-7
7.05000E-2	5.00221E-1	4.51607E-8
7.10000E-2	5.00058E-1	2.71739E-8
7.15000E-2	5.00152E-1	2.03740E-8
7.20000E-2	4.99856E-1	1.42404E-8
7.25000E-2	5.00116E-1	1.24222E-8
7.30000E-2	5.00028E-1	1.31658E-8
7.35000E-2	4.99944E-1	1.01931E-8
7.40000E-2	5.00000E-1	8.00834E-9
7.45000E-2	4.96999E-1	1.28919E-7
7.50000E-2	5.02431E-1	1.19995E-7
7.55000E-2	5.00064E-1	4.05886E-8
7.60000E-2	5.00194E-1	2.38740E-8
7.65000E-2	5.00050E-1	1.83949E-8
7.70000E-2	5.00022E-1	1.51361E-8
7.75000E-2	4.99975E-1	1.21485E-8
7.80000E-2	5.00019E-1	1.05914E-8
7.85000E-2	5.00149E-1	1.09112E-8
7.90000E-2	4.99873E-1	7.82135E-9
7.95000E-2	4.98693E-1	1.72058E-7
8.00000E-2	5.00864E-1	8.54622E-8
8.05000E-2	5.00235E-1	3.64304E-8
8.10000E-2	5.00039E-1	2.18675E-8
8.15000E-2	5.00058E-1	1.89391E-8
8.20000E-2	5.00003E-1	1.28435E-8
8.25000E-2	5.00119E-1	1.15644E-8
8.30000E-2	4.99892E-1	1.09698E-8
8.35000E-2	5.00083E-1	1.01657E-8
8.40000E-2	4.99922E-1	7.47228E-9
8.45000E-2	4.99164E-1	1.95721E-7
8.50000E-2	5.00540E-1	6.81180E-8
8.55000E-2	5.00058E-1	3.27434E-8
8.60000E-2	5.00039E-1	2.13451E-8
8.65000E-2	5.00124E-1	1.65361E-8
8.70000E-2	5.00041E-1	1.25624E-8
8.75000E-2	4.99980E-1	1.25281E-8
8.80000E-2	5.00124E-1	9.42019E-9
8.85000E-2	4.99964E-1	9.90015E-9
8.90000E-2	5.00022E-1	9.13159E-9
8.95000E-2	4.99369E-1	2.09728E-7
9.00000E-2	5.00529E-1	5.66587E-8
9.05000E-2	5.00052E-1	3.02980E-8
9.10000E-2	5.00033E-1	2.03615E-8
9.15000E-2	5.00097E-1	1.60499E-8
9.20000E-2	4.99942E-1	1.31708E-8
9.25000E-2	4.99986E-1	1.17290E-8
9.30000E-2	4.99967E-1	9.02375E-9
9.35000E-2	5.00066E-1	9.18332E-9
9.40000E-2	4.98843E-1	2.23711E-8
9.45000E-2	5.00781E-1	2.06271E-7
9.50000E-2	5.00318E-1	4.78747E-8
9.55000E-2	4.99969E-1	2.74245E-8
9.60000E-2	5.00252E-1	1.89484E-8
9.65000E-2	4.99992E-1	1.56311E-8
9.70000E-2	4.99856E-1	1.32481E-8
9.75000E-2	5.00105E-1	1.11736E-8
9.80000E-2	4.99986E-1	9.25750E-9
9.85000E-2	5.00036E-1	6.91689E-9
9.90000E-2	4.96899E-1	7.79480E-8
9.95000E-2	5.02649E-1	1.57292E-7
