## Header ##
[General info]
User	Giorgos_Psaltakis
Device	Sample
Cell area (cm2)	1
Test	Memristor
Date	2024-03-03
Time	03:08:25
Note	

[Acquisition Settings]
Sampling time (s)	5.000E+0
Voltage Range (V)	6.000E+0
Current Range (A)	1.000E-6
Current Limit (A)	1.000E-6

[Waveform Settings]
V_HRS (V)	1.0000
V_LRS (V)	1.0000
V_READ (V)	1.0000
t_HRS (s)	1.0000
t_LRS (s)	1.0000
t_READ (s)	0.0500
d_HRS (s)	0.0000
d_LRS (s)	0.0000
d_READ (s)	0.0000
Cycles	10

## Data ##
Time (s)	Voltage (V)	Current (A)
0.00000E+0	9.70876E-1	7.60728E-8
5.00000E-3	1.00000E+0	6.36344E-9
1.00000E-2	9.99996E-1	5.50517E-9
1.50000E-2	1.00000E+0	4.90185E-9
2.00000E-2	1.00001E+0	4.71379E-9
2.50000E-2	9.99985E-1	4.52149E-9
3.00000E-2	1.00001E+0	4.40418E-9
3.50000E-2	9.99997E-1	4.47686E-9
4.00000E-2	9.99990E-1	4.31043E-9
4.50000E-2	1.00000E+0	4.11396E-9
5.00000E-2	1.00000E+0	4.12063E-9
5.50000E-2	9.99997E-1	4.11552E-9
6.00000E-2	9.99990E-1	3.99091E-9
6.50000E-2	1.00001E+0	4.01660E-9
7.00000E-2	9.99994E-1	3.80560E-9
7.50000E-2	1.00001E+0	4.12992E-9
8.00000E-2	9.99996E-1	3.85827E-9
8.50000E-2	1.00001E+0	3.81844E-9
9.00000E-2	9.99992E-1	3.90284E-9
9.50000E-2	9.99997E-1	3.68081E-9
1.00000E-1	1.00000E+0	3.80192E-9
1.05000E-1	9.99994E-1	3.81875E-9
1.10000E-1	1.00002E+0	3.68193E-9
1.15000E-1	9.99992E-1	3.86855E-9
1.20000E-1	9.99999E-1	3.63724E-9
1.25000E-1	9.99998E-1	3.67688E-9
1.30000E-1	1.00001E+0	3.71889E-9
1.35000E-1	9.99985E-1	3.59423E-9
1.40000E-1	1.00001E+0	3.58625E-9
1.45000E-1	1.00001E+0	3.54586E-9
1.50000E-1	9.99992E-1	3.58375E-9
1.55000E-1	1.00000E+0	3.73036E-9
1.60000E-1	1.00000E+0	3.54442E-9
1.65000E-1	9.99990E-1	3.58039E-9
1.70000E-1	9.99993E-1	3.49393E-9
1.75000E-1	1.00001E+0	3.50316E-9
1.80000E-1	9.99997E-1	3.44419E-9
1.85000E-1	9.99997E-1	3.58668E-9
1.90000E-1	1.00000E+0	3.35549E-9
1.95000E-1	9.99992E-1	3.40779E-9
2.00000E-1	1.00001E+0	3.43010E-9
2.05000E-1	1.00000E+0	3.53781E-9
2.10000E-1	9.99996E-1	3.44338E-9
2.15000E-1	1.00000E+0	3.18732E-9
2.20000E-1	1.00001E+0	3.48595E-9
2.25000E-1	1.00000E+0	3.35936E-9
2.30000E-1	1.00000E+0	3.49082E-9
2.35000E-1	9.99987E-1	3.31429E-9
2.40000E-1	1.00001E+0	3.43758E-9
2.45000E-1	1.00000E+0	3.34134E-9
2.50000E-1	1.00000E+0	3.26043E-9
2.55000E-1	9.99982E-1	3.35686E-9
2.60000E-1	1.00002E+0	3.25725E-9
2.65000E-1	9.99989E-1	3.37107E-9
2.70000E-1	1.00001E+0	3.19629E-9
2.75000E-1	9.99995E-1	3.35113E-9
2.80000E-1	9.99997E-1	3.29640E-9
2.85000E-1	1.00001E+0	3.19598E-9
2.90000E-1	1.00001E+0	3.24011E-9
2.95000E-1	1.00000E+0	3.29179E-9
3.00000E-1	9.99995E-1	3.32819E-9
3.05000E-1	9.99997E-1	3.09057E-9
3.10000E-1	1.00000E+0	3.29478E-9
3.15000E-1	1.00000E+0	3.12885E-9
3.20000E-1	9.99992E-1	3.26473E-9
3.25000E-1	1.00001E+0	3.13240E-9
3.30000E-1	9.99991E-1	3.15933E-9
3.35000E-1	1.00001E+0	3.18594E-9
3.40000E-1	9.99986E-1	3.28749E-9
3.45000E-1	1.00002E+0	3.02643E-9
3.50000E-1	1.00000E+0	3.28275E-9
3.55000E-1	9.99997E-1	3.13215E-9
3.60000E-1	9.99993E-1	2.98336E-9
3.65000E-1	1.00000E+0	3.18177E-9
3.70000E-1	1.00000E+0	3.10728E-9
3.75000E-1	9.99994E-1	3.19916E-9
3.80000E-1	9.99993E-1	3.13645E-9
3.85000E-1	1.00000E+0	3.11196E-9
3.90000E-1	9.99993E-1	3.06277E-9
3.95000E-1	1.00000E+0	3.08216E-9
4.00000E-1	1.00001E+0	3.11127E-9
4.05000E-1	9.99985E-1	2.96747E-9
4.10000E-1	1.00001E+0	3.10391E-9
4.15000E-1	9.99994E-1	3.17784E-9
4.20000E-1	1.00001E+0	2.86674E-9
4.25000E-1	9.99994E-1	3.13365E-9
4.30000E-1	1.00001E+0	3.00281E-9
4.35000E-1	9.99989E-1	3.17441E-9
4.40000E-1	1.00001E+0	3.07748E-9
4.45000E-1	1.00000E+0	2.91367E-9
4.50000E-1	9.99995E-1	3.12542E-9
4.55000E-1	1.00000E+0	2.93281E-9
4.60000E-1	1.00000E+0	2.99246E-9
4.65000E-1	9.99997E-1	3.13184E-9
4.70000E-1	1.00001E+0	2.89360E-9
4.75000E-1	9.99993E-1	3.13371E-9
4.80000E-1	9.99995E-1	2.94521E-9
4.85000E-1	1.00001E+0	2.97270E-9
4.90000E-1	9.99996E-1	3.06670E-9
4.95000E-1	1.00000E+0	2.81731E-9
5.00000E-1	9.99998E-1	3.07636E-9
5.05000E-1	9.99992E-1	2.89379E-9
5.10000E-1	9.99997E-1	3.13670E-9
5.15000E-1	1.00000E+0	2.73764E-9
5.20000E-1	1.00000E+0	2.99757E-9
5.25000E-1	1.00000E+0	2.97127E-9
5.30000E-1	1.00000E+0	2.92452E-9
5.35000E-1	9.99999E-1	3.05006E-9
5.40000E-1	1.00001E+0	2.80309E-9
5.45000E-1	1.00000E+0	3.05691E-9
5.50000E-1	9.99996E-1	2.78714E-9
5.55000E-1	9.99993E-1	3.05592E-9
5.60000E-1	1.00000E+0	2.88382E-9
5.65000E-1	1.00001E+0	2.84374E-9
5.70000E-1	9.99978E-1	3.02600E-9
5.75000E-1	1.00001E+0	2.85651E-9
5.80000E-1	9.99999E-1	2.85570E-9
5.85000E-1	9.99991E-1	2.91554E-9
5.90000E-1	9.99995E-1	2.87796E-9
5.95000E-1	9.99999E-1	2.78907E-9
6.00000E-1	1.00001E+0	2.96279E-9
6.05000E-1	9.99994E-1	2.90644E-9
6.10000E-1	1.00000E+0	2.65505E-9
6.15000E-1	1.00000E+0	2.91797E-9
6.20000E-1	1.00001E+0	2.84810E-9
6.25000E-1	9.99998E-1	2.93418E-9
6.30000E-1	1.00001E+0	2.77642E-9
6.35000E-1	9.99991E-1	2.97488E-9
6.40000E-1	9.99998E-1	2.75423E-9
6.45000E-1	1.00002E+0	2.76389E-9
6.50000E-1	9.99993E-1	2.80789E-9
6.55000E-1	1.00001E+0	2.97245E-9
6.60000E-1	1.00000E+0	2.64041E-9
6.65000E-1	9.99992E-1	2.96678E-9
6.70000E-1	1.00001E+0	2.63361E-9
6.75000E-1	9.99997E-1	3.00219E-9
6.80000E-1	1.00001E+0	2.84760E-9
6.85000E-1	9.99995E-1	2.58306E-9
6.90000E-1	1.00001E+0	2.97158E-9
6.95000E-1	9.99992E-1	2.73004E-9
7.00000E-1	9.99997E-1	2.94316E-9
7.05000E-1	1.00001E+0	2.70261E-9
7.10000E-1	1.00000E+0	2.73546E-9
7.15000E-1	9.99995E-1	2.91330E-9
7.20000E-1	9.99997E-1	2.68479E-9
7.25000E-1	1.00000E+0	2.81076E-9
7.30000E-1	1.00000E+0	2.79032E-9
7.35000E-1	1.00001E+0	2.63536E-9
7.40000E-1	9.99996E-1	2.83831E-9
7.45000E-1	9.99985E-1	2.87366E-9
7.50000E-1	1.00002E+0	2.59428E-9
7.55000E-1	9.99993E-1	2.88756E-9
7.60000E-1	9.99998E-1	2.59846E-9
7.65000E-1	1.00000E+0	2.70243E-9
7.70000E-1	1.00000E+0	2.83694E-9
7.75000E-1	9.99998E-1	2.68086E-9
7.80000E-1	1.00000E+0	2.86069E-9
7.85000E-1	1.00000E+0	2.69632E-9
7.90000E-1	1.00000E+0	2.63087E-9
7.95000E-1	9.99992E-1	2.83576E-9
8.00000E-1	1.00000E+0	2.80565E-9
8.05000E-1	1.00000E+0	2.61616E-9
8.10000E-1	9.99994E-1	2.70997E-9
8.15000E-1	1.00001E+0	2.84723E-9
8.20000E-1	9.99988E-1	2.73727E-9
8.25000E-1	1.00001E+0	2.66291E-9
8.30000E-1	9.99995E-1	2.57969E-9
8.35000E-1	1.00000E+0	2.72088E-9
8.40000E-1	9.99986E-1	2.76308E-9
8.45000E-1	1.00001E+0	2.62557E-9
8.50000E-1	9.99995E-1	2.64801E-9
8.55000E-1	1.00000E+0	2.69239E-9
8.60000E-1	9.99996E-1	2.79057E-9
8.65000E-1	9.99995E-1	2.65050E-9
8.70000E-1	1.00000E+0	2.69270E-9
8.75000E-1	9.99999E-1	2.70106E-9
8.80000E-1	1.00000E+0	2.53662E-9
8.85000E-1	9.99995E-1	2.73309E-9
8.90000E-1	9.99995E-1	2.59677E-9
8.95000E-1	1.00001E+0	2.63024E-9
9.00000E-1	1.00001E+0	2.67301E-9
9.05000E-1	9.99999E-1	2.77174E-9
9.10000E-1	1.00000E+0	2.45821E-9
9.15000E-1	1.00000E+0	2.73484E-9
9.20000E-1	9.99991E-1	2.63972E-9
9.25000E-1	1.00000E+0	2.75691E-9
9.30000E-1	1.00000E+0	2.58561E-9
9.35000E-1	9.99996E-1	2.72786E-9
9.40000E-1	1.00001E+0	2.42772E-9
9.45000E-1	1.00001E+0	2.70810E-9
9.50000E-1	9.99980E-1	2.69906E-9
9.55000E-1	1.00001E+0	2.59515E-9
9.60000E-1	9.99995E-1	2.70324E-9
9.65000E-1	9.99995E-1	2.65699E-9
9.70000E-1	1.00000E+0	2.48675E-9
9.75000E-1	9.99997E-1	2.68659E-9
9.80000E-1	1.00001E+0	2.43570E-9
9.85000E-1	1.00000E+0	2.82055E-9
9.90000E-1	9.99981E-1	2.60475E-9
9.95000E-1	1.00001E+0	2.47341E-9
1.00000E+0	1.00000E+0	2.63935E-9
1.00500E+0	1.00001E+0	2.64427E-9
1.01000E+0	9.99989E-1	2.66976E-9
1.01500E+0	1.00001E+0	2.57676E-9
1.02000E+0	9.99983E-1	2.59983E-9
1.02500E+0	1.00001E+0	2.69139E-9
1.03000E+0	1.00001E+0	2.52559E-9
1.03500E+0	9.99983E-1	2.54946E-9
1.04000E+0	1.00001E+0	2.65331E-9
1.04500E+0	9.99991E-1	2.68971E-9
1.05000E+0	9.99997E-1	2.57340E-9
1.05500E+0	9.99998E-1	2.48520E-9
1.06000E+0	9.99998E-1	2.57034E-9
1.06500E+0	9.99999E-1	2.53020E-9
1.07000E+0	1.00001E+0	2.60438E-9
1.07500E+0	9.99995E-1	2.59397E-9
1.08000E+0	9.99997E-1	2.67631E-9
1.08500E+0	1.00000E+0	2.46631E-9
1.09000E+0	1.00000E+0	2.69987E-9
1.09500E+0	1.00000E+0	2.46325E-9
1.10000E+0	9.99999E-1	2.65437E-9
1.10500E+0	1.00000E+0	2.57246E-9
1.11000E+0	9.99994E-1	2.34968E-9
1.11500E+0	1.00000E+0	2.71371E-9
1.12000E+0	1.00001E+0	2.41912E-9
1.12500E+0	1.00000E+0	2.59472E-9
1.13000E+0	9.99982E-1	2.64963E-9
1.13500E+0	1.00001E+0	2.56374E-9
1.14000E+0	9.99988E-1	2.50595E-9
1.14500E+0	1.00000E+0	2.52889E-9
1.15000E+0	1.00001E+0	2.60799E-9
1.15500E+0	9.99991E-1	2.50957E-9
1.16000E+0	1.00001E+0	2.44655E-9
1.16500E+0	9.99990E-1	2.63959E-9
1.17000E+0	1.00001E+0	2.50059E-9
1.17500E+0	9.99993E-1	2.49261E-9
1.18000E+0	1.00001E+0	2.62401E-9
1.18500E+0	9.99994E-1	2.57745E-9
1.19000E+0	9.99998E-1	2.49511E-9
1.19500E+0	1.00000E+0	2.59260E-9
1.20000E+0	1.00000E+0	2.45129E-9
1.20500E+0	9.99998E-1	2.47317E-9
1.21000E+0	1.00000E+0	2.43720E-9
1.21500E+0	1.00001E+0	2.61984E-9
1.22000E+0	9.99993E-1	2.62582E-9
1.22500E+0	1.00000E+0	2.52247E-9
1.23000E+0	9.99988E-1	2.47516E-9
1.23500E+0	1.00001E+0	2.45615E-9
1.24000E+0	1.00000E+0	2.47504E-9
1.24500E+0	9.99991E-1	2.53488E-9
1.25000E+0	1.00001E+0	2.52141E-9
1.25500E+0	1.00000E+0	2.52914E-9
1.26000E+0	9.99997E-1	2.57589E-9
1.26500E+0	1.00000E+0	2.48008E-9
1.27000E+0	1.00000E+0	2.44331E-9
1.27500E+0	9.99999E-1	2.57913E-9
1.28000E+0	1.00000E+0	2.55937E-9
1.28500E+0	1.00001E+0	2.46762E-9
1.29000E+0	9.99992E-1	2.40105E-9
1.29500E+0	9.99997E-1	2.69002E-9
1.30000E+0	1.00000E+0	2.49922E-9
1.30500E+0	1.00000E+0	2.40186E-9
1.31000E+0	9.99996E-1	2.52702E-9
1.31500E+0	9.99994E-1	2.45864E-9
1.32000E+0	1.00001E+0	2.56473E-9
1.32500E+0	9.99992E-1	2.40323E-9
1.33000E+0	1.00000E+0	2.52889E-9
1.33500E+0	1.00000E+0	2.48395E-9
1.34000E+0	9.99990E-1	2.44811E-9
1.34500E+0	9.99998E-1	2.64028E-9
1.35000E+0	1.00001E+0	2.45465E-9
1.35500E+0	9.99982E-1	2.43452E-9
1.36000E+0	1.00002E+0	2.49093E-9
1.36500E+0	9.99991E-1	2.49498E-9
1.37000E+0	1.00001E+0	2.61136E-9
1.37500E+0	9.99988E-1	2.34270E-9
1.38000E+0	1.00001E+0	2.47853E-9
1.38500E+0	9.99994E-1	2.64508E-9
1.39000E+0	1.00000E+0	2.42380E-9
1.39500E+0	9.99986E-1	2.44406E-9
1.40000E+0	1.00000E+0	2.53363E-9
1.40500E+0	1.00001E+0	2.42573E-9
1.41000E+0	9.99986E-1	2.46132E-9
1.41500E+0	1.00002E+0	2.50932E-9
1.42000E+0	9.99984E-1	2.50122E-9
1.42500E+0	1.00001E+0	2.37057E-9
1.43000E+0	1.00000E+0	2.62015E-9
1.43500E+0	9.99987E-1	2.49480E-9
1.44000E+0	1.00000E+0	2.24135E-9
1.44500E+0	9.99994E-1	2.60132E-9
1.45000E+0	1.00000E+0	2.52366E-9
1.45500E+0	1.00001E+0	2.28149E-9
1.46000E+0	1.00000E+0	2.59309E-9
1.46500E+0	1.00001E+0	2.40728E-9
1.47000E+0	9.99986E-1	2.46625E-9
1.47500E+0	1.00001E+0	2.57346E-9
1.48000E+0	9.99994E-1	2.37349E-9
1.48500E+0	1.00001E+0	2.52403E-9
1.49000E+0	9.99993E-1	2.39905E-9
1.49500E+0	1.00000E+0	2.36240E-9
1.50000E+0	9.99999E-1	2.67562E-9
1.50500E+0	9.99998E-1	2.30624E-9
1.51000E+0	1.00000E+0	2.56978E-9
1.51500E+0	1.00001E+0	2.40990E-9
1.52000E+0	9.99981E-1	2.39949E-9
1.52500E+0	1.00001E+0	2.53911E-9
1.53000E+0	1.00000E+0	2.47803E-9
1.53500E+0	9.99992E-1	2.40510E-9
1.54000E+0	1.00001E+0	2.31222E-9
1.54500E+0	9.99985E-1	2.58000E-9
1.55000E+0	1.00002E+0	2.46793E-9
1.55500E+0	9.99986E-1	2.30624E-9
1.56000E+0	1.00000E+0	2.62925E-9
1.56500E+0	9.99998E-1	2.38440E-9
1.57000E+0	1.00000E+0	2.37624E-9
1.57500E+0	1.00000E+0	2.58748E-9
1.58000E+0	1.00000E+0	2.41426E-9
1.58500E+0	1.00001E+0	2.37667E-9
1.59000E+0	1.00000E+0	2.42716E-9
1.59500E+0	9.99997E-1	2.56000E-9
1.60000E+0	1.00000E+0	2.36016E-9
1.60500E+0	9.99995E-1	2.52983E-9
1.61000E+0	9.99998E-1	2.29489E-9
1.61500E+0	1.00000E+0	2.54940E-9
1.62000E+0	9.99997E-1	2.47279E-9
1.62500E+0	1.00000E+0	2.45565E-9
1.63000E+0	9.99998E-1	2.41644E-9
1.63500E+0	9.99993E-1	2.49567E-9
1.64000E+0	9.99997E-1	2.42037E-9
1.64500E+0	1.00000E+0	2.43396E-9
1.65000E+0	9.99993E-1	2.41894E-9
1.65500E+0	1.00000E+0	2.43870E-9
1.66000E+0	9.99990E-1	2.39145E-9
1.66500E+0	1.00000E+0	2.43246E-9
1.67000E+0	9.99992E-1	2.40672E-9
1.67500E+0	1.00000E+0	2.42991E-9
1.68000E+0	1.00001E+0	2.45073E-9
1.68500E+0	9.99998E-1	2.37618E-9
1.69000E+0	9.99995E-1	2.51954E-9
1.69500E+0	9.99998E-1	2.23013E-9
1.70000E+0	1.00000E+0	2.57957E-9
1.70500E+0	9.99992E-1	2.49049E-9
1.71000E+0	1.00000E+0	2.30805E-9
1.71500E+0	1.00000E+0	2.55507E-9
1.72000E+0	9.99998E-1	2.43421E-9
1.72500E+0	1.00001E+0	2.34688E-9
1.73000E+0	9.99979E-1	2.35180E-9
1.73500E+0	1.00001E+0	2.32512E-9
1.74000E+0	1.00000E+0	2.57813E-9
1.74500E+0	1.00000E+0	2.47578E-9
1.75000E+0	1.00000E+0	2.29907E-9
1.75500E+0	1.00001E+0	2.50352E-9
1.76000E+0	1.00000E+0	2.34763E-9
1.76500E+0	1.00000E+0	2.36707E-9
1.77000E+0	1.00001E+0	2.52147E-9
1.77500E+0	9.99987E-1	2.44979E-9
1.78000E+0	9.99998E-1	2.47049E-9
1.78500E+0	1.00000E+0	2.33036E-9
1.79000E+0	9.99994E-1	2.52777E-9
1.79500E+0	9.99996E-1	2.26391E-9
1.80000E+0	1.00001E+0	2.41950E-9
1.80500E+0	9.99996E-1	2.54634E-9
1.81000E+0	9.99992E-1	2.30661E-9
1.81500E+0	9.99997E-1	2.44574E-9
1.82000E+0	1.00000E+0	2.49791E-9
1.82500E+0	9.99994E-1	2.37387E-9
1.83000E+0	9.99998E-1	2.20950E-9
1.83500E+0	1.00001E+0	2.50820E-9
1.84000E+0	1.00000E+0	2.40360E-9
1.84500E+0	1.00000E+0	2.32101E-9
1.85000E+0	1.00000E+0	2.41694E-9
1.85500E+0	9.99998E-1	2.57533E-9
1.86000E+0	1.00001E+0	2.45478E-9
1.86500E+0	9.99992E-1	2.42398E-9
1.87000E+0	9.99994E-1	2.23979E-9
1.87500E+0	1.00001E+0	2.44063E-9
1.88000E+0	1.00000E+0	2.37904E-9
1.88500E+0	1.00001E+0	2.49043E-9
1.89000E+0	1.00001E+0	2.38933E-9
1.89500E+0	9.99992E-1	2.39357E-9
1.90000E+0	9.99997E-1	2.42966E-9
1.90500E+0	1.00002E+0	2.40404E-9
1.91000E+0	9.99986E-1	2.40260E-9
1.91500E+0	1.00001E+0	2.42872E-9
1.92000E+0	1.00000E+0	2.44119E-9
1.92500E+0	9.99991E-1	2.54067E-9
1.93000E+0	9.99996E-1	2.27931E-9
1.93500E+0	9.99999E-1	2.50302E-9
1.94000E+0	1.00001E+0	2.47354E-9
1.94500E+0	9.99990E-1	2.39157E-9
1.95000E+0	1.00000E+0	2.38634E-9
1.95500E+0	9.99998E-1	2.42218E-9
1.96000E+0	1.00000E+0	2.25406E-9
1.96500E+0	1.00000E+0	2.51250E-9
1.97000E+0	9.99999E-1	2.40715E-9
1.97500E+0	9.99992E-1	2.44611E-9
1.98000E+0	1.00001E+0	2.34495E-9
1.98500E+0	9.99984E-1	2.44343E-9
1.99000E+0	1.00001E+0	2.26429E-9
1.99500E+0	9.99995E-1	2.64097E-9
2.00000E+0	1.00001E+0	2.29907E-9
2.00500E+0	9.99988E-1	2.50028E-9
2.01000E+0	9.99993E-1	2.39650E-9
2.01500E+0	1.00001E+0	2.30393E-9
2.02000E+0	9.99997E-1	2.56997E-9
2.02500E+0	9.99991E-1	2.25425E-9
2.03000E+0	1.00000E+0	2.49012E-9
2.03500E+0	1.00000E+0	2.31895E-9
2.04000E+0	1.00000E+0	2.34819E-9
2.04500E+0	1.00000E+0	2.54927E-9
2.05000E+0	9.99996E-1	2.28286E-9
2.05500E+0	9.99997E-1	2.44100E-9
2.06000E+0	1.00001E+0	2.29820E-9
2.06500E+0	9.99998E-1	2.61317E-9
2.07000E+0	9.99989E-1	2.44705E-9
2.07500E+0	1.00001E+0	2.29782E-9
2.08000E+0	9.99997E-1	2.48837E-9
2.08500E+0	9.99995E-1	2.30069E-9
2.09000E+0	1.00001E+0	2.37293E-9
2.09500E+0	1.00000E+0	2.50471E-9
2.10000E+0	9.99995E-1	2.32525E-9
2.10500E+0	9.99997E-1	2.47310E-9
2.11000E+0	1.00001E+0	2.39282E-9
2.11500E+0	9.99991E-1	2.46537E-9
2.12000E+0	9.99992E-1	2.41650E-9
2.12500E+0	1.00000E+0	2.41308E-9
2.13000E+0	9.99998E-1	2.35374E-9
2.13500E+0	1.00000E+0	2.51705E-9
2.14000E+0	1.00001E+0	2.37356E-9
2.14500E+0	9.99998E-1	2.41551E-9
2.15000E+0	9.99990E-1	2.27445E-9
2.15500E+0	1.00000E+0	2.49822E-9
2.16000E+0	9.99994E-1	2.37250E-9
2.16500E+0	1.00001E+0	2.32531E-9
2.17000E+0	9.99996E-1	2.45428E-9
2.17500E+0	1.00001E+0	2.44773E-9
2.18000E+0	9.99996E-1	2.35642E-9
2.18500E+0	9.99994E-1	2.44842E-9
2.19000E+0	1.00001E+0	2.36109E-9
2.19500E+0	9.99994E-1	2.49847E-9
2.20000E+0	9.99982E-1	2.37886E-9
2.20500E+0	1.00001E+0	2.43595E-9
2.21000E+0	1.00000E+0	2.42511E-9
2.21500E+0	9.99998E-1	2.27033E-9
2.22000E+0	1.00000E+0	2.55183E-9
2.22500E+0	1.00000E+0	2.20357E-9
2.23000E+0	1.00001E+0	2.43034E-9
2.23500E+0	9.99996E-1	2.41089E-9
2.24000E+0	1.00000E+0	2.44362E-9
2.24500E+0	1.00001E+0	2.40616E-9
2.25000E+0	1.00000E+0	2.35498E-9
2.25500E+0	9.99990E-1	2.43365E-9
2.26000E+0	1.00002E+0	2.41127E-9
2.26500E+0	9.99979E-1	2.53706E-9
2.27000E+0	1.00000E+0	2.34576E-9
2.27500E+0	1.00001E+0	2.22327E-9
2.28000E+0	9.99999E-1	2.56997E-9
2.28500E+0	9.99992E-1	2.42654E-9
2.29000E+0	1.00001E+0	2.33840E-9
2.29500E+0	9.99982E-1	2.37131E-9
2.30000E+0	1.00001E+0	2.44667E-9
2.30500E+0	9.99997E-1	2.37736E-9
2.31000E+0	9.99998E-1	2.33073E-9
2.31500E+0	1.00001E+0	2.48264E-9
2.32000E+0	1.00000E+0	2.33285E-9
2.32500E+0	9.99986E-1	2.42224E-9
2.33000E+0	1.00001E+0	2.47666E-9
2.33500E+0	9.99995E-1	2.44331E-9
2.34000E+0	9.99992E-1	2.39675E-9
2.34500E+0	1.00000E+0	2.25101E-9
2.35000E+0	9.99997E-1	2.45353E-9
2.35500E+0	1.00001E+0	2.35910E-9
2.36000E+0	1.00000E+0	2.51624E-9
2.36500E+0	9.99993E-1	2.26335E-9
2.37000E+0	1.00000E+0	2.60556E-9
2.37500E+0	9.99992E-1	2.28386E-9
2.38000E+0	1.00002E+0	2.37293E-9
2.38500E+0	9.99988E-1	2.49573E-9
2.39000E+0	9.99998E-1	2.24571E-9
2.39500E+0	9.99997E-1	2.59166E-9
2.40000E+0	9.99993E-1	2.36508E-9
2.40500E+0	1.00002E+0	2.42448E-9
2.41000E+0	9.99999E-1	2.40036E-9
2.41500E+0	9.99987E-1	2.27557E-9
2.42000E+0	1.00000E+0	2.57863E-9
2.42500E+0	9.99990E-1	2.34501E-9
2.43000E+0	1.00002E+0	2.31951E-9
2.43500E+0	9.99997E-1	2.59814E-9
2.44000E+0	1.00000E+0	2.34613E-9
2.44500E+0	9.99986E-1	2.33641E-9
2.45000E+0	1.00001E+0	2.34152E-9
2.45500E+0	1.00000E+0	2.53768E-9
2.46000E+0	1.00000E+0	2.37000E-9
2.46500E+0	9.99992E-1	2.43975E-9
2.47000E+0	9.99992E-1	2.28910E-9
2.47500E+0	1.00001E+0	2.56124E-9
2.48000E+0	9.99996E-1	2.33011E-9
2.48500E+0	1.00000E+0	2.36583E-9
2.49000E+0	1.00001E+0	2.48046E-9
2.49500E+0	9.99993E-1	2.48675E-9
2.50000E+0	1.00000E+0	2.28037E-9
2.50500E+0	9.99985E-1	2.41663E-9
2.51000E+0	1.00002E+0	2.42255E-9
2.51500E+0	9.99995E-1	2.54504E-9
2.52000E+0	1.00000E+0	2.38727E-9
2.52500E+0	1.00001E+0	2.26055E-9
2.53000E+0	1.00000E+0	2.41856E-9
2.53500E+0	1.00000E+0	2.50776E-9
2.54000E+0	9.99990E-1	2.34987E-9
2.54500E+0	9.99998E-1	2.39431E-9
2.55000E+0	1.00002E+0	2.42218E-9
2.55500E+0	9.99993E-1	2.41756E-9
2.56000E+0	9.99998E-1	2.34395E-9
2.56500E+0	1.00000E+0	2.50626E-9
2.57000E+0	9.99997E-1	2.40884E-9
2.57500E+0	1.00000E+0	2.52715E-9
2.58000E+0	9.99994E-1	2.26772E-9
2.58500E+0	1.00001E+0	2.51287E-9
2.59000E+0	9.99999E-1	2.48520E-9
2.59500E+0	9.99993E-1	2.31160E-9
2.60000E+0	1.00000E+0	2.42891E-9
2.60500E+0	1.00001E+0	2.40061E-9
2.61000E+0	9.99980E-1	2.45172E-9
2.61500E+0	1.00001E+0	2.28336E-9
2.62000E+0	1.00000E+0	2.55993E-9
2.62500E+0	1.00000E+0	2.44829E-9
2.63000E+0	9.99996E-1	2.40005E-9
2.63500E+0	9.99997E-1	2.38453E-9
2.64000E+0	9.99989E-1	2.45141E-9
2.64500E+0	1.00000E+0	2.44293E-9
2.65000E+0	1.00001E+0	2.29227E-9
2.65500E+0	9.99990E-1	2.56068E-9
2.66000E+0	1.00001E+0	2.29122E-9
2.66500E+0	9.99999E-1	2.52571E-9
2.67000E+0	1.00000E+0	2.30530E-9
2.67500E+0	9.99994E-1	2.48875E-9
2.68000E+0	9.99997E-1	2.36795E-9
2.68500E+0	1.00001E+0	2.45821E-9
2.69000E+0	9.99988E-1	2.45615E-9
2.69500E+0	1.00000E+0	2.31677E-9
2.70000E+0	1.00000E+0	2.51692E-9
2.70500E+0	1.00000E+0	2.26834E-9
2.71000E+0	9.99991E-1	2.43134E-9
2.71500E+0	9.99997E-1	2.45690E-9
2.72000E+0	1.00001E+0	2.31054E-9
2.72500E+0	1.00001E+0	2.41002E-9
2.73000E+0	9.99987E-1	2.52247E-9
2.73500E+0	1.00000E+0	2.29377E-9
2.74000E+0	1.00001E+0	2.39357E-9
2.74500E+0	9.99985E-1	2.55800E-9
2.75000E+0	1.00001E+0	2.45596E-9
2.75500E+0	1.00000E+0	2.37555E-9
2.76000E+0	9.99986E-1	2.31927E-9
2.76500E+0	1.00001E+0	2.41139E-9
2.77000E+0	9.99989E-1	2.43240E-9
2.77500E+0	1.00002E+0	2.46593E-9
2.78000E+0	9.99988E-1	2.39569E-9
2.78500E+0	1.00001E+0	2.47360E-9
2.79000E+0	9.99990E-1	2.37349E-9
2.79500E+0	9.99996E-1	2.45989E-9
2.80000E+0	1.00001E+0	2.38646E-9
2.80500E+0	9.99992E-1	2.54821E-9
2.81000E+0	9.99998E-1	2.26366E-9
2.81500E+0	9.99994E-1	2.51181E-9
2.82000E+0	1.00001E+0	2.47117E-9
2.82500E+0	1.00001E+0	2.26254E-9
2.83000E+0	9.99998E-1	2.45091E-9
2.83500E+0	9.99988E-1	2.42953E-9
2.84000E+0	1.00002E+0	2.34906E-9
2.84500E+0	9.99999E-1	2.49056E-9
2.85000E+0	1.00000E+0	2.41401E-9
2.85500E+0	9.99991E-1	2.57358E-9
2.86000E+0	1.00000E+0	2.37898E-9
2.86500E+0	9.99997E-1	2.46182E-9
2.87000E+0	9.99991E-1	2.42317E-9
2.87500E+0	1.00001E+0	2.35386E-9
2.88000E+0	1.00000E+0	2.48688E-9
2.88500E+0	9.99994E-1	2.26435E-9
2.89000E+0	1.00001E+0	2.46905E-9
2.89500E+0	9.99993E-1	2.51574E-9
2.90000E+0	9.99997E-1	2.31889E-9
2.90500E+0	1.00000E+0	2.56660E-9
2.91000E+0	1.00000E+0	2.31521E-9
2.91500E+0	1.00000E+0	2.54603E-9
2.92000E+0	9.99996E-1	2.37624E-9
2.92500E+0	9.99989E-1	2.37761E-9
2.93000E+0	1.00002E+0	2.41875E-9
2.93500E+0	9.99989E-1	2.44886E-9
2.94000E+0	1.00001E+0	2.45646E-9
2.94500E+0	9.99993E-1	2.47161E-9
2.95000E+0	9.99997E-1	2.37356E-9
2.95500E+0	9.99995E-1	2.40036E-9
2.96000E+0	9.99998E-1	2.44268E-9
2.96500E+0	1.00002E+0	2.37306E-9
2.97000E+0	9.99990E-1	2.48769E-9
2.97500E+0	9.99990E-1	2.44069E-9
2.98000E+0	1.00001E+0	2.40641E-9
2.98500E+0	1.00001E+0	2.34993E-9
2.99000E+0	9.99983E-1	2.44138E-9
2.99500E+0	1.00000E+0	2.50371E-9
3.00000E+0	9.99998E-1	2.39737E-9
3.00500E+0	1.00001E+0	2.43165E-9
3.01000E+0	9.99988E-1	2.46226E-9
3.01500E+0	1.00000E+0	2.32668E-9
3.02000E+0	1.00002E+0	2.47909E-9
3.02500E+0	9.99989E-1	2.51399E-9
3.03000E+0	1.00000E+0	2.33123E-9
3.03500E+0	9.99998E-1	2.51106E-9
3.04000E+0	1.00000E+0	2.41158E-9
3.04500E+0	1.00000E+0	2.35012E-9
3.05000E+0	9.99994E-1	2.42829E-9
3.05500E+0	9.99998E-1	2.55775E-9
3.06000E+0	9.99998E-1	2.42629E-9
3.06500E+0	9.99995E-1	2.32082E-9
3.07000E+0	1.00001E+0	2.46575E-9
3.07500E+0	9.99995E-1	2.50720E-9
3.08000E+0	1.00000E+0	2.45422E-9
3.08500E+0	9.99993E-1	2.38291E-9
3.09000E+0	9.99996E-1	2.38983E-9
3.09500E+0	9.99995E-1	2.44219E-9
3.10000E+0	1.00002E+0	2.35810E-9
3.10500E+0	9.99997E-1	2.52347E-9
3.11000E+0	9.99991E-1	2.49810E-9
3.11500E+0	1.00001E+0	2.29290E-9
3.12000E+0	9.99987E-1	2.52185E-9
3.12500E+0	9.99998E-1	2.47317E-9
3.13000E+0	1.00000E+0	2.47797E-9
3.13500E+0	9.99999E-1	2.33447E-9
3.14000E+0	9.99999E-1	2.46718E-9
3.14500E+0	1.00001E+0	2.41551E-9
3.15000E+0	1.00000E+0	2.41663E-9
3.15500E+0	9.99991E-1	2.58281E-9
3.16000E+0	1.00000E+0	2.33547E-9
3.16500E+0	1.00001E+0	2.39793E-9
3.17000E+0	9.99990E-1	2.44655E-9
3.17500E+0	1.00000E+0	2.52577E-9
3.18000E+0	9.99996E-1	2.40447E-9
3.18500E+0	1.00001E+0	2.48619E-9
3.19000E+0	1.00001E+0	2.30505E-9
3.19500E+0	9.99991E-1	2.60008E-9
3.20000E+0	1.00001E+0	2.26653E-9
3.20500E+0	1.00000E+0	2.62657E-9
3.21000E+0	1.00001E+0	2.27463E-9
3.21500E+0	9.99995E-1	2.51667E-9
3.22000E+0	9.99988E-1	2.40398E-9
3.22500E+0	1.00001E+0	2.38440E-9
3.23000E+0	1.00001E+0	2.43489E-9
3.23500E+0	9.99999E-1	2.42748E-9
3.24000E+0	1.00001E+0	2.54111E-9
3.24500E+0	9.99983E-1	2.62183E-9
3.25000E+0	9.99997E-1	2.19179E-9
3.25500E+0	1.00001E+0	2.60369E-9
3.26000E+0	9.99997E-1	2.34719E-9
3.26500E+0	9.99997E-1	2.61984E-9
3.27000E+0	9.99995E-1	2.42698E-9
3.27500E+0	9.99998E-1	2.33017E-9
3.28000E+0	1.00000E+0	2.42349E-9
3.28500E+0	1.00001E+0	2.50782E-9
3.29000E+0	9.99980E-1	2.42648E-9
3.29500E+0	1.00001E+0	2.42411E-9
3.30000E+0	9.99999E-1	2.41407E-9
3.30500E+0	9.99995E-1	2.52571E-9
3.31000E+0	1.00001E+0	2.49068E-9
3.31500E+0	9.99994E-1	2.44424E-9
3.32000E+0	9.99997E-1	2.43845E-9
3.32500E+0	9.99999E-1	2.33634E-9
3.33000E+0	1.00002E+0	2.52927E-9
3.33500E+0	9.99985E-1	2.38814E-9
3.34000E+0	1.00002E+0	2.55077E-9
3.34500E+0	9.99989E-1	2.44861E-9
3.35000E+0	1.00000E+0	2.39805E-9
3.35500E+0	9.99997E-1	2.38509E-9
3.36000E+0	9.99998E-1	2.59085E-9
3.36500E+0	1.00001E+0	2.37013E-9
3.37000E+0	9.99999E-1	2.49137E-9
3.37500E+0	1.00000E+0	2.42405E-9
3.38000E+0	9.99996E-1	2.49592E-9
3.38500E+0	9.99997E-1	2.37979E-9
3.39000E+0	1.00001E+0	2.36446E-9
3.39500E+0	9.99991E-1	2.59995E-9
3.40000E+0	1.00001E+0	2.43527E-9
3.40500E+0	9.99999E-1	2.49211E-9
3.41000E+0	1.00000E+0	2.37854E-9
3.41500E+0	1.00001E+0	2.47803E-9
3.42000E+0	9.99988E-1	2.54366E-9
3.42500E+0	1.00001E+0	2.27675E-9
3.43000E+0	9.99993E-1	2.48862E-9
3.43500E+0	1.00001E+0	2.49230E-9
3.44000E+0	9.99989E-1	2.50882E-9
3.44500E+0	1.00001E+0	2.32537E-9
3.45000E+0	9.99989E-1	2.48644E-9
3.45500E+0	1.00002E+0	2.38640E-9
3.46000E+0	9.99992E-1	2.61566E-9
3.46500E+0	1.00000E+0	2.30374E-9
3.47000E+0	1.00000E+0	2.48420E-9
3.47500E+0	9.99998E-1	2.66272E-9
3.48000E+0	9.99997E-1	2.33653E-9
3.48500E+0	1.00000E+0	2.55295E-9
3.49000E+0	9.99991E-1	2.44175E-9
3.49500E+0	1.00000E+0	2.35785E-9
3.50000E+0	1.00000E+0	2.42342E-9
3.50500E+0	9.99998E-1	2.47585E-9
3.51000E+0	9.99994E-1	2.43402E-9
3.51500E+0	1.00002E+0	2.48663E-9
3.52000E+0	9.99982E-1	2.48744E-9
3.52500E+0	1.00000E+0	2.46837E-9
3.53000E+0	1.00000E+0	2.54192E-9
3.53500E+0	1.00000E+0	2.32843E-9
3.54000E+0	1.00001E+0	2.46924E-9
3.54500E+0	9.99995E-1	2.44861E-9
3.55000E+0	9.99997E-1	2.43009E-9
3.55500E+0	9.99992E-1	2.50770E-9
3.56000E+0	1.00001E+0	2.55962E-9
3.56500E+0	1.00001E+0	2.35336E-9
3.57000E+0	1.00001E+0	2.41420E-9
3.57500E+0	9.99991E-1	2.47404E-9
3.58000E+0	1.00001E+0	2.59216E-9
3.58500E+0	1.00000E+0	2.44393E-9
3.59000E+0	9.99993E-1	2.38203E-9
3.59500E+0	9.99993E-1	2.57994E-9
3.60000E+0	9.99999E-1	2.52908E-9
3.60500E+0	1.00001E+0	2.44244E-9
3.61000E+0	9.99989E-1	2.38004E-9
3.61500E+0	1.00001E+0	2.54865E-9
3.62000E+0	9.99990E-1	2.45341E-9
3.62500E+0	1.00000E+0	2.52696E-9
3.63000E+0	1.00000E+0	2.36857E-9
3.63500E+0	1.00000E+0	2.45066E-9
3.64000E+0	9.99997E-1	2.57564E-9
3.64500E+0	9.99999E-1	2.28261E-9
3.65000E+0	1.00001E+0	2.53269E-9
3.65500E+0	9.99986E-1	2.60737E-9
3.66000E+0	1.00001E+0	2.35392E-9
3.66500E+0	9.99984E-1	2.41956E-9
3.67000E+0	1.00000E+0	2.61254E-9
3.67500E+0	1.00001E+0	2.37493E-9
3.68000E+0	1.00001E+0	2.48052E-9
3.68500E+0	9.99990E-1	2.41239E-9
3.69000E+0	1.00001E+0	2.55993E-9
3.69500E+0	1.00000E+0	2.47765E-9
3.70000E+0	9.99998E-1	2.38471E-9
3.70500E+0	9.99998E-1	2.60114E-9
3.71000E+0	1.00001E+0	2.39369E-9
3.71500E+0	9.99994E-1	2.61479E-9
3.72000E+0	1.00001E+0	2.25668E-9
3.72500E+0	1.00000E+0	2.62015E-9
3.73000E+0	1.00000E+0	2.42024E-9
3.73500E+0	9.99993E-1	2.56199E-9
3.74000E+0	1.00001E+0	2.39974E-9
3.74500E+0	9.99998E-1	2.51144E-9
3.75000E+0	1.00001E+0	2.51580E-9
3.75500E+0	9.99999E-1	2.41837E-9
3.76000E+0	9.99997E-1	2.46506E-9
3.76500E+0	9.99992E-1	2.49629E-9
3.77000E+0	1.00001E+0	2.47335E-9
3.77500E+0	9.99989E-1	2.47186E-9
3.78000E+0	1.00001E+0	2.53519E-9
3.78500E+0	1.00000E+0	2.41439E-9
3.79000E+0	9.99999E-1	2.38278E-9
3.79500E+0	1.00001E+0	2.60581E-9
3.80000E+0	9.99999E-1	2.38596E-9
3.80500E+0	9.99985E-1	2.63062E-9
3.81000E+0	1.00000E+0	2.40466E-9
3.81500E+0	9.99998E-1	2.54510E-9
3.82000E+0	1.00001E+0	2.33410E-9
3.82500E+0	9.99990E-1	2.62700E-9
3.83000E+0	1.00000E+0	2.45004E-9
3.83500E+0	9.99990E-1	2.46712E-9
3.84000E+0	1.00001E+0	2.56224E-9
3.84500E+0	1.00000E+0	2.44256E-9
3.85000E+0	1.00000E+0	2.35386E-9
3.85500E+0	9.99994E-1	2.62588E-9
3.86000E+0	1.00001E+0	2.44967E-9
3.86500E+0	9.99987E-1	2.50707E-9
3.87000E+0	9.99998E-1	2.50483E-9
3.87500E+0	1.00000E+0	2.37250E-9
3.88000E+0	9.99992E-1	2.49367E-9
3.88500E+0	1.00000E+0	2.50913E-9
3.89000E+0	1.00000E+0	2.48850E-9
3.89500E+0	9.99991E-1	2.54435E-9
3.90000E+0	1.00000E+0	2.45983E-9
3.90500E+0	9.99994E-1	2.48912E-9
3.91000E+0	1.00001E+0	2.32612E-9
3.91500E+0	9.99996E-1	2.48326E-9
3.92000E+0	1.00001E+0	2.57870E-9
3.92500E+0	1.00000E+0	2.52571E-9
3.93000E+0	9.99995E-1	2.61423E-9
3.93500E+0	9.99984E-1	2.37892E-9
3.94000E+0	1.00000E+0	2.58150E-9
3.94500E+0	9.99995E-1	2.44219E-9
3.95000E+0	1.00001E+0	2.35012E-9
3.95500E+0	1.00000E+0	2.53438E-9
3.96000E+0	1.00000E+0	2.49087E-9
3.96500E+0	9.99996E-1	2.59422E-9
3.97000E+0	9.99994E-1	2.50726E-9
3.97500E+0	1.00001E+0	2.45141E-9
3.98000E+0	9.99991E-1	2.53114E-9
3.98500E+0	1.00000E+0	2.53145E-9
3.99000E+0	9.99999E-1	2.45073E-9
3.99500E+0	9.99995E-1	2.43109E-9
4.00000E+0	1.00000E+0	2.54491E-9
4.00500E+0	1.00000E+0	2.44667E-9
4.01000E+0	1.00000E+0	2.66216E-9
4.01500E+0	9.99991E-1	2.44780E-9
4.02000E+0	1.00001E+0	2.34071E-9
4.02500E+0	9.99994E-1	2.67089E-9
4.03000E+0	1.00001E+0	2.43215E-9
4.03500E+0	1.00000E+0	2.42760E-9
4.04000E+0	9.99993E-1	2.62208E-9
4.04500E+0	1.00000E+0	2.37985E-9
4.05000E+0	1.00001E+0	2.40441E-9
4.05500E+0	1.00000E+0	2.65985E-9
4.06000E+0	1.00000E+0	2.47666E-9
4.06500E+0	9.99996E-1	2.56255E-9
4.07000E+0	1.00000E+0	2.40323E-9
4.07500E+0	1.00000E+0	2.48071E-9
4.08000E+0	1.00000E+0	2.57408E-9
4.08500E+0	9.99998E-1	2.44474E-9
4.09000E+0	1.00000E+0	2.53587E-9
4.09500E+0	1.00000E+0	2.52341E-9
4.10000E+0	9.99997E-1	2.54211E-9
4.10500E+0	9.99993E-1	2.47429E-9
4.11000E+0	9.99996E-1	2.46400E-9
4.11500E+0	1.00002E+0	2.46045E-9
4.12000E+0	9.99986E-1	2.56286E-9
4.12500E+0	1.00000E+0	2.49255E-9
4.13000E+0	1.00001E+0	2.45721E-9
4.13500E+0	9.99990E-1	2.62152E-9
4.14000E+0	1.00001E+0	2.40279E-9
4.14500E+0	9.99993E-1	2.40821E-9
4.15000E+0	9.99988E-1	2.57165E-9
4.15500E+0	1.00002E+0	2.49504E-9
4.16000E+0	9.99997E-1	2.57670E-9
4.16500E+0	9.99989E-1	2.59241E-9
4.17000E+0	1.00001E+0	2.31889E-9
4.17500E+0	9.99987E-1	2.58755E-9
4.18000E+0	1.00001E+0	2.37755E-9
4.18500E+0	9.99992E-1	2.68086E-9
4.19000E+0	1.00001E+0	2.46138E-9
4.19500E+0	9.99992E-1	2.34370E-9
4.20000E+0	1.00000E+0	2.70255E-9
4.20500E+0	9.99999E-1	2.39924E-9
4.21000E+0	1.00000E+0	2.58618E-9
4.21500E+0	9.99994E-1	2.36907E-9
4.22000E+0	1.00001E+0	2.47030E-9
4.22500E+0	9.99998E-1	2.55295E-9
4.23000E+0	1.00001E+0	2.62432E-9
4.23500E+0	9.99999E-1	2.44406E-9
4.24000E+0	9.99999E-1	2.49430E-9
4.24500E+0	9.99988E-1	2.55208E-9
4.25000E+0	1.00000E+0	2.46101E-9
4.25500E+0	1.00001E+0	2.33348E-9
4.26000E+0	1.00000E+0	2.67151E-9
4.26500E+0	1.00000E+0	2.58911E-9
4.27000E+0	9.99995E-1	2.31241E-9
4.27500E+0	1.00000E+0	2.72493E-9
4.28000E+0	1.00000E+0	2.51836E-9
4.28500E+0	9.99998E-1	2.31334E-9
4.29000E+0	1.00000E+0	2.69114E-9
4.29500E+0	9.99994E-1	2.48245E-9
4.30000E+0	9.99995E-1	2.44829E-9
4.30500E+0	1.00000E+0	2.49984E-9
4.31000E+0	9.99999E-1	2.37106E-9
4.31500E+0	1.00000E+0	2.56193E-9
4.32000E+0	1.00001E+0	2.65624E-9
4.32500E+0	9.99999E-1	2.48227E-9
4.33000E+0	9.99998E-1	2.52671E-9
4.33500E+0	1.00001E+0	2.49392E-9
4.34000E+0	9.99997E-1	2.49149E-9
4.34500E+0	9.99997E-1	2.45222E-9
4.35000E+0	9.99996E-1	2.58711E-9
4.35500E+0	9.99999E-1	2.43489E-9
4.36000E+0	1.00000E+0	2.64969E-9
4.36500E+0	9.99997E-1	2.44599E-9
4.37000E+0	9.99988E-1	2.56236E-9
4.37500E+0	1.00001E+0	2.42897E-9
4.38000E+0	1.00000E+0	2.55919E-9
4.38500E+0	9.99994E-1	2.50240E-9
4.39000E+0	9.99997E-1	2.42174E-9
4.39500E+0	1.00001E+0	2.61659E-9
4.40000E+0	9.99993E-1	2.38646E-9
4.40500E+0	1.00000E+0	2.40553E-9
4.41000E+0	1.00001E+0	2.72244E-9
4.41500E+0	1.00000E+0	2.39600E-9
4.42000E+0	1.00001E+0	2.51549E-9
4.42500E+0	9.99982E-1	2.55513E-9
4.43000E+0	1.00001E+0	2.50795E-9
4.43500E+0	9.99999E-1	2.45284E-9
4.44000E+0	9.99996E-1	2.54597E-9
4.44500E+0	9.99993E-1	2.58586E-9
4.45000E+0	1.00000E+0	2.41320E-9
4.45500E+0	1.00000E+0	2.54541E-9
4.46000E+0	9.99998E-1	2.55220E-9
4.46500E+0	1.00001E+0	2.37661E-9
4.47000E+0	9.99999E-1	2.60357E-9
4.47500E+0	9.99996E-1	2.55657E-9
4.48000E+0	9.99998E-1	2.50408E-9
4.48500E+0	9.99999E-1	2.53332E-9
4.49000E+0	1.00001E+0	2.34395E-9
4.49500E+0	1.00001E+0	2.58724E-9
4.50000E+0	9.99998E-1	2.59322E-9
4.50500E+0	9.99993E-1	2.48950E-9
4.51000E+0	1.00001E+0	2.53263E-9
4.51500E+0	9.99998E-1	2.52596E-9
4.52000E+0	9.99993E-1	2.53357E-9
4.52500E+0	1.00001E+0	2.42935E-9
4.53000E+0	9.99999E-1	2.55488E-9
4.53500E+0	1.00000E+0	2.57171E-9
4.54000E+0	9.99991E-1	2.54622E-9
4.54500E+0	1.00000E+0	2.40298E-9
4.55000E+0	1.00001E+0	2.64508E-9
4.55500E+0	9.99997E-1	2.46855E-9
4.56000E+0	1.00000E+0	2.44836E-9
4.56500E+0	9.99996E-1	2.51823E-9
4.57000E+0	9.99991E-1	2.53207E-9
4.57500E+0	1.00002E+0	2.64084E-9
4.58000E+0	9.99995E-1	2.47005E-9
4.58500E+0	9.99998E-1	2.48638E-9
4.59000E+0	9.99999E-1	2.55152E-9
4.59500E+0	9.99998E-1	2.42062E-9
4.60000E+0	1.00001E+0	2.59839E-9
4.60500E+0	9.99986E-1	2.42523E-9
4.61000E+0	1.00001E+0	2.50751E-9
4.61500E+0	1.00001E+0	2.61722E-9
4.62000E+0	9.99992E-1	2.37611E-9
4.62500E+0	9.99998E-1	2.62071E-9
4.63000E+0	1.00000E+0	2.61167E-9
4.63500E+0	1.00000E+0	2.40055E-9
4.64000E+0	1.00000E+0	2.61697E-9
4.64500E+0	1.00000E+0	2.55463E-9
4.65000E+0	1.00001E+0	2.42000E-9
4.65500E+0	9.99981E-1	2.68672E-9
4.66000E+0	1.00000E+0	2.45690E-9
4.66500E+0	1.00001E+0	2.43290E-9
4.67000E+0	9.99995E-1	2.65992E-9
4.67500E+0	1.00001E+0	2.42542E-9
4.68000E+0	9.99989E-1	2.61803E-9
4.68500E+0	1.00001E+0	2.39313E-9
4.69000E+0	9.99999E-1	2.52640E-9
4.69500E+0	9.99990E-1	2.65499E-9
4.70000E+0	1.00000E+0	2.44954E-9
4.70500E+0	9.99998E-1	2.64471E-9
4.71000E+0	9.99991E-1	2.47784E-9
4.71500E+0	1.00001E+0	2.56648E-9
4.72000E+0	9.99996E-1	2.45771E-9
4.72500E+0	9.99998E-1	2.49224E-9
4.73000E+0	1.00000E+0	2.64196E-9
4.73500E+0	1.00000E+0	2.54722E-9
4.74000E+0	9.99992E-1	2.45590E-9
4.74500E+0	1.00001E+0	2.49162E-9
4.75000E+0	9.99998E-1	2.59596E-9
4.75500E+0	9.99993E-1	2.64427E-9
4.76000E+0	1.00000E+0	2.35561E-9
4.76500E+0	1.00000E+0	2.68859E-9
4.77000E+0	9.99993E-1	2.57327E-9
4.77500E+0	9.99995E-1	2.46244E-9
4.78000E+0	1.00000E+0	2.53406E-9
4.78500E+0	1.00001E+0	2.50446E-9
4.79000E+0	1.00001E+0	2.52945E-9
4.79500E+0	9.99995E-1	2.45060E-9
4.80000E+0	9.99993E-1	2.73783E-9
4.80500E+0	9.99994E-1	2.43527E-9
4.81000E+0	1.00000E+0	2.50165E-9
4.81500E+0	9.99997E-1	2.61329E-9
4.82000E+0	1.00001E+0	2.50259E-9
4.82500E+0	1.00000E+0	2.41445E-9
4.83000E+0	1.00000E+0	2.65954E-9
4.83500E+0	9.99989E-1	2.46743E-9
4.84000E+0	1.00001E+0	2.52927E-9
4.84500E+0	1.00000E+0	2.56941E-9
4.85000E+0	9.99986E-1	2.45029E-9
4.85500E+0	1.00002E+0	2.52440E-9
4.86000E+0	9.99997E-1	2.56293E-9
4.86500E+0	9.99998E-1	2.46406E-9
4.87000E+0	1.00001E+0	2.58692E-9
4.87500E+0	9.99999E-1	2.55164E-9
4.88000E+0	9.99996E-1	2.68342E-9
4.88500E+0	1.00000E+0	2.48364E-9
4.89000E+0	9.99992E-1	2.40977E-9
4.89500E+0	9.99990E-1	2.59465E-9
4.90000E+0	1.00000E+0	2.60407E-9
4.90500E+0	1.00001E+0	2.41308E-9
4.91000E+0	9.99986E-1	2.64352E-9
4.91500E+0	1.00001E+0	2.51499E-9
4.92000E+0	9.99997E-1	2.44842E-9
4.92500E+0	9.99990E-1	2.55439E-9
4.93000E+0	1.00001E+0	2.52179E-9
4.93500E+0	1.00000E+0	2.55532E-9
4.94000E+0	1.00001E+0	2.50564E-9
4.94500E+0	1.00000E+0	2.65985E-9
4.95000E+0	9.99992E-1	2.55831E-9
4.95500E+0	9.99995E-1	2.51929E-9
4.96000E+0	9.99994E-1	2.48501E-9
4.96500E+0	1.00002E+0	2.42143E-9
4.97000E+0	9.99998E-1	2.69551E-9
4.97500E+0	1.00001E+0	2.35124E-9
4.98000E+0	1.00000E+0	2.71558E-9
4.98500E+0	1.00001E+0	2.53693E-9
4.99000E+0	9.99987E-1	2.57614E-9
4.99500E+0	1.00001E+0	2.45740E-9
5.00000E+0	9.99986E-1	2.58081E-9
5.00500E+0	1.00000E+0	2.60837E-9
5.01000E+0	1.00001E+0	2.46188E-9
5.01500E+0	9.99992E-1	2.63000E-9
5.02000E+0	9.99997E-1	2.60269E-9
5.02500E+0	1.00000E+0	2.48058E-9
5.03000E+0	9.99997E-1	2.34987E-9
5.03500E+0	9.99996E-1	2.66920E-9
5.04000E+0	1.00001E+0	2.51343E-9
5.04500E+0	1.00000E+0	2.51661E-9
5.05000E+0	1.00000E+0	2.66590E-9
5.05500E+0	9.99988E-1	2.57383E-9
5.06000E+0	1.00001E+0	2.37387E-9
5.06500E+0	9.99988E-1	2.51742E-9
5.07000E+0	1.00001E+0	2.70230E-9
5.07500E+0	9.99989E-1	2.56162E-9
5.08000E+0	1.00000E+0	2.41532E-9
5.08500E+0	9.99998E-1	2.65044E-9
5.09000E+0	1.00000E+0	2.53488E-9
5.09500E+0	1.00001E+0	2.53830E-9
5.10000E+0	9.99995E-1	2.42498E-9
5.10500E+0	9.99999E-1	2.62906E-9
5.11000E+0	9.99999E-1	2.43128E-9
5.11500E+0	1.00000E+0	2.46662E-9
5.12000E+0	1.00001E+0	2.71907E-9
5.12500E+0	9.99990E-1	2.51935E-9
5.13000E+0	9.99998E-1	2.46974E-9
5.13500E+0	9.99999E-1	2.64009E-9
5.14000E+0	9.99997E-1	2.38054E-9
5.14500E+0	1.00001E+0	2.63554E-9
5.15000E+0	9.99995E-1	2.57994E-9
5.15500E+0	9.99999E-1	2.62987E-9
5.16000E+0	1.00001E+0	2.50795E-9
5.16500E+0	9.99990E-1	2.62613E-9
5.17000E+0	1.00000E+0	2.48919E-9
5.17500E+0	9.99993E-1	2.56249E-9
5.18000E+0	1.00001E+0	2.42205E-9
5.18500E+0	1.00000E+0	2.69507E-9
5.19000E+0	9.99987E-1	2.51013E-9
5.19500E+0	1.00002E+0	2.50577E-9
5.20000E+0	9.99981E-1	2.61248E-9
5.20500E+0	1.00001E+0	2.38758E-9
5.21000E+0	9.99998E-1	2.63411E-9
5.21500E+0	1.00001E+0	2.52247E-9
5.22000E+0	9.99999E-1	2.56791E-9
5.22500E+0	1.00000E+0	2.40323E-9
5.23000E+0	1.00001E+0	2.64882E-9
5.23500E+0	9.99982E-1	2.55208E-9
5.24000E+0	1.00001E+0	2.66303E-9
5.24500E+0	9.99995E-1	2.45471E-9
5.25000E+0	1.00001E+0	2.42885E-9
5.25500E+0	1.00000E+0	2.56860E-9
5.26000E+0	1.00001E+0	2.57115E-9
5.26500E+0	9.99988E-1	2.63498E-9
5.27000E+0	1.00000E+0	2.57801E-9
5.27500E+0	1.00000E+0	2.55195E-9
5.28000E+0	9.99994E-1	2.48164E-9
5.28500E+0	1.00001E+0	2.42766E-9
5.29000E+0	1.00000E+0	2.68049E-9
5.29500E+0	9.99998E-1	2.48750E-9
5.30000E+0	9.99992E-1	2.63411E-9
5.30500E+0	1.00001E+0	2.51318E-9
5.31000E+0	9.99992E-1	2.61921E-9
5.31500E+0	9.99991E-1	2.55825E-9
5.32000E+0	1.00001E+0	2.34968E-9
5.32500E+0	1.00001E+0	2.62133E-9
5.33000E+0	9.99991E-1	2.53369E-9
5.33500E+0	9.99990E-1	2.66359E-9
5.34000E+0	1.00001E+0	2.43377E-9
5.34500E+0	9.99999E-1	2.54485E-9
5.35000E+0	9.99989E-1	2.56006E-9
5.35500E+0	1.00002E+0	2.55513E-9
5.36000E+0	9.99984E-1	2.54229E-9
5.36500E+0	1.00001E+0	2.68211E-9
5.37000E+0	1.00001E+0	2.43115E-9
5.37500E+0	9.99983E-1	2.53531E-9
5.38000E+0	9.99999E-1	2.46955E-9
5.38500E+0	1.00002E+0	2.63866E-9
5.39000E+0	9.99993E-1	2.62756E-9
5.39500E+0	1.00000E+0	2.44549E-9
5.40000E+0	1.00001E+0	2.66422E-9
5.40500E+0	9.99992E-1	2.58418E-9
5.41000E+0	1.00001E+0	2.49691E-9
5.41500E+0	1.00000E+0	2.47354E-9
5.42000E+0	1.00000E+0	2.58150E-9
5.42500E+0	1.00000E+0	2.50446E-9
5.43000E+0	9.99995E-1	2.66733E-9
5.43500E+0	9.99998E-1	2.58025E-9
5.44000E+0	9.99999E-1	2.53269E-9
5.44500E+0	9.99991E-1	2.47815E-9
5.45000E+0	1.00001E+0	2.58256E-9
5.45500E+0	1.00001E+0	2.54927E-9
5.46000E+0	9.99989E-1	2.56000E-9
5.46500E+0	1.00001E+0	2.43408E-9
5.47000E+0	9.99982E-1	2.60550E-9
5.47500E+0	1.00001E+0	2.42398E-9
5.48000E+0	9.99994E-1	2.62906E-9
5.48500E+0	1.00001E+0	2.63049E-9
5.49000E+0	9.99990E-1	2.52821E-9
5.49500E+0	1.00000E+0	2.54697E-9
5.50000E+0	1.00000E+0	2.44655E-9
5.50500E+0	1.00000E+0	2.56106E-9
5.51000E+0	1.00000E+0	2.72649E-9
5.51500E+0	9.99989E-1	2.47709E-9
5.52000E+0	1.00001E+0	2.58231E-9
5.52500E+0	1.00000E+0	2.47940E-9
5.53000E+0	9.99997E-1	2.57807E-9
5.53500E+0	9.99996E-1	2.68491E-9
5.54000E+0	9.99995E-1	2.47591E-9
5.54500E+0	1.00001E+0	2.40416E-9
5.55000E+0	9.99986E-1	2.77604E-9
5.55500E+0	1.00001E+0	2.42417E-9
5.56000E+0	9.99999E-1	2.46176E-9
5.56500E+0	1.00000E+0	2.74762E-9
5.57000E+0	9.99991E-1	2.48545E-9
5.57500E+0	9.99997E-1	2.67070E-9
5.58000E+0	9.99994E-1	2.45091E-9
5.58500E+0	1.00001E+0	2.56698E-9
5.59000E+0	9.99997E-1	2.51368E-9
5.59500E+0	1.00001E+0	2.56081E-9
5.60000E+0	1.00001E+0	2.59235E-9
5.60500E+0	9.99989E-1	2.58050E-9
5.61000E+0	1.00001E+0	2.51661E-9
5.61500E+0	9.99990E-1	2.58431E-9
5.62000E+0	9.99997E-1	2.54578E-9
5.62500E+0	1.00000E+0	2.59079E-9
5.63000E+0	9.99997E-1	2.55239E-9
5.63500E+0	1.00001E+0	2.52858E-9
5.64000E+0	9.99991E-1	2.49149E-9
5.64500E+0	1.00001E+0	2.52347E-9
5.65000E+0	1.00000E+0	2.62738E-9
5.65500E+0	9.99992E-1	2.59266E-9
5.66000E+0	1.00000E+0	2.54803E-9
5.66500E+0	1.00000E+0	2.36464E-9
5.67000E+0	1.00001E+0	2.63673E-9
5.67500E+0	9.99995E-1	2.66927E-9
5.68000E+0	1.00000E+0	2.51418E-9
5.68500E+0	1.00001E+0	2.47123E-9
5.69000E+0	9.99987E-1	2.49486E-9
5.69500E+0	1.00001E+0	2.65524E-9
5.70000E+0	1.00001E+0	2.57452E-9
5.70500E+0	9.99988E-1	2.58717E-9
5.71000E+0	1.00001E+0	2.46712E-9
5.71500E+0	9.99999E-1	2.50240E-9
5.72000E+0	1.00000E+0	2.53886E-9
5.72500E+0	1.00000E+0	2.60893E-9
5.73000E+0	9.99995E-1	2.73789E-9
5.73500E+0	1.00000E+0	2.38634E-9
5.74000E+0	9.99992E-1	2.65898E-9
5.74500E+0	1.00001E+0	2.56660E-9
5.75000E+0	9.99995E-1	2.37786E-9
5.75500E+0	1.00000E+0	2.61154E-9
5.76000E+0	1.00000E+0	2.70579E-9
5.76500E+0	9.99998E-1	2.41202E-9
5.77000E+0	1.00000E+0	2.50309E-9
5.77500E+0	1.00001E+0	2.65468E-9
5.78000E+0	9.99994E-1	2.64315E-9
5.78500E+0	1.00000E+0	2.42542E-9
5.79000E+0	1.00001E+0	2.65293E-9
5.79500E+0	9.99985E-1	2.59098E-9
5.80000E+0	1.00001E+0	2.55576E-9
5.80500E+0	9.99993E-1	2.48040E-9
5.81000E+0	1.00000E+0	2.58748E-9
5.81500E+0	1.00000E+0	2.48470E-9
5.82000E+0	9.99999E-1	2.67444E-9
5.82500E+0	9.99996E-1	2.59260E-9
5.83000E+0	9.99993E-1	2.44555E-9
5.83500E+0	9.99997E-1	2.59983E-9
5.84000E+0	1.00001E+0	2.56654E-9
5.84500E+0	9.99996E-1	2.54553E-9
5.85000E+0	1.00001E+0	2.56885E-9
5.85500E+0	9.99997E-1	2.54541E-9
5.86000E+0	1.00000E+0	2.50246E-9
5.86500E+0	9.99998E-1	2.67949E-9
5.87000E+0	9.99999E-1	2.60575E-9
5.87500E+0	9.99987E-1	2.39226E-9
5.88000E+0	1.00002E+0	2.54878E-9
5.88500E+0	9.99988E-1	2.60014E-9
5.89000E+0	1.00002E+0	2.52166E-9
5.89500E+0	9.99987E-1	2.56448E-9
5.90000E+0	1.00000E+0	2.51356E-9
5.90500E+0	1.00001E+0	2.60662E-9
5.91000E+0	9.99995E-1	2.63049E-9
5.91500E+0	1.00000E+0	2.57022E-9
5.92000E+0	9.99993E-1	2.54734E-9
5.92500E+0	9.99998E-1	2.55052E-9
5.93000E+0	9.99999E-1	2.54747E-9
5.93500E+0	9.99991E-1	2.50371E-9
5.94000E+0	9.99999E-1	2.49099E-9
5.94500E+0	1.00001E+0	2.69601E-9
5.95000E+0	9.99995E-1	2.39301E-9
5.95500E+0	1.00000E+0	2.64894E-9
5.96000E+0	9.99996E-1	2.55837E-9
5.96500E+0	1.00001E+0	2.56704E-9
5.97000E+0	1.00000E+0	2.57870E-9
5.97500E+0	9.99986E-1	2.49498E-9
5.98000E+0	1.00001E+0	2.58929E-9
5.98500E+0	9.99987E-1	2.63629E-9
5.99000E+0	1.00001E+0	2.55183E-9
5.99500E+0	1.00000E+0	2.59185E-9
6.00000E+0	9.99989E-1	2.46126E-9
6.00500E+0	1.00002E+0	2.61192E-9
6.01000E+0	9.99996E-1	2.60145E-9
6.01500E+0	9.99997E-1	2.60419E-9
6.02000E+0	9.99997E-1	2.48601E-9
6.02500E+0	1.00001E+0	2.52758E-9
6.03000E+0	9.99989E-1	2.63947E-9
6.03500E+0	1.00001E+0	2.53357E-9
6.04000E+0	9.99979E-1	2.61273E-9
6.04500E+0	1.00000E+0	2.48700E-9
6.05000E+0	1.00001E+0	2.54853E-9
6.05500E+0	9.99992E-1	2.64352E-9
6.06000E+0	1.00000E+0	2.47217E-9
6.06500E+0	1.00000E+0	2.66553E-9
6.07000E+0	9.99989E-1	2.47454E-9
6.07500E+0	1.00000E+0	2.61977E-9
6.08000E+0	9.99998E-1	2.60413E-9
6.08500E+0	1.00000E+0	2.38602E-9
6.09000E+0	9.99994E-1	2.68890E-9
6.09500E+0	1.00000E+0	2.43788E-9
6.10000E+0	9.99989E-1	2.59041E-9
6.10500E+0	1.00002E+0	2.50751E-9
6.11000E+0	9.99997E-1	2.70897E-9
6.11500E+0	1.00001E+0	2.37231E-9
6.12000E+0	1.00000E+0	2.63766E-9
6.12500E+0	1.00001E+0	2.63162E-9
6.13000E+0	9.99992E-1	2.52796E-9
6.13500E+0	1.00000E+0	2.54504E-9
6.14000E+0	9.99995E-1	2.61834E-9
6.14500E+0	1.00000E+0	2.52951E-9
6.15000E+0	1.00002E+0	2.51007E-9
6.15500E+0	9.99992E-1	2.77710E-9
6.16000E+0	9.99991E-1	2.54279E-9
6.16500E+0	9.99995E-1	2.41432E-9
6.17000E+0	1.00001E+0	2.70754E-9
6.17500E+0	9.99988E-1	2.57090E-9
6.18000E+0	1.00001E+0	2.45740E-9
6.18500E+0	1.00000E+0	2.49635E-9
6.19000E+0	9.99985E-1	2.55208E-9
6.19500E+0	1.00002E+0	2.61616E-9
6.20000E+0	9.99990E-1	2.51848E-9
6.20500E+0	1.00000E+0	2.61859E-9
6.21000E+0	1.00001E+0	2.59733E-9
6.21500E+0	9.99981E-1	2.57994E-9
6.22000E+0	1.00002E+0	2.54691E-9
6.22500E+0	9.99995E-1	2.61117E-9
6.23000E+0	9.99994E-1	2.47348E-9
6.23500E+0	1.00001E+0	2.68273E-9
6.24000E+0	9.99990E-1	2.49118E-9
6.24500E+0	1.00001E+0	2.39868E-9
6.25000E+0	9.99993E-1	2.68223E-9
6.25500E+0	1.00001E+0	2.64988E-9
6.26000E+0	9.99993E-1	2.45708E-9
6.26500E+0	9.99999E-1	2.62407E-9
6.27000E+0	1.00000E+0	2.46749E-9
6.27500E+0	9.99998E-1	2.67793E-9
6.28000E+0	1.00001E+0	2.41133E-9
6.28500E+0	9.99997E-1	2.52889E-9
6.29000E+0	9.99996E-1	2.69663E-9
6.29500E+0	1.00001E+0	2.47560E-9
6.30000E+0	9.99994E-1	2.60618E-9
6.30500E+0	9.99992E-1	2.56255E-9
6.31000E+0	1.00001E+0	2.61092E-9
6.31500E+0	1.00000E+0	2.44443E-9
6.32000E+0	9.99999E-1	2.67768E-9
6.32500E+0	1.00001E+0	2.58848E-9
6.33000E+0	9.99998E-1	2.55937E-9
6.33500E+0	9.99992E-1	2.50421E-9
6.34000E+0	1.00001E+0	2.55682E-9
6.34500E+0	9.99999E-1	2.65131E-9
6.35000E+0	9.99994E-1	2.63480E-9
6.35500E+0	9.99993E-1	2.47348E-9
6.36000E+0	9.99992E-1	2.57583E-9
6.36500E+0	1.00001E+0	2.61366E-9
6.37000E+0	1.00001E+0	2.52989E-9
6.37500E+0	9.99980E-1	2.45702E-9
6.38000E+0	1.00000E+0	2.67799E-9
6.38500E+0	9.99995E-1	2.42754E-9
6.39000E+0	1.00001E+0	2.57994E-9
6.39500E+0	1.00000E+0	2.63991E-9
6.40000E+0	1.00000E+0	2.56741E-9
6.40500E+0	9.99990E-1	2.71851E-9
6.41000E+0	1.00001E+0	2.45870E-9
6.41500E+0	9.99998E-1	2.56779E-9
6.42000E+0	1.00001E+0	2.66054E-9
6.42500E+0	9.99987E-1	2.47597E-9
6.43000E+0	9.99997E-1	2.70043E-9
6.43500E+0	9.99996E-1	2.52584E-9
6.44000E+0	1.00000E+0	2.51169E-9
6.44500E+0	9.99985E-1	2.49953E-9
6.45000E+0	1.00002E+0	2.68472E-9
6.45500E+0	9.99996E-1	2.42685E-9
6.46000E+0	9.99996E-1	2.56374E-9
6.46500E+0	1.00000E+0	2.64994E-9
6.47000E+0	1.00000E+0	2.63473E-9
6.47500E+0	1.00000E+0	2.53425E-9
6.48000E+0	9.99998E-1	2.45210E-9
6.48500E+0	9.99995E-1	2.69002E-9
6.49000E+0	9.99997E-1	2.57863E-9
6.49500E+0	1.00001E+0	2.55183E-9
6.50000E+0	1.00001E+0	2.54641E-9
6.50500E+0	9.99996E-1	2.60001E-9
6.51000E+0	9.99989E-1	2.44561E-9
6.51500E+0	1.00000E+0	2.57764E-9
6.52000E+0	9.99999E-1	2.65455E-9
6.52500E+0	1.00001E+0	2.55925E-9
6.53000E+0	1.00001E+0	2.52453E-9
6.53500E+0	1.00000E+0	2.65387E-9
6.54000E+0	9.99997E-1	2.42448E-9
6.54500E+0	1.00000E+0	2.61921E-9
6.55000E+0	1.00000E+0	2.43502E-9
6.55500E+0	1.00001E+0	2.71028E-9
6.56000E+0	9.99997E-1	2.58599E-9
6.56500E+0	9.99998E-1	2.52104E-9
6.57000E+0	1.00000E+0	2.51487E-9
6.57500E+0	1.00000E+0	2.71626E-9
6.58000E+0	1.00000E+0	2.38465E-9
6.58500E+0	9.99998E-1	2.59253E-9
6.59000E+0	1.00000E+0	2.57390E-9
6.59500E+0	9.99992E-1	2.70691E-9
6.60000E+0	1.00002E+0	2.48401E-9
6.60500E+0	9.99992E-1	2.64876E-9
6.61000E+0	1.00001E+0	2.51262E-9
6.61500E+0	9.99995E-1	2.54186E-9
6.62000E+0	9.99998E-1	2.54703E-9
6.62500E+0	9.99998E-1	2.67419E-9
6.63000E+0	9.99998E-1	2.44992E-9
6.63500E+0	1.00001E+0	2.62289E-9
6.64000E+0	9.99997E-1	2.53812E-9
6.64500E+0	1.00001E+0	2.48588E-9
6.65000E+0	9.99993E-1	2.56966E-9
6.65500E+0	1.00002E+0	2.63124E-9
6.66000E+0	9.99987E-1	2.52266E-9
6.66500E+0	1.00001E+0	2.57477E-9
6.67000E+0	1.00001E+0	2.64714E-9
6.67500E+0	9.99982E-1	2.63735E-9
6.68000E+0	9.99993E-1	2.42897E-9
6.68500E+0	1.00002E+0	2.56642E-9
6.69000E+0	9.99991E-1	2.61772E-9
6.69500E+0	1.00001E+0	2.54896E-9
6.70000E+0	9.99992E-1	2.54890E-9
6.70500E+0	1.00000E+0	2.57090E-9
6.71000E+0	1.00001E+0	2.53637E-9
6.71500E+0	9.99983E-1	2.57421E-9
6.72000E+0	1.00001E+0	2.71701E-9
6.72500E+0	9.99998E-1	2.49317E-9
6.73000E+0	9.99990E-1	2.50558E-9
6.73500E+0	1.00001E+0	2.55626E-9
6.74000E+0	1.00001E+0	2.59983E-9
6.74500E+0	9.99995E-1	2.70361E-9
6.75000E+0	9.99988E-1	2.47603E-9
6.75500E+0	1.00001E+0	2.61909E-9
6.76000E+0	1.00000E+0	2.56236E-9
6.76500E+0	9.99985E-1	2.49498E-9
6.77000E+0	1.00002E+0	2.62089E-9
6.77500E+0	1.00000E+0	2.46625E-9
6.78000E+0	1.00001E+0	2.56772E-9
6.78500E+0	9.99999E-1	2.70006E-9
6.79000E+0	9.99992E-1	2.55557E-9
6.79500E+0	1.00000E+0	2.48513E-9
6.80000E+0	9.99994E-1	2.57284E-9
6.80500E+0	1.00001E+0	2.62607E-9
6.81000E+0	1.00001E+0	2.50658E-9
6.81500E+0	9.99991E-1	2.57919E-9
6.82000E+0	1.00001E+0	2.55943E-9
6.82500E+0	9.99992E-1	2.67930E-9
6.83000E+0	9.99998E-1	2.57146E-9
6.83500E+0	1.00001E+0	2.55389E-9
6.84000E+0	9.99998E-1	2.57240E-9
6.84500E+0	9.99993E-1	2.41925E-9
6.85000E+0	1.00001E+0	2.58780E-9
6.85500E+0	9.99987E-1	2.65244E-9
6.86000E+0	1.00000E+0	2.47522E-9
6.86500E+0	1.00000E+0	2.62152E-9
6.87000E+0	1.00001E+0	2.45958E-9
6.87500E+0	1.00001E+0	2.62875E-9
6.88000E+0	1.00001E+0	2.55089E-9
6.88500E+0	9.99983E-1	2.59309E-9
6.89000E+0	1.00001E+0	2.66222E-9
6.89500E+0	9.99997E-1	2.55594E-9
6.90000E+0	9.99987E-1	2.49561E-9
6.90500E+0	1.00000E+0	2.51075E-9
6.91000E+0	9.99999E-1	2.63012E-9
6.91500E+0	1.00001E+0	2.44256E-9
6.92000E+0	9.99991E-1	2.71471E-9
6.92500E+0	9.99999E-1	2.42018E-9
6.93000E+0	1.00001E+0	2.47086E-9
6.93500E+0	1.00000E+0	2.59104E-9
6.94000E+0	9.99998E-1	2.75709E-9
6.94500E+0	9.99995E-1	2.53201E-9
6.95000E+0	1.00000E+0	2.60587E-9
6.95500E+0	9.99996E-1	2.49935E-9
6.96000E+0	9.99995E-1	2.56112E-9
6.96500E+0	1.00001E+0	2.53556E-9
6.97000E+0	1.00000E+0	2.52091E-9
6.97500E+0	1.00000E+0	2.59409E-9
6.98000E+0	9.99997E-1	2.62276E-9
6.98500E+0	9.99998E-1	2.62058E-9
6.99000E+0	9.99984E-1	2.47952E-9
6.99500E+0	1.00001E+0	2.62426E-9
7.00000E+0	1.00001E+0	2.44038E-9
7.00500E+0	9.99999E-1	2.61092E-9
7.01000E+0	1.00001E+0	2.46681E-9
7.01500E+0	1.00000E+0	2.73403E-9
7.02000E+0	9.99994E-1	2.40940E-9
7.02500E+0	1.00001E+0	2.62245E-9
7.03000E+0	1.00000E+0	2.71277E-9
7.03500E+0	9.99990E-1	2.53095E-9
7.04000E+0	1.00000E+0	2.53481E-9
7.04500E+0	1.00002E+0	2.51618E-9
7.05000E+0	9.99984E-1	2.63461E-9
7.05500E+0	1.00001E+0	2.44705E-9
7.06000E+0	1.00000E+0	2.58518E-9
7.06500E+0	9.99995E-1	2.69270E-9
7.07000E+0	1.00001E+0	2.47254E-9
7.07500E+0	9.99986E-1	2.60643E-9
7.08000E+0	1.00001E+0	2.48495E-9
7.08500E+0	9.99997E-1	2.60837E-9
7.09000E+0	1.00000E+0	2.62033E-9
7.09500E+0	1.00001E+0	2.47902E-9
7.10000E+0	9.99989E-1	2.60251E-9
7.10500E+0	1.00001E+0	2.46176E-9
7.11000E+0	1.00000E+0	2.68641E-9
7.11500E+0	9.99992E-1	2.55912E-9
7.12000E+0	1.00001E+0	2.42442E-9
7.12500E+0	9.99997E-1	2.71365E-9
7.13000E+0	1.00000E+0	2.46556E-9
7.13500E+0	1.00000E+0	2.69794E-9
7.14000E+0	9.99999E-1	2.50433E-9
7.14500E+0	9.99988E-1	2.52565E-9
7.15000E+0	1.00001E+0	2.54423E-9
7.15500E+0	9.99987E-1	2.65929E-9
7.16000E+0	1.00001E+0	2.46151E-9
7.16500E+0	9.99993E-1	2.63667E-9
7.17000E+0	1.00000E+0	2.51867E-9
7.17500E+0	1.00000E+0	2.58524E-9
7.18000E+0	9.99994E-1	2.56841E-9
7.18500E+0	9.99997E-1	2.64053E-9
7.19000E+0	1.00001E+0	2.58948E-9
7.19500E+0	9.99989E-1	2.59858E-9
7.20000E+0	1.00000E+0	2.40173E-9
7.20500E+0	1.00001E+0	2.64913E-9
7.21000E+0	9.99987E-1	2.50969E-9
7.21500E+0	1.00001E+0	2.61472E-9
7.22000E+0	9.99994E-1	2.68117E-9
7.22500E+0	1.00001E+0	2.34975E-9
7.23000E+0	9.99993E-1	2.75373E-9
7.23500E+0	9.99998E-1	2.54142E-9
7.24000E+0	1.00000E+0	2.39712E-9
7.24500E+0	1.00000E+0	2.64514E-9
7.25000E+0	1.00001E+0	2.66521E-9
7.25500E+0	9.99990E-1	2.45596E-9
7.26000E+0	1.00001E+0	2.63766E-9
7.26500E+0	9.99996E-1	2.63224E-9
7.27000E+0	9.99990E-1	2.42623E-9
7.27500E+0	1.00001E+0	2.64390E-9
7.28000E+0	9.99992E-1	2.70878E-9
7.28500E+0	9.99997E-1	2.38016E-9
7.29000E+0	1.00001E+0	2.63748E-9
7.29500E+0	9.99994E-1	2.57801E-9
