## Header ##
[General info]
User	Giorgos_Psaltakis
Device	Sample
Cell area (cm2)	1
Test	Memristor
Date	2024-03-03
Time	03:08:41
Note	

[Acquisition Settings]
Sampling time (s)	5.000E+0
Voltage Range (V)	6.000E+0
Current Range (A)	1.000E-6
Current Limit (A)	1.000E-6

[Waveform Settings]
V_HRS (V)	1.0000
V_LRS (V)	1.0000
V_READ (V)	1.0000
t_HRS (s)	1.0000
t_LRS (s)	1.0000
t_READ (s)	0.0500
d_HRS (s)	0.0000
d_LRS (s)	0.0000
d_READ (s)	0.0000
Cycles	10

## Data ##
Time (s)	Voltage (V)	Current (A)
0.00000E+0	9.70999E-1	7.54775E-8
5.00000E-3	9.99994E-1	6.11728E-9
1.00000E-2	1.00002E+0	5.01573E-9
1.50000E-2	9.99987E-1	4.61138E-9
2.00000E-2	1.00000E+0	4.24037E-9
2.50000E-2	1.00000E+0	4.29672E-9
3.00000E-2	9.99985E-1	3.99727E-9
3.50000E-2	1.00001E+0	3.96536E-9
4.00000E-2	9.99997E-1	4.00712E-9
4.50000E-2	1.00001E+0	3.75573E-9
5.00000E-2	1.00000E+0	3.67769E-9
5.50000E-2	9.99986E-1	3.81526E-9
6.00000E-2	1.00000E+0	3.67221E-9
6.50000E-2	1.00001E+0	3.51675E-9
7.00000E-2	9.99990E-1	3.72606E-9
7.50000E-2	1.00001E+0	3.46576E-9
8.00000E-2	9.99997E-1	3.43765E-9
8.50000E-2	9.99999E-1	3.54860E-9
9.00000E-2	1.00001E+0	3.54704E-9
9.50000E-2	9.99985E-1	3.40511E-9
1.00000E-1	1.00001E+0	3.49025E-9
1.05000E-1	1.00001E+0	3.27246E-9
1.10000E-1	9.99991E-1	3.40529E-9
1.15000E-1	1.00000E+0	3.40997E-9
1.20000E-1	9.99999E-1	3.38765E-9
1.25000E-1	9.99994E-1	3.30425E-9
1.30000E-1	1.00000E+0	3.16637E-9
1.35000E-1	1.00001E+0	3.41570E-9
1.40000E-1	9.99986E-1	3.20028E-9
1.45000E-1	1.00001E+0	3.32937E-9
1.50000E-1	9.99994E-1	3.20140E-9
1.55000E-1	1.00000E+0	3.28449E-9
1.60000E-1	9.99999E-1	3.31173E-9
1.65000E-1	1.00000E+0	3.08297E-9
1.70000E-1	9.99996E-1	3.25015E-9
1.75000E-1	9.99989E-1	3.17996E-9
1.80000E-1	1.00001E+0	3.14985E-9
1.85000E-1	9.99997E-1	3.24192E-9
1.90000E-1	9.99997E-1	3.11981E-9
1.95000E-1	9.99997E-1	2.97869E-9
2.00000E-1	9.99995E-1	3.16344E-9
2.05000E-1	1.00000E+0	3.10541E-9
2.10000E-1	9.99999E-1	2.99739E-9
2.15000E-1	1.00001E+0	3.18183E-9
2.20000E-1	9.99999E-1	3.12199E-9
2.25000E-1	9.99997E-1	2.85857E-9
2.30000E-1	9.99997E-1	3.10080E-9
2.35000E-1	1.00001E+0	3.05274E-9
2.40000E-1	9.99995E-1	3.07674E-9
2.45000E-1	9.99997E-1	3.02918E-9
2.50000E-1	9.99995E-1	2.90912E-9
2.55000E-1	1.00001E+0	2.96853E-9
2.60000E-1	9.99995E-1	3.02606E-9
2.65000E-1	1.00001E+0	2.97931E-9
2.70000E-1	9.99994E-1	2.98317E-9
2.75000E-1	1.00000E+0	2.96504E-9
2.80000E-1	9.99993E-1	2.84099E-9
2.85000E-1	9.99998E-1	2.96472E-9
2.90000E-1	1.00000E+0	2.96809E-9
2.95000E-1	9.99990E-1	2.92203E-9
3.00000E-1	9.99998E-1	2.86518E-9
3.05000E-1	1.00002E+0	2.91579E-9
3.10000E-1	9.99990E-1	2.98380E-9
3.15000E-1	1.00001E+0	2.86269E-9
3.20000E-1	1.00000E+0	2.83613E-9
3.25000E-1	9.99998E-1	2.84567E-9
3.30000E-1	9.99997E-1	3.02082E-9
3.35000E-1	1.00000E+0	2.83806E-9
3.40000E-1	1.00000E+0	2.87571E-9
3.45000E-1	9.99991E-1	2.94989E-9
3.50000E-1	1.00000E+0	2.82186E-9
3.55000E-1	9.99992E-1	2.78427E-9
3.60000E-1	1.00000E+0	2.80309E-9
3.65000E-1	1.00000E+0	2.95519E-9
3.70000E-1	9.99997E-1	2.77729E-9
3.75000E-1	9.99995E-1	2.76127E-9
3.80000E-1	9.99994E-1	2.89903E-9
3.85000E-1	9.99999E-1	2.66041E-9
3.90000E-1	1.00001E+0	2.88849E-9
3.95000E-1	9.99993E-1	2.72805E-9
4.00000E-1	9.99997E-1	2.79331E-9
4.05000E-1	1.00000E+0	2.78701E-9
4.10000E-1	1.00001E+0	2.83033E-9
4.15000E-1	9.99990E-1	2.92957E-9
4.20000E-1	1.00000E+0	2.73185E-9
4.25000E-1	9.99994E-1	2.78901E-9
4.30000E-1	1.00000E+0	2.59122E-9
4.35000E-1	9.99995E-1	2.86699E-9
4.40000E-1	1.00000E+0	2.61921E-9
4.45000E-1	1.00000E+0	2.91972E-9
4.50000E-1	9.99992E-1	2.62744E-9
4.55000E-1	1.00000E+0	2.77162E-9
4.60000E-1	1.00001E+0	2.78390E-9
4.65000E-1	9.99983E-1	2.63704E-9
4.70000E-1	1.00002E+0	2.76663E-9
4.75000E-1	9.99997E-1	2.64228E-9
4.80000E-1	9.99999E-1	2.82036E-9
4.85000E-1	9.99985E-1	2.71471E-9
4.90000E-1	1.00000E+0	2.56224E-9
4.95000E-1	1.00001E+0	2.75323E-9
5.00000E-1	1.00000E+0	2.71321E-9
5.05000E-1	9.99996E-1	2.68254E-9
5.10000E-1	9.99997E-1	2.82366E-9
5.15000E-1	9.99998E-1	2.66048E-9
5.20000E-1	1.00001E+0	2.51480E-9
5.25000E-1	9.99988E-1	2.83264E-9
5.30000E-1	9.99998E-1	2.53488E-9
5.35000E-1	1.00000E+0	2.75765E-9
5.40000E-1	1.00001E+0	2.46544E-9
5.45000E-1	9.99997E-1	2.74338E-9
5.50000E-1	1.00000E+0	2.79356E-9
5.55000E-1	9.99987E-1	2.53656E-9
5.60000E-1	1.00001E+0	2.69632E-9
5.65000E-1	9.99996E-1	2.69457E-9
5.70000E-1	1.00001E+0	2.54952E-9
5.75000E-1	9.99980E-1	2.67494E-9
5.80000E-1	1.00002E+0	2.67618E-9
5.85000E-1	9.99992E-1	2.67781E-9
5.90000E-1	9.99989E-1	2.63536E-9
5.95000E-1	1.00000E+0	2.55750E-9
6.00000E-1	1.00001E+0	2.48763E-9
6.05000E-1	9.99991E-1	2.80091E-9
6.10000E-1	1.00001E+0	2.52490E-9
6.15000E-1	1.00000E+0	2.70112E-9
6.20000E-1	9.99991E-1	2.46531E-9
6.25000E-1	9.99998E-1	2.75273E-9
6.30000E-1	1.00001E+0	2.46032E-9
6.35000E-1	9.99997E-1	2.60992E-9
6.40000E-1	9.99985E-1	2.60936E-9
6.45000E-1	1.00001E+0	2.70473E-9
6.50000E-1	1.00000E+0	2.55501E-9
6.55000E-1	9.99994E-1	2.59322E-9
6.60000E-1	1.00001E+0	2.46618E-9
6.65000E-1	9.99985E-1	2.65580E-9
6.70000E-1	1.00001E+0	2.53126E-9
6.75000E-1	9.99995E-1	2.64072E-9
6.80000E-1	1.00000E+0	2.43034E-9
6.85000E-1	1.00000E+0	2.64820E-9
6.90000E-1	9.99992E-1	2.61740E-9
6.95000E-1	1.00001E+0	2.60057E-9
7.00000E-1	9.99999E-1	2.41769E-9
7.05000E-1	9.99989E-1	2.69682E-9
7.10000E-1	1.00001E+0	2.53918E-9
7.15000E-1	1.00000E+0	2.40522E-9
7.20000E-1	9.99994E-1	2.54323E-9
7.25000E-1	1.00000E+0	2.71458E-9
7.30000E-1	9.99990E-1	2.59521E-9
7.35000E-1	1.00000E+0	2.47622E-9
7.40000E-1	9.99997E-1	2.46338E-9
7.45000E-1	1.00001E+0	2.44362E-9
7.50000E-1	9.99999E-1	2.56211E-9
7.55000E-1	1.00001E+0	2.55195E-9
7.60000E-1	9.99997E-1	2.59646E-9
7.65000E-1	9.99996E-1	2.56224E-9
7.70000E-1	1.00001E+0	2.46338E-9
7.75000E-1	1.00000E+0	2.54279E-9
7.80000E-1	1.00000E+0	2.69557E-9
7.85000E-1	9.99998E-1	2.47759E-9
7.90000E-1	1.00001E+0	2.46444E-9
7.95000E-1	9.99994E-1	2.49268E-9
8.00000E-1	1.00001E+0	2.53388E-9
8.05000E-1	9.99997E-1	2.63317E-9
8.10000E-1	9.99994E-1	2.48289E-9
8.15000E-1	1.00001E+0	2.45864E-9
8.20000E-1	9.99976E-1	2.53469E-9
8.25000E-1	1.00002E+0	2.50595E-9
8.30000E-1	9.99988E-1	2.46961E-9
8.35000E-1	1.00001E+0	2.56099E-9
8.40000E-1	9.99994E-1	2.42910E-9
8.45000E-1	9.99995E-1	2.48077E-9
8.50000E-1	1.00001E+0	2.66540E-9
8.55000E-1	9.99995E-1	2.42143E-9
8.60000E-1	9.99997E-1	2.37861E-9
8.65000E-1	1.00000E+0	2.60350E-9
8.70000E-1	1.00000E+0	2.44711E-9
8.75000E-1	9.99995E-1	2.55470E-9
8.80000E-1	1.00000E+0	2.49031E-9
8.85000E-1	1.00000E+0	2.50832E-9
8.90000E-1	9.99999E-1	2.37088E-9
8.95000E-1	1.00000E+0	2.62875E-9
9.00000E-1	9.99996E-1	2.46444E-9
9.05000E-1	9.99994E-1	2.47148E-9
9.10000E-1	1.00001E+0	2.49785E-9
9.15000E-1	9.99995E-1	2.39843E-9
9.20000E-1	1.00001E+0	2.59827E-9
9.25000E-1	1.00000E+0	2.35922E-9
9.30000E-1	1.00001E+0	2.48657E-9
9.35000E-1	9.99995E-1	2.57340E-9
9.40000E-1	1.00001E+0	2.35218E-9
9.45000E-1	1.00000E+0	2.39008E-9
9.50000E-1	1.00001E+0	2.64969E-9
9.55000E-1	9.99991E-1	2.52104E-9
9.60000E-1	1.00000E+0	2.34551E-9
9.65000E-1	9.99993E-1	2.56972E-9
9.70000E-1	9.99997E-1	2.41900E-9
9.75000E-1	1.00001E+0	2.44524E-9
9.80000E-1	9.99997E-1	2.52372E-9
9.85000E-1	1.00000E+0	2.53718E-9
9.90000E-1	9.99999E-1	2.35654E-9
9.95000E-1	9.99996E-1	2.55694E-9
1.00000E+0	9.99990E-1	2.35903E-9
1.00500E+0	1.00001E+0	2.49218E-9
1.01000E+0	1.00000E+0	2.51337E-9
1.01500E+0	1.00000E+0	2.28342E-9
1.02000E+0	9.99985E-1	2.61865E-9
1.02500E+0	1.00001E+0	2.33753E-9
1.03000E+0	9.99998E-1	2.47853E-9
1.03500E+0	9.99995E-1	2.60407E-9
1.04000E+0	9.99990E-1	2.36994E-9
1.04500E+0	1.00001E+0	2.31565E-9
1.05000E+0	9.99997E-1	2.52135E-9
1.05500E+0	1.00001E+0	2.51948E-9
1.06000E+0	9.99993E-1	2.54086E-9
1.06500E+0	9.99998E-1	2.25943E-9
1.07000E+0	9.99999E-1	2.64090E-9
1.07500E+0	1.00000E+0	2.28380E-9
1.08000E+0	1.00000E+0	2.48937E-9
1.08500E+0	9.99977E-1	2.53967E-9
1.09000E+0	1.00001E+0	2.29982E-9
1.09500E+0	9.99998E-1	2.56910E-9
1.10000E+0	9.99997E-1	2.46481E-9
1.10500E+0	9.99995E-1	2.32107E-9
1.11000E+0	9.99994E-1	2.46089E-9
1.11500E+0	1.00002E+0	2.44424E-9
1.12000E+0	9.99986E-1	2.53986E-9
1.12500E+0	1.00001E+0	2.41052E-9
1.13000E+0	9.99994E-1	2.28249E-9
1.13500E+0	1.00000E+0	2.50240E-9
1.14000E+0	9.99988E-1	2.54977E-9
1.14500E+0	1.00001E+0	2.39862E-9
1.15000E+0	9.99995E-1	2.39500E-9
1.15500E+0	1.00002E+0	2.43601E-9
1.16000E+0	9.99995E-1	2.40909E-9
1.16500E+0	1.00001E+0	2.40049E-9
1.17000E+0	9.99998E-1	2.51680E-9
1.17500E+0	9.99997E-1	2.45422E-9
1.18000E+0	9.99991E-1	2.45010E-9
1.18500E+0	1.00001E+0	2.36626E-9
1.19000E+0	9.99993E-1	2.52908E-9
1.19500E+0	1.00001E+0	2.37462E-9
1.20000E+0	9.99984E-1	2.49268E-9
1.20500E+0	1.00000E+0	2.44680E-9
1.21000E+0	1.00001E+0	2.34763E-9
1.21500E+0	9.99980E-1	2.45397E-9
1.22000E+0	1.00001E+0	2.46064E-9
1.22500E+0	1.00000E+0	2.34401E-9
1.23000E+0	9.99996E-1	2.55482E-9
1.23500E+0	9.99999E-1	2.36732E-9
1.24000E+0	1.00000E+0	2.29333E-9
1.24500E+0	1.00000E+0	2.60220E-9
1.25000E+0	9.99996E-1	2.40909E-9
1.25500E+0	1.00001E+0	2.36203E-9
1.26000E+0	9.99990E-1	2.41806E-9
1.26500E+0	1.00002E+0	2.40229E-9
1.27000E+0	9.99985E-1	2.39182E-9
1.27500E+0	1.00001E+0	2.50520E-9
1.28000E+0	9.99986E-1	2.41370E-9
1.28500E+0	1.00000E+0	2.48364E-9
1.29000E+0	1.00001E+0	2.32569E-9
1.29500E+0	9.99993E-1	2.54217E-9
1.30000E+0	1.00000E+0	2.39338E-9
1.30500E+0	1.00000E+0	2.45658E-9
1.31000E+0	1.00000E+0	2.21473E-9
1.31500E+0	1.00000E+0	2.43639E-9
1.32000E+0	1.00001E+0	2.48869E-9
1.32500E+0	9.99992E-1	2.40385E-9
1.33000E+0	1.00000E+0	2.52116E-9
1.33500E+0	1.00000E+0	2.35511E-9
1.34000E+0	9.99992E-1	2.52646E-9
1.34500E+0	1.00001E+0	2.40304E-9
1.35000E+0	9.99998E-1	2.47765E-9
1.35500E+0	9.99995E-1	2.39226E-9
1.36000E+0	1.00000E+0	2.44792E-9
1.36500E+0	9.99996E-1	2.30331E-9
1.37000E+0	9.99996E-1	2.43764E-9
1.37500E+0	9.99995E-1	2.49024E-9
1.38000E+0	1.00000E+0	2.35417E-9
1.38500E+0	1.00002E+0	2.41295E-9
1.39000E+0	9.99975E-1	2.38235E-9
1.39500E+0	1.00001E+0	2.52378E-9
1.40000E+0	9.99997E-1	2.36053E-9
1.40500E+0	1.00000E+0	2.29926E-9
1.41000E+0	1.00001E+0	2.48582E-9
1.41500E+0	9.99991E-1	2.48900E-9
1.42000E+0	1.00000E+0	2.31546E-9
1.42500E+0	9.99984E-1	2.43658E-9
1.43000E+0	1.00002E+0	2.45615E-9
1.43500E+0	9.99990E-1	2.41688E-9
1.44000E+0	9.99997E-1	2.42081E-9
1.44500E+0	1.00001E+0	2.36072E-9
1.45000E+0	9.99997E-1	2.41912E-9
1.45500E+0	9.99998E-1	2.53469E-9
1.46000E+0	9.99991E-1	2.38771E-9
1.46500E+0	9.99999E-1	2.33622E-9
1.47000E+0	1.00001E+0	2.48738E-9
1.47500E+0	9.99996E-1	2.40130E-9
1.48000E+0	1.00001E+0	2.29695E-9
1.48500E+0	9.99995E-1	2.57988E-9
1.49000E+0	1.00001E+0	2.18113E-9
1.49500E+0	1.00000E+0	2.46943E-9
1.50000E+0	9.99997E-1	2.55426E-9
1.50500E+0	9.99995E-1	2.42822E-9
1.51000E+0	9.99993E-1	2.45210E-9
1.51500E+0	9.99998E-1	2.35211E-9
1.52000E+0	1.00000E+0	2.46799E-9
1.52500E+0	1.00001E+0	2.22951E-9
1.53000E+0	9.99990E-1	2.59634E-9
1.53500E+0	1.00001E+0	2.21984E-9
1.54000E+0	9.99991E-1	2.59783E-9
1.54500E+0	9.99993E-1	2.39251E-9
1.55000E+0	1.00001E+0	2.25456E-9
1.55500E+0	1.00000E+0	2.52303E-9
1.56000E+0	1.00001E+0	2.52515E-9
1.56500E+0	9.99987E-1	2.29807E-9
1.57000E+0	1.00000E+0	2.41463E-9
1.57500E+0	9.99994E-1	2.52690E-9
1.58000E+0	9.99997E-1	2.34682E-9
1.58500E+0	1.00001E+0	2.38210E-9
1.59000E+0	9.99992E-1	2.41538E-9
1.59500E+0	9.99997E-1	2.36527E-9
1.60000E+0	9.99999E-1	2.40591E-9
1.60500E+0	9.99999E-1	2.56068E-9
1.61000E+0	1.00000E+0	2.36539E-9
1.61500E+0	1.00000E+0	2.46057E-9
1.62000E+0	9.99991E-1	2.50396E-9
1.62500E+0	9.99991E-1	2.35411E-9
1.63000E+0	9.99999E-1	2.26609E-9
1.63500E+0	1.00001E+0	2.58281E-9
1.64000E+0	9.99996E-1	2.45459E-9
1.64500E+0	9.99990E-1	2.28997E-9
1.65000E+0	1.00002E+0	2.50564E-9
1.65500E+0	9.99993E-1	2.36065E-9
1.66000E+0	9.99990E-1	2.51642E-9
1.66500E+0	1.00002E+0	2.36926E-9
1.67000E+0	9.99990E-1	2.41395E-9
1.67500E+0	1.00001E+0	2.55139E-9
1.68000E+0	9.99997E-1	2.26466E-9
1.68500E+0	9.99992E-1	2.51823E-9
1.69000E+0	1.00000E+0	2.35311E-9
1.69500E+0	1.00000E+0	2.50159E-9
1.70000E+0	1.00002E+0	2.36545E-9
1.70500E+0	9.99997E-1	2.39014E-9
1.71000E+0	1.00000E+0	2.56648E-9
1.71500E+0	9.99981E-1	2.40510E-9
1.72000E+0	1.00001E+0	2.36658E-9
1.72500E+0	1.00000E+0	2.44300E-9
1.73000E+0	9.99983E-1	2.49928E-9
1.73500E+0	1.00001E+0	2.32967E-9
1.74000E+0	1.00001E+0	2.36246E-9
1.74500E+0	9.99988E-1	2.51412E-9
1.75000E+0	1.00002E+0	2.38827E-9
1.75500E+0	9.99990E-1	2.46032E-9
1.76000E+0	1.00001E+0	2.39170E-9
1.76500E+0	9.99992E-1	2.48021E-9
1.77000E+0	1.00000E+0	2.49685E-9
1.77500E+0	1.00001E+0	2.44505E-9
1.78000E+0	9.99995E-1	2.28785E-9
1.78500E+0	1.00001E+0	2.47959E-9
1.79000E+0	9.99985E-1	2.39089E-9
1.79500E+0	1.00001E+0	2.58362E-9
1.80000E+0	9.99997E-1	2.25032E-9
1.80500E+0	1.00001E+0	2.54080E-9
1.81000E+0	9.99995E-1	2.25226E-9
1.81500E+0	1.00001E+0	2.61684E-9
1.82000E+0	1.00000E+0	2.42748E-9
1.82500E+0	9.99994E-1	2.21093E-9
1.83000E+0	1.00001E+0	2.54385E-9
1.83500E+0	9.99992E-1	2.32668E-9
1.84000E+0	1.00001E+0	2.45733E-9
1.84500E+0	9.99996E-1	2.56112E-9
1.85000E+0	9.99995E-1	2.28897E-9
1.85500E+0	1.00000E+0	2.46949E-9
1.86000E+0	9.99994E-1	2.43496E-9
1.86500E+0	9.99999E-1	2.51306E-9
1.87000E+0	1.00000E+0	2.43676E-9
1.87500E+0	1.00000E+0	2.45035E-9
1.88000E+0	9.99998E-1	2.34227E-9
1.88500E+0	1.00000E+0	2.52328E-9
1.89000E+0	9.99988E-1	2.37948E-9
1.89500E+0	1.00001E+0	2.40217E-9
1.90000E+0	1.00001E+0	2.51424E-9
1.90500E+0	9.99995E-1	2.50951E-9
1.91000E+0	1.00001E+0	2.36203E-9
1.91500E+0	9.99993E-1	2.47273E-9
1.92000E+0	9.99995E-1	2.34089E-9
1.92500E+0	1.00001E+0	2.36944E-9
1.93000E+0	9.99999E-1	2.43907E-9
1.93500E+0	1.00000E+0	2.62339E-9
1.94000E+0	9.99997E-1	2.33267E-9
1.94500E+0	1.00002E+0	2.45210E-9
1.95000E+0	1.00000E+0	2.48694E-9
1.95500E+0	9.99996E-1	2.45309E-9
1.96000E+0	9.99997E-1	2.50776E-9
1.96500E+0	9.99993E-1	2.30786E-9
1.97000E+0	9.99999E-1	2.52553E-9
1.97500E+0	1.00001E+0	2.49049E-9
1.98000E+0	9.99996E-1	2.30007E-9
1.98500E+0	9.99995E-1	2.57533E-9
1.99000E+0	1.00000E+0	2.47304E-9
1.99500E+0	1.00000E+0	2.40173E-9
2.00000E+0	9.99999E-1	2.40092E-9
2.00500E+0	9.99996E-1	2.53207E-9
2.01000E+0	1.00000E+0	2.27333E-9
2.01500E+0	9.99998E-1	2.44200E-9
2.02000E+0	9.99996E-1	2.57539E-9
2.02500E+0	1.00001E+0	2.45228E-9
2.03000E+0	1.00000E+0	2.34613E-9
2.03500E+0	9.99999E-1	2.40896E-9
2.04000E+0	9.99995E-1	2.67830E-9
2.04500E+0	9.99998E-1	2.37705E-9
2.05000E+0	9.99990E-1	2.42885E-9
2.05500E+0	1.00001E+0	2.31958E-9
2.06000E+0	9.99992E-1	2.54528E-9
2.06500E+0	1.00001E+0	2.44829E-9
2.07000E+0	9.99992E-1	2.57184E-9
2.07500E+0	9.99987E-1	2.42467E-9
2.08000E+0	1.00000E+0	2.35236E-9
2.08500E+0	1.00000E+0	2.46369E-9
2.09000E+0	9.99999E-1	2.52366E-9
2.09500E+0	1.00000E+0	2.24004E-9
2.10000E+0	1.00000E+0	2.64689E-9
2.10500E+0	9.99992E-1	2.32151E-9
2.11000E+0	1.00000E+0	2.49766E-9
2.11500E+0	9.99999E-1	2.44767E-9
2.12000E+0	1.00000E+0	2.39612E-9
2.12500E+0	9.99998E-1	2.64078E-9
2.13000E+0	1.00001E+0	2.21978E-9
2.13500E+0	9.99993E-1	2.63411E-9
2.14000E+0	1.00000E+0	2.46893E-9
2.14500E+0	9.99986E-1	2.27644E-9
2.15000E+0	1.00002E+0	2.49193E-9
2.15500E+0	9.99998E-1	2.38758E-9
2.16000E+0	9.99992E-1	2.62950E-9
2.16500E+0	1.00000E+0	2.36128E-9
2.17000E+0	9.99994E-1	2.45278E-9
2.17500E+0	1.00001E+0	2.36601E-9
2.18000E+0	1.00001E+0	2.57309E-9
2.18500E+0	9.99991E-1	2.36608E-9
2.19000E+0	9.99993E-1	2.56941E-9
2.19500E+0	1.00000E+0	2.34258E-9
2.20000E+0	1.00001E+0	2.59228E-9
2.20500E+0	1.00000E+0	2.26067E-9
2.21000E+0	1.00001E+0	2.59309E-9
2.21500E+0	9.99998E-1	2.41495E-9
2.22000E+0	9.99997E-1	2.59222E-9
2.22500E+0	9.99994E-1	2.26285E-9
2.23000E+0	1.00001E+0	2.55700E-9
2.23500E+0	1.00001E+0	2.37387E-9
2.24000E+0	9.99987E-1	2.58805E-9
2.24500E+0	1.00000E+0	2.48164E-9
2.25000E+0	1.00001E+0	2.50034E-9
2.25500E+0	1.00000E+0	2.41089E-9
2.26000E+0	9.99990E-1	2.49037E-9
2.26500E+0	1.00001E+0	2.51175E-9
2.27000E+0	9.99998E-1	2.41040E-9
2.27500E+0	1.00000E+0	2.37960E-9
2.28000E+0	1.00000E+0	2.41968E-9
2.28500E+0	1.00000E+0	2.54921E-9
2.29000E+0	1.00000E+0	2.49486E-9
2.29500E+0	9.99994E-1	2.50084E-9
2.30000E+0	1.00001E+0	2.44512E-9
2.30500E+0	1.00000E+0	2.31621E-9
2.31000E+0	9.99997E-1	2.51973E-9
2.31500E+0	1.00000E+0	2.45615E-9
2.32000E+0	9.99999E-1	2.58549E-9
2.32500E+0	1.00001E+0	2.45216E-9
2.33000E+0	9.99991E-1	2.46313E-9
2.33500E+0	1.00000E+0	2.53263E-9
2.34000E+0	9.99985E-1	2.47105E-9
2.34500E+0	1.00001E+0	2.23649E-9
2.35000E+0	1.00000E+0	2.67494E-9
2.35500E+0	9.99997E-1	2.50327E-9
2.36000E+0	9.99993E-1	2.39126E-9
2.36500E+0	1.00001E+0	2.38260E-9
2.37000E+0	1.00001E+0	2.59571E-9
2.37500E+0	9.99985E-1	2.40385E-9
2.38000E+0	1.00001E+0	2.47871E-9
2.38500E+0	9.99982E-1	2.43838E-9
2.39000E+0	1.00002E+0	2.52372E-9
2.39500E+0	1.00000E+0	2.39612E-9
2.40000E+0	9.99987E-1	2.68192E-9
2.40500E+0	1.00000E+0	2.28324E-9
2.41000E+0	9.99995E-1	2.62831E-9
2.41500E+0	1.00001E+0	2.40528E-9
2.42000E+0	1.00000E+0	2.51985E-9
2.42500E+0	9.99990E-1	2.45097E-9
2.43000E+0	1.00001E+0	2.50932E-9
2.43500E+0	9.99981E-1	2.52821E-9
2.44000E+0	1.00002E+0	2.37231E-9
2.44500E+0	9.99992E-1	2.52428E-9
2.45000E+0	1.00000E+0	2.49579E-9
2.45500E+0	1.00001E+0	2.40797E-9
2.46000E+0	9.99996E-1	2.57159E-9
2.46500E+0	9.99995E-1	2.48033E-9
2.47000E+0	1.00000E+0	2.52733E-9
2.47500E+0	1.00000E+0	2.49130E-9
2.48000E+0	1.00001E+0	2.38284E-9
2.48500E+0	9.99998E-1	2.53400E-9
2.49000E+0	1.00000E+0	2.42504E-9
2.49500E+0	9.99999E-1	2.44942E-9
2.50000E+0	9.99999E-1	2.53001E-9
2.50500E+0	1.00000E+0	2.56068E-9
2.51000E+0	1.00000E+0	2.49617E-9
2.51500E+0	9.99997E-1	2.35654E-9
2.52000E+0	1.00000E+0	2.51680E-9
2.52500E+0	9.99991E-1	2.63891E-9
2.53000E+0	9.99995E-1	2.41775E-9
2.53500E+0	1.00001E+0	2.41058E-9
2.54000E+0	1.00001E+0	2.55127E-9
2.54500E+0	9.99996E-1	2.37811E-9
2.55000E+0	9.99994E-1	2.60824E-9
2.55500E+0	1.00000E+0	2.51630E-9
2.56000E+0	9.99992E-1	2.47435E-9
2.56500E+0	1.00001E+0	2.49024E-9
2.57000E+0	9.99996E-1	2.44106E-9
2.57500E+0	1.00001E+0	2.41900E-9
2.58000E+0	1.00001E+0	2.52927E-9
2.58500E+0	9.99994E-1	2.55339E-9
2.59000E+0	9.99994E-1	2.54416E-9
2.59500E+0	1.00000E+0	2.44231E-9
2.60000E+0	1.00000E+0	2.42411E-9
2.60500E+0	1.00000E+0	2.62189E-9
2.61000E+0	1.00000E+0	2.30050E-9
2.61500E+0	1.00000E+0	2.56174E-9
2.62000E+0	1.00000E+0	2.46880E-9
2.62500E+0	9.99993E-1	2.66216E-9
2.63000E+0	1.00000E+0	2.45721E-9
2.63500E+0	1.00000E+0	2.50246E-9
2.64000E+0	1.00000E+0	2.46419E-9
2.64500E+0	9.99994E-1	2.41158E-9
2.65000E+0	1.00000E+0	2.50140E-9
2.65500E+0	9.99995E-1	2.61179E-9
2.66000E+0	1.00001E+0	2.45322E-9
2.66500E+0	9.99989E-1	2.54790E-9
2.67000E+0	1.00001E+0	2.40236E-9
2.67500E+0	1.00001E+0	2.46363E-9
2.68000E+0	9.99993E-1	2.50577E-9
2.68500E+0	1.00000E+0	2.57146E-9
2.69000E+0	9.99996E-1	2.53575E-9
2.69500E+0	9.99996E-1	2.30219E-9
2.70000E+0	1.00001E+0	2.65967E-9
2.70500E+0	9.99984E-1	2.49398E-9
2.71000E+0	1.00001E+0	2.40778E-9
2.71500E+0	9.99993E-1	2.57639E-9
2.72000E+0	1.00000E+0	2.54535E-9
2.72500E+0	1.00000E+0	2.50009E-9
2.73000E+0	9.99996E-1	2.40073E-9
2.73500E+0	9.99999E-1	2.43633E-9
2.74000E+0	1.00001E+0	2.55326E-9
2.74500E+0	9.99998E-1	2.62987E-9
2.75000E+0	9.99991E-1	2.49330E-9
2.75500E+0	1.00000E+0	2.49872E-9
2.76000E+0	1.00001E+0	2.48856E-9
2.76500E+0	9.99996E-1	2.33105E-9
2.77000E+0	1.00001E+0	2.55732E-9
2.77500E+0	9.99993E-1	2.58624E-9
2.78000E+0	9.99997E-1	2.51368E-9
2.78500E+0	9.99999E-1	2.43745E-9
2.79000E+0	1.00000E+0	2.61117E-9
2.79500E+0	1.00000E+0	2.47348E-9
2.80000E+0	9.99991E-1	2.49579E-9
2.80500E+0	1.00000E+0	2.44518E-9
2.81000E+0	1.00000E+0	2.50577E-9
2.81500E+0	1.00001E+0	2.60070E-9
2.82000E+0	9.99996E-1	2.42735E-9
2.82500E+0	9.99993E-1	2.51973E-9
2.83000E+0	1.00001E+0	2.55189E-9
2.83500E+0	9.99997E-1	2.54815E-9
2.84000E+0	1.00000E+0	2.34544E-9
2.84500E+0	9.99988E-1	2.61797E-9
2.85000E+0	1.00000E+0	2.43427E-9
2.85500E+0	1.00001E+0	2.57882E-9
2.86000E+0	1.00000E+0	2.42629E-9
2.86500E+0	9.99992E-1	2.43122E-9
2.87000E+0	1.00000E+0	2.65393E-9
2.87500E+0	9.99996E-1	2.44480E-9
2.88000E+0	9.99996E-1	2.62981E-9
2.88500E+0	1.00001E+0	2.40528E-9
2.89000E+0	9.99999E-1	2.58194E-9
2.89500E+0	1.00000E+0	2.44063E-9
2.90000E+0	1.00000E+0	2.57651E-9
2.90500E+0	9.99990E-1	2.49261E-9
2.91000E+0	9.99999E-1	2.57545E-9
2.91500E+0	1.00000E+0	2.35847E-9
2.92000E+0	1.00001E+0	2.62713E-9
2.92500E+0	9.99995E-1	2.55738E-9
2.93000E+0	9.99993E-1	2.48301E-9
2.93500E+0	1.00001E+0	2.44424E-9
2.94000E+0	1.00000E+0	2.64751E-9
2.94500E+0	9.99994E-1	2.39718E-9
2.95000E+0	1.00001E+0	2.48102E-9
2.95500E+0	9.99996E-1	2.63635E-9
2.96000E+0	1.00000E+0	2.49293E-9
2.96500E+0	1.00000E+0	2.57577E-9
2.97000E+0	9.99995E-1	2.55015E-9
2.97500E+0	1.00001E+0	2.40211E-9
2.98000E+0	9.99993E-1	2.45895E-9
2.98500E+0	1.00001E+0	2.55688E-9
2.99000E+0	9.99995E-1	2.64938E-9
2.99500E+0	9.99999E-1	2.39026E-9
3.00000E+0	1.00001E+0	2.56024E-9
3.00500E+0	9.99990E-1	2.61117E-9
3.01000E+0	9.99999E-1	2.38147E-9
3.01500E+0	9.99997E-1	2.64028E-9
3.02000E+0	9.99996E-1	2.34700E-9
3.02500E+0	1.00001E+0	2.54404E-9
3.03000E+0	1.00000E+0	2.53774E-9
3.03500E+0	9.99999E-1	2.58985E-9
3.04000E+0	1.00001E+0	2.37312E-9
3.04500E+0	9.99993E-1	2.67475E-9
3.05000E+0	1.00000E+0	2.52883E-9
3.05500E+0	9.99995E-1	2.42654E-9
3.06000E+0	1.00001E+0	2.54516E-9
3.06500E+0	9.99995E-1	2.57090E-9
3.07000E+0	1.00000E+0	2.53718E-9
3.07500E+0	9.99993E-1	2.55301E-9
3.08000E+0	1.00000E+0	2.39132E-9
3.08500E+0	1.00000E+0	2.49118E-9
3.09000E+0	1.00001E+0	2.54067E-9
3.09500E+0	1.00000E+0	2.53238E-9
3.10000E+0	9.99993E-1	2.67182E-9
3.10500E+0	9.99990E-1	2.42355E-9
3.11000E+0	1.00001E+0	2.49317E-9
3.11500E+0	1.00000E+0	2.46076E-9
3.12000E+0	1.00000E+0	2.72992E-9
3.12500E+0	9.99997E-1	2.36907E-9
3.13000E+0	1.00000E+0	2.69981E-9
3.13500E+0	1.00000E+0	2.33796E-9
3.14000E+0	9.99985E-1	2.56062E-9
3.14500E+0	1.00001E+0	2.43184E-9
3.15000E+0	1.00001E+0	2.70635E-9
3.15500E+0	9.99996E-1	2.36408E-9
3.16000E+0	1.00001E+0	2.51393E-9
3.16500E+0	9.99990E-1	2.62825E-9
3.17000E+0	1.00000E+0	2.48146E-9
3.17500E+0	1.00001E+0	2.47853E-9
3.18000E+0	9.99989E-1	2.49199E-9
3.18500E+0	1.00001E+0	2.54435E-9
3.19000E+0	9.99992E-1	2.56498E-9
3.19500E+0	1.00000E+0	2.55732E-9
3.20000E+0	9.99994E-1	2.46575E-9
3.20500E+0	1.00001E+0	2.63442E-9
3.21000E+0	9.99995E-1	2.46675E-9
3.21500E+0	9.99993E-1	2.48594E-9
3.22000E+0	1.00001E+0	2.52652E-9
3.22500E+0	1.00001E+0	2.47840E-9
3.23000E+0	9.99987E-1	2.53232E-9
3.23500E+0	1.00001E+0	2.63629E-9
3.24000E+0	1.00000E+0	2.51742E-9
3.24500E+0	9.99996E-1	2.48245E-9
3.25000E+0	1.00000E+0	2.45665E-9
3.25500E+0	1.00001E+0	2.45908E-9
3.26000E+0	9.99997E-1	2.58262E-9
3.26500E+0	1.00001E+0	2.52041E-9
3.27000E+0	9.99999E-1	2.68011E-9
3.27500E+0	9.99998E-1	2.42972E-9
3.28000E+0	1.00001E+0	2.58992E-9
3.28500E+0	9.99986E-1	2.56567E-9
3.29000E+0	1.00001E+0	2.33603E-9
3.29500E+0	1.00000E+0	2.79555E-9
3.30000E+0	9.99994E-1	2.42536E-9
3.30500E+0	1.00001E+0	2.56342E-9
3.31000E+0	9.99990E-1	2.41333E-9
3.31500E+0	1.00001E+0	2.67294E-9
3.32000E+0	9.99995E-1	2.55463E-9
3.32500E+0	1.00000E+0	2.53045E-9
3.33000E+0	9.99991E-1	2.48638E-9
3.33500E+0	1.00001E+0	2.43034E-9
3.34000E+0	1.00000E+0	2.69470E-9
3.34500E+0	1.00000E+0	2.48943E-9
3.35000E+0	9.99987E-1	2.56049E-9
3.35500E+0	1.00000E+0	2.43072E-9
3.36000E+0	1.00001E+0	2.59783E-9
3.36500E+0	9.99994E-1	2.51306E-9
3.37000E+0	1.00000E+0	2.41046E-9
3.37500E+0	1.00001E+0	2.67425E-9
3.38000E+0	9.99993E-1	2.38228E-9
3.38500E+0	1.00000E+0	2.67232E-9
3.39000E+0	9.99999E-1	2.40828E-9
3.39500E+0	9.99998E-1	2.67893E-9
3.40000E+0	1.00001E+0	2.47192E-9
3.40500E+0	9.99989E-1	2.57664E-9
3.41000E+0	9.99991E-1	2.41501E-9
3.41500E+0	1.00001E+0	2.51823E-9
3.42000E+0	9.99989E-1	2.55021E-9
3.42500E+0	1.00002E+0	2.53886E-9
3.43000E+0	9.99990E-1	2.55813E-9
3.43500E+0	1.00001E+0	2.60581E-9
3.44000E+0	1.00000E+0	2.59328E-9
3.44500E+0	1.00000E+0	2.47030E-9
3.45000E+0	9.99989E-1	2.64246E-9
3.45500E+0	9.99998E-1	2.47042E-9
3.46000E+0	1.00000E+0	2.58829E-9
3.46500E+0	1.00001E+0	2.49866E-9
3.47000E+0	9.99988E-1	2.48968E-9
3.47500E+0	1.00001E+0	2.61466E-9
3.48000E+0	1.00000E+0	2.46463E-9
3.48500E+0	9.99988E-1	2.58019E-9
3.49000E+0	9.99997E-1	2.51861E-9
3.49500E+0	1.00001E+0	2.58823E-9
3.50000E+0	1.00001E+0	2.41950E-9
3.50500E+0	9.99999E-1	2.71433E-9
3.51000E+0	9.99994E-1	2.50826E-9
3.51500E+0	9.99997E-1	2.56754E-9
3.52000E+0	9.99996E-1	2.35698E-9
3.52500E+0	1.00000E+0	2.60413E-9
3.53000E+0	1.00001E+0	2.61211E-9
3.53500E+0	9.99981E-1	2.60768E-9
3.54000E+0	1.00001E+0	2.40946E-9
3.54500E+0	9.99996E-1	2.45359E-9
3.55000E+0	1.00001E+0	2.66490E-9
3.55500E+0	9.99998E-1	2.48445E-9
3.56000E+0	9.99993E-1	2.59465E-9
3.56500E+0	1.00001E+0	2.46961E-9
3.57000E+0	1.00001E+0	2.63878E-9
3.57500E+0	9.99995E-1	2.56835E-9
3.58000E+0	9.99992E-1	2.45883E-9
3.58500E+0	1.00000E+0	2.55813E-9
3.59000E+0	9.99992E-1	2.53089E-9
3.59500E+0	1.00001E+0	2.62052E-9
3.60000E+0	9.99985E-1	2.51100E-9
3.60500E+0	9.99999E-1	2.56317E-9
3.61000E+0	1.00000E+0	2.60618E-9
3.61500E+0	9.99998E-1	2.51212E-9
3.62000E+0	1.00000E+0	2.51780E-9
3.62500E+0	9.99989E-1	2.58287E-9
3.63000E+0	1.00002E+0	2.54603E-9
3.63500E+0	9.99994E-1	2.46668E-9
3.64000E+0	1.00001E+0	2.59945E-9
3.64500E+0	1.00000E+0	2.43888E-9
3.65000E+0	9.99995E-1	2.71602E-9
3.65500E+0	1.00000E+0	2.45783E-9
3.66000E+0	1.00000E+0	2.51593E-9
3.66500E+0	1.00000E+0	2.59858E-9
3.67000E+0	9.99987E-1	2.53793E-9
3.67500E+0	1.00001E+0	2.59253E-9
3.68000E+0	9.99998E-1	2.55763E-9
3.68500E+0	9.99989E-1	2.58898E-9
3.69000E+0	9.99999E-1	2.50190E-9
3.69500E+0	1.00001E+0	2.46126E-9
3.70000E+0	9.99993E-1	2.66415E-9
3.70500E+0	9.99992E-1	2.44237E-9
3.71000E+0	1.00001E+0	2.46918E-9
3.71500E+0	9.99999E-1	2.57371E-9
3.72000E+0	1.00001E+0	2.57346E-9
3.72500E+0	9.99993E-1	2.62139E-9
3.73000E+0	1.00000E+0	2.41513E-9
3.73500E+0	9.99987E-1	2.59141E-9
3.74000E+0	1.00002E+0	2.44910E-9
3.74500E+0	9.99996E-1	2.61884E-9
3.75000E+0	1.00000E+0	2.57165E-9
3.75500E+0	1.00000E+0	2.56617E-9
3.76000E+0	9.99991E-1	2.66197E-9
3.76500E+0	1.00001E+0	2.41576E-9
3.77000E+0	1.00001E+0	2.43658E-9
3.77500E+0	1.00000E+0	2.67618E-9
3.78000E+0	1.00000E+0	2.67868E-9
3.78500E+0	9.99996E-1	2.42355E-9
3.79000E+0	1.00001E+0	2.53450E-9
3.79500E+0	9.99998E-1	2.50982E-9
3.80000E+0	1.00001E+0	2.59789E-9
3.80500E+0	9.99990E-1	2.65705E-9
3.81000E+0	9.99995E-1	2.57988E-9
3.81500E+0	9.99999E-1	2.40310E-9
3.82000E+0	9.99997E-1	2.64265E-9
3.82500E+0	9.99996E-1	2.44412E-9
3.83000E+0	1.00001E+0	2.46537E-9
3.83500E+0	9.99992E-1	2.68585E-9
3.84000E+0	1.00001E+0	2.42723E-9
3.84500E+0	1.00001E+0	2.53163E-9
3.85000E+0	1.00001E+0	2.64776E-9
3.85500E+0	9.99998E-1	2.63423E-9
3.86000E+0	9.99982E-1	2.56729E-9
3.86500E+0	1.00001E+0	2.39519E-9
3.87000E+0	9.99987E-1	2.75354E-9
3.87500E+0	1.00001E+0	2.51842E-9
3.88000E+0	9.99995E-1	2.45222E-9
3.88500E+0	1.00001E+0	2.53032E-9
3.89000E+0	1.00000E+0	2.61634E-9
3.89500E+0	9.99987E-1	2.59634E-9
3.90000E+0	9.99985E-1	2.53992E-9
3.90500E+0	1.00002E+0	2.48875E-9
3.91000E+0	1.00000E+0	2.65075E-9
3.91500E+0	9.99998E-1	2.50408E-9
3.92000E+0	9.99993E-1	2.60033E-9
3.92500E+0	1.00000E+0	2.59659E-9
3.93000E+0	1.00000E+0	2.53724E-9
3.93500E+0	9.99994E-1	2.41065E-9
3.94000E+0	9.99996E-1	2.63891E-9
3.94500E+0	1.00000E+0	2.43240E-9
3.95000E+0	9.99998E-1	2.60924E-9
3.95500E+0	1.00001E+0	2.52540E-9
3.96000E+0	9.99998E-1	2.49648E-9
3.96500E+0	1.00000E+0	2.72898E-9
3.97000E+0	9.99989E-1	2.57508E-9
3.97500E+0	1.00001E+0	2.54728E-9
3.98000E+0	1.00000E+0	2.42480E-9
3.98500E+0	1.00001E+0	2.58044E-9
3.99000E+0	9.99987E-1	2.50390E-9
3.99500E+0	1.00000E+0	2.66098E-9
4.00000E+0	1.00000E+0	2.48071E-9
4.00500E+0	9.99989E-1	2.45902E-9
4.01000E+0	1.00001E+0	2.62950E-9
4.01500E+0	9.99991E-1	2.55919E-9
4.02000E+0	1.00001E+0	2.57327E-9
4.02500E+0	9.99982E-1	2.59079E-9
4.03000E+0	1.00001E+0	2.64439E-9
4.03500E+0	9.99990E-1	2.48769E-9
4.04000E+0	9.99996E-1	2.55962E-9
4.04500E+0	1.00001E+0	2.52559E-9
4.05000E+0	9.99994E-1	2.52995E-9
4.05500E+0	1.00001E+0	2.45989E-9
4.06000E+0	1.00000E+0	2.61298E-9
4.06500E+0	9.99988E-1	2.61329E-9
4.07000E+0	1.00001E+0	2.55152E-9
4.07500E+0	1.00000E+0	2.40460E-9
4.08000E+0	1.00000E+0	2.53868E-9
4.08500E+0	9.99992E-1	2.68865E-9
4.09000E+0	1.00002E+0	2.53662E-9
4.09500E+0	9.99992E-1	2.55825E-9
4.10000E+0	9.99996E-1	2.52933E-9
4.10500E+0	1.00001E+0	2.57022E-9
4.11000E+0	9.99992E-1	2.55314E-9
4.11500E+0	1.00000E+0	2.65748E-9
4.12000E+0	9.99997E-1	2.39494E-9
4.12500E+0	1.00001E+0	2.62788E-9
4.13000E+0	1.00000E+0	2.51169E-9
4.13500E+0	9.99996E-1	2.51262E-9
4.14000E+0	1.00001E+0	2.60992E-9
4.14500E+0	9.99989E-1	2.52696E-9
4.15000E+0	1.00000E+0	2.58200E-9
4.15500E+0	9.99992E-1	2.42897E-9
4.16000E+0	1.00001E+0	2.73590E-9
4.16500E+0	1.00000E+0	2.44200E-9
4.17000E+0	1.00001E+0	2.60575E-9
4.17500E+0	9.99990E-1	2.44025E-9
4.18000E+0	9.99995E-1	2.64103E-9
4.18500E+0	1.00001E+0	2.59683E-9
4.19000E+0	9.99994E-1	2.56236E-9
4.19500E+0	1.00000E+0	2.45060E-9
4.20000E+0	9.99992E-1	2.54335E-9
4.20500E+0	1.00001E+0	2.65586E-9
4.21000E+0	1.00000E+0	2.45453E-9
4.21500E+0	9.99991E-1	2.66852E-9
4.22000E+0	9.99997E-1	2.55482E-9
4.22500E+0	1.00000E+0	2.41382E-9
4.23000E+0	1.00001E+0	2.54971E-9
4.23500E+0	9.99997E-1	2.53450E-9
4.24000E+0	9.99995E-1	2.64427E-9
4.24500E+0	9.99998E-1	2.45839E-9
4.25000E+0	9.99997E-1	2.63517E-9
4.25500E+0	1.00002E+0	2.52983E-9
4.26000E+0	9.99985E-1	2.62569E-9
4.26500E+0	1.00001E+0	2.47366E-9
4.27000E+0	9.99988E-1	2.63935E-9
4.27500E+0	1.00002E+0	2.54853E-9
4.28000E+0	9.99989E-1	2.57228E-9
4.28500E+0	1.00000E+0	2.51586E-9
4.29000E+0	9.99992E-1	2.58761E-9
4.29500E+0	9.99999E-1	2.60911E-9
4.30000E+0	1.00001E+0	2.51530E-9
4.30500E+0	9.99996E-1	2.45983E-9
4.31000E+0	1.00000E+0	2.64876E-9
4.31500E+0	1.00000E+0	2.45696E-9
4.32000E+0	9.99997E-1	2.71439E-9
4.32500E+0	9.99997E-1	2.54211E-9
4.33000E+0	1.00001E+0	2.53600E-9
4.33500E+0	1.00001E+0	2.44549E-9
4.34000E+0	9.99992E-1	2.66029E-9
4.34500E+0	1.00001E+0	2.38771E-9
4.35000E+0	9.99993E-1	2.66241E-9
4.35500E+0	1.00001E+0	2.48688E-9
4.36000E+0	9.99999E-1	2.52172E-9
4.36500E+0	9.99997E-1	2.63043E-9
4.37000E+0	1.00000E+0	2.61435E-9
4.37500E+0	1.00001E+0	2.50832E-9
4.38000E+0	9.99997E-1	2.56236E-9
4.38500E+0	9.99998E-1	2.64894E-9
4.39000E+0	1.00000E+0	2.52652E-9
4.39500E+0	9.99995E-1	2.59390E-9
4.40000E+0	1.00000E+0	2.50845E-9
4.40500E+0	9.99998E-1	2.38247E-9
4.41000E+0	1.00001E+0	2.74138E-9
4.41500E+0	9.99995E-1	2.43227E-9
4.42000E+0	1.00001E+0	2.56754E-9
4.42500E+0	9.99998E-1	2.54797E-9
4.43000E+0	1.00000E+0	2.54709E-9
4.43500E+0	9.99993E-1	2.56523E-9
4.44000E+0	1.00001E+0	2.55195E-9
4.44500E+0	9.99994E-1	2.56598E-9
4.45000E+0	1.00001E+0	2.63062E-9
4.45500E+0	9.99988E-1	2.49536E-9
4.46000E+0	9.99994E-1	2.54634E-9
4.46500E+0	1.00000E+0	2.60350E-9
4.47000E+0	1.00001E+0	2.42180E-9
4.47500E+0	9.99999E-1	2.72318E-9
4.48000E+0	9.99995E-1	2.56106E-9
4.48500E+0	9.99998E-1	2.40117E-9
4.49000E+0	1.00001E+0	2.58530E-9
4.49500E+0	9.99995E-1	2.65044E-9
4.50000E+0	1.00001E+0	2.54304E-9
4.50500E+0	9.99995E-1	2.49878E-9
4.51000E+0	9.99995E-1	2.66989E-9
4.51500E+0	1.00001E+0	2.58356E-9
4.52000E+0	9.99985E-1	2.51025E-9
4.52500E+0	1.00001E+0	2.44162E-9
4.53000E+0	9.99997E-1	2.66091E-9
4.53500E+0	1.00000E+0	2.59129E-9
4.54000E+0	1.00000E+0	2.33373E-9
4.54500E+0	1.00000E+0	2.77081E-9
4.55000E+0	1.00001E+0	2.34457E-9
4.55500E+0	9.99992E-1	2.74157E-9
4.56000E+0	1.00000E+0	2.58730E-9
4.56500E+0	9.99999E-1	2.39475E-9
4.57000E+0	1.00000E+0	2.63748E-9
4.57500E+0	9.99990E-1	2.63130E-9
4.58000E+0	1.00000E+0	2.48756E-9
4.58500E+0	1.00000E+0	2.60625E-9
4.59000E+0	9.99991E-1	2.38509E-9
4.59500E+0	1.00002E+0	2.52116E-9
4.60000E+0	9.99997E-1	2.74756E-9
4.60500E+0	1.00000E+0	2.37094E-9
4.61000E+0	1.00001E+0	2.57602E-9
4.61500E+0	9.99994E-1	2.69245E-9
4.62000E+0	1.00002E+0	2.41270E-9
4.62500E+0	9.99991E-1	2.58960E-9
4.63000E+0	1.00000E+0	2.57732E-9
4.63500E+0	9.99998E-1	2.66802E-9
4.64000E+0	9.99998E-1	2.51069E-9
4.64500E+0	9.99999E-1	2.56374E-9
4.65000E+0	9.99993E-1	2.61248E-9
4.65500E+0	1.00000E+0	2.50751E-9
4.66000E+0	1.00000E+0	2.56523E-9
4.66500E+0	9.99999E-1	2.46943E-9
4.67000E+0	1.00000E+0	2.58069E-9
4.67500E+0	9.99996E-1	2.67631E-9
4.68000E+0	9.99995E-1	2.50427E-9
4.68500E+0	1.00001E+0	2.43065E-9
4.69000E+0	1.00000E+0	2.55682E-9
4.69500E+0	1.00000E+0	2.61472E-9
4.70000E+0	9.99992E-1	2.50963E-9
4.70500E+0	1.00000E+0	2.63255E-9
4.71000E+0	1.00000E+0	2.54086E-9
4.71500E+0	1.00000E+0	2.52322E-9
4.72000E+0	9.99992E-1	2.57570E-9
4.72500E+0	1.00000E+0	2.53425E-9
4.73000E+0	1.00001E+0	2.60388E-9
4.73500E+0	1.00000E+0	2.58094E-9
4.74000E+0	9.99989E-1	2.53157E-9
4.74500E+0	1.00001E+0	2.54055E-9
4.75000E+0	9.99987E-1	2.54759E-9
4.75500E+0	1.00001E+0	2.59496E-9
4.76000E+0	1.00000E+0	2.64327E-9
4.76500E+0	9.99992E-1	2.35255E-9
4.77000E+0	1.00000E+0	2.59066E-9
4.77500E+0	1.00000E+0	2.50957E-9
4.78000E+0	1.00001E+0	2.59297E-9
4.78500E+0	9.99992E-1	2.55382E-9
4.79000E+0	9.99999E-1	2.64003E-9
4.79500E+0	1.00000E+0	2.38833E-9
4.80000E+0	1.00001E+0	2.55813E-9
4.80500E+0	9.99987E-1	2.67936E-9
4.81000E+0	1.00001E+0	2.42610E-9
4.81500E+0	9.99990E-1	2.62557E-9
4.82000E+0	1.00000E+0	2.48426E-9
4.82500E+0	1.00000E+0	2.49336E-9
4.83000E+0	1.00001E+0	2.60469E-9
4.83500E+0	9.99986E-1	2.59702E-9
4.84000E+0	9.99998E-1	2.53949E-9
4.84500E+0	1.00000E+0	2.68878E-9
4.85000E+0	9.99998E-1	2.47310E-9
4.85500E+0	1.00001E+0	2.55195E-9
4.86000E+0	1.00000E+0	2.55158E-9
4.86500E+0	9.99995E-1	2.49741E-9
4.87000E+0	9.99997E-1	2.56255E-9
4.87500E+0	9.99996E-1	2.62968E-9
4.88000E+0	1.00001E+0	2.47248E-9
4.88500E+0	9.99994E-1	2.60569E-9
4.89000E+0	9.99999E-1	2.64153E-9
4.89500E+0	9.99998E-1	2.43115E-9
4.90000E+0	1.00000E+0	2.59347E-9
4.90500E+0	1.00001E+0	2.60407E-9
4.91000E+0	9.99996E-1	2.50296E-9
4.91500E+0	1.00000E+0	2.66253E-9
4.92000E+0	1.00000E+0	2.50757E-9
4.92500E+0	9.99990E-1	2.55738E-9
4.93000E+0	1.00001E+0	2.44636E-9
4.93500E+0	9.99995E-1	2.50589E-9
4.94000E+0	1.00000E+0	2.56542E-9
4.94500E+0	9.99999E-1	2.71290E-9
4.95000E+0	1.00000E+0	2.48289E-9
4.95500E+0	1.00001E+0	2.55289E-9
4.96000E+0	9.99997E-1	2.60936E-9
4.96500E+0	1.00000E+0	2.57489E-9
4.97000E+0	1.00000E+0	2.39924E-9
4.97500E+0	9.99997E-1	2.56374E-9
4.98000E+0	9.99999E-1	2.69632E-9
4.98500E+0	9.99998E-1	2.43608E-9
4.99000E+0	1.00000E+0	2.60868E-9
4.99500E+0	9.99993E-1	2.47890E-9
5.00000E+0	9.99994E-1	2.58537E-9
5.00500E+0	1.00000E+0	2.54871E-9
5.01000E+0	9.99996E-1	2.65268E-9
5.01500E+0	1.00000E+0	2.47828E-9
5.02000E+0	9.99997E-1	2.61130E-9
5.02500E+0	1.00000E+0	2.45740E-9
5.03000E+0	9.99993E-1	2.60469E-9
5.03500E+0	1.00001E+0	2.50028E-9
5.04000E+0	1.00000E+0	2.58929E-9
5.04500E+0	9.99984E-1	2.63180E-9
5.05000E+0	1.00001E+0	2.50720E-9
5.05500E+0	9.99996E-1	2.57271E-9
5.06000E+0	9.99998E-1	2.42155E-9
5.06500E+0	9.99997E-1	2.67537E-9
5.07000E+0	1.00001E+0	2.37287E-9
5.07500E+0	9.99989E-1	2.66895E-9
5.08000E+0	1.00001E+0	2.58736E-9
5.08500E+0	9.99991E-1	2.47678E-9
5.09000E+0	1.00000E+0	2.54547E-9
5.09500E+0	1.00001E+0	2.59297E-9
5.10000E+0	9.99983E-1	2.56922E-9
5.10500E+0	1.00001E+0	2.58169E-9
5.11000E+0	9.99996E-1	2.55750E-9
5.11500E+0	1.00001E+0	2.50670E-9
5.12000E+0	1.00000E+0	2.63037E-9
5.12500E+0	1.00000E+0	2.50028E-9
5.13000E+0	9.99990E-1	2.43477E-9
5.13500E+0	1.00001E+0	2.69258E-9
5.14000E+0	9.99994E-1	2.47535E-9
5.14500E+0	1.00001E+0	2.60600E-9
5.15000E+0	1.00000E+0	2.53163E-9
5.15500E+0	9.99986E-1	2.69040E-9
5.16000E+0	1.00000E+0	2.47772E-9
5.16500E+0	1.00000E+0	2.48276E-9
5.17000E+0	9.99990E-1	2.57626E-9
5.17500E+0	1.00000E+0	2.64514E-9
5.18000E+0	9.99992E-1	2.42130E-9
5.18500E+0	1.00000E+0	2.50284E-9
5.19000E+0	1.00000E+0	2.71944E-9
5.19500E+0	9.99999E-1	2.53531E-9
5.20000E+0	1.00000E+0	2.51780E-9
5.20500E+0	9.99992E-1	2.58574E-9
5.21000E+0	9.99999E-1	2.56573E-9
5.21500E+0	9.99999E-1	2.60076E-9
5.22000E+0	9.99991E-1	2.47846E-9
5.22500E+0	1.00001E+0	2.54859E-9
5.23000E+0	9.99997E-1	2.42211E-9
5.23500E+0	1.00000E+0	2.55719E-9
5.24000E+0	1.00001E+0	2.59179E-9
5.24500E+0	1.00001E+0	2.48183E-9
5.25000E+0	1.00000E+0	2.56648E-9
5.25500E+0	9.99994E-1	2.69532E-9
5.26000E+0	1.00000E+0	2.39388E-9
5.26500E+0	9.99996E-1	2.57994E-9
5.27000E+0	1.00001E+0	2.58268E-9
5.27500E+0	9.99991E-1	2.54697E-9
5.28000E+0	1.00001E+0	2.55476E-9
5.28500E+0	9.99986E-1	2.47117E-9
5.29000E+0	1.00001E+0	2.53020E-9
5.29500E+0	9.99990E-1	2.62962E-9
5.30000E+0	1.00001E+0	2.64726E-9
5.30500E+0	1.00000E+0	2.41507E-9
5.31000E+0	1.00000E+0	2.58343E-9
5.31500E+0	9.99998E-1	2.45147E-9
5.32000E+0	9.99997E-1	2.58923E-9
5.32500E+0	1.00000E+0	2.68622E-9
5.33000E+0	1.00001E+0	2.45384E-9
5.33500E+0	1.00000E+0	2.60481E-9
5.34000E+0	9.99990E-1	2.46812E-9
5.34500E+0	9.99994E-1	2.62725E-9
5.35000E+0	9.99997E-1	2.55177E-9
5.35500E+0	1.00000E+0	2.41195E-9
5.36000E+0	1.00001E+0	2.53724E-9
5.36500E+0	9.99993E-1	2.68977E-9
5.37000E+0	1.00001E+0	2.53388E-9
5.37500E+0	9.99991E-1	2.52802E-9
5.38000E+0	1.00001E+0	2.53899E-9
5.38500E+0	9.99995E-1	2.56043E-9
5.39000E+0	1.00001E+0	2.51611E-9
5.39500E+0	9.99989E-1	2.53812E-9
5.40000E+0	9.99998E-1	2.47441E-9
5.40500E+0	9.99992E-1	2.55632E-9
5.41000E+0	1.00001E+0	2.57016E-9
5.41500E+0	1.00000E+0	2.47429E-9
5.42000E+0	9.99993E-1	2.59378E-9
5.42500E+0	1.00000E+0	2.59334E-9
5.43000E+0	9.99992E-1	2.43782E-9
5.43500E+0	1.00001E+0	2.66260E-9
5.44000E+0	9.99994E-1	2.49935E-9
5.44500E+0	1.00001E+0	2.41333E-9
5.45000E+0	9.99993E-1	2.66422E-9
5.45500E+0	1.00001E+0	2.52409E-9
5.46000E+0	9.99993E-1	2.64383E-9
5.46500E+0	1.00000E+0	2.48869E-9
5.47000E+0	9.99998E-1	2.49635E-9
5.47500E+0	9.99993E-1	2.62021E-9
5.48000E+0	9.99999E-1	2.60338E-9
5.48500E+0	1.00000E+0	2.38203E-9
5.49000E+0	9.99998E-1	2.65237E-9
5.49500E+0	9.99999E-1	2.44268E-9
5.50000E+0	9.99999E-1	2.61715E-9
5.50500E+0	9.99996E-1	2.58100E-9
5.51000E+0	1.00000E+0	2.51674E-9
5.51500E+0	9.99995E-1	2.43134E-9
5.52000E+0	1.00001E+0	2.56772E-9
5.52500E+0	9.99995E-1	2.59690E-9
5.53000E+0	1.00001E+0	2.46974E-9
5.53500E+0	9.99986E-1	2.55252E-9
5.54000E+0	1.00001E+0	2.46706E-9
5.54500E+0	1.00001E+0	2.68622E-9
5.55000E+0	9.99992E-1	2.47061E-9
5.55500E+0	1.00001E+0	2.57041E-9
5.56000E+0	9.99996E-1	2.45702E-9
5.56500E+0	1.00000E+0	2.53967E-9
5.57000E+0	9.99990E-1	2.65007E-9
5.57500E+0	9.99998E-1	2.48551E-9
5.58000E+0	1.00000E+0	2.49673E-9
5.58500E+0	1.00001E+0	2.59546E-9
5.59000E+0	9.99992E-1	2.38958E-9
5.59500E+0	1.00001E+0	2.76046E-9
5.60000E+0	1.00001E+0	2.40005E-9
5.60500E+0	9.99984E-1	2.57857E-9
5.61000E+0	1.00001E+0	2.60039E-9
5.61500E+0	1.00001E+0	2.44879E-9
5.62000E+0	9.99987E-1	2.52528E-9
5.62500E+0	9.99992E-1	2.72586E-9
5.63000E+0	1.00000E+0	2.46001E-9
5.63500E+0	1.00000E+0	2.62077E-9
5.64000E+0	1.00000E+0	2.42112E-9
5.64500E+0	9.99987E-1	2.66640E-9
5.65000E+0	1.00001E+0	2.42542E-9
5.65500E+0	9.99988E-1	2.54198E-9
5.66000E+0	1.00002E+0	2.38353E-9
5.66500E+0	9.99997E-1	2.74026E-9
5.67000E+0	1.00001E+0	2.34588E-9
5.67500E+0	9.99988E-1	2.63430E-9
5.68000E+0	1.00001E+0	2.55545E-9
5.68500E+0	9.99995E-1	2.54940E-9
5.69000E+0	1.00001E+0	2.55364E-9
5.69500E+0	9.99988E-1	2.44194E-9
5.70000E+0	1.00001E+0	2.45565E-9
5.70500E+0	1.00000E+0	2.64807E-9
5.71000E+0	1.00000E+0	2.61005E-9
5.71500E+0	9.99989E-1	2.57190E-9
5.72000E+0	9.99997E-1	2.47734E-9
5.72500E+0	1.00000E+0	2.61946E-9
5.73000E+0	1.00000E+0	2.43788E-9
5.73500E+0	9.99998E-1	2.50302E-9
5.74000E+0	1.00001E+0	2.60107E-9
5.74500E+0	9.99997E-1	2.62270E-9
5.75000E+0	1.00000E+0	2.41071E-9
5.75500E+0	9.99997E-1	2.61067E-9
5.76000E+0	9.99999E-1	2.45010E-9
5.76500E+0	1.00000E+0	2.58998E-9
5.77000E+0	1.00001E+0	2.48962E-9
5.77500E+0	9.99998E-1	2.55414E-9
5.78000E+0	1.00001E+0	2.60943E-9
5.78500E+0	9.99985E-1	2.58050E-9
5.79000E+0	1.00001E+0	2.56972E-9
5.79500E+0	9.99994E-1	2.39269E-9
5.80000E+0	1.00001E+0	2.62906E-9
5.80500E+0	9.99992E-1	2.63854E-9
5.81000E+0	9.99994E-1	2.46219E-9
5.81500E+0	1.00000E+0	2.48601E-9
5.82000E+0	9.99997E-1	2.65798E-9
5.82500E+0	9.99995E-1	2.46294E-9
5.83000E+0	1.00001E+0	2.53668E-9
5.83500E+0	9.99998E-1	2.46886E-9
5.84000E+0	9.99999E-1	2.58219E-9
5.84500E+0	1.00000E+0	2.47497E-9
5.85000E+0	9.99996E-1	2.64658E-9
5.85500E+0	1.00000E+0	2.58898E-9
5.86000E+0	9.99996E-1	2.52397E-9
5.86500E+0	1.00000E+0	2.54055E-9
5.87000E+0	9.99990E-1	2.51493E-9
5.87500E+0	1.00001E+0	2.54098E-9
5.88000E+0	9.99987E-1	2.50982E-9
5.88500E+0	1.00002E+0	2.44293E-9
5.89000E+0	9.99990E-1	2.56236E-9
5.89500E+0	1.00001E+0	2.58867E-9
5.90000E+0	9.99990E-1	2.49118E-9
5.90500E+0	1.00000E+0	2.46618E-9
5.91000E+0	1.00000E+0	2.57203E-9
5.91500E+0	9.99996E-1	2.56467E-9
5.92000E+0	9.99996E-1	2.65593E-9
5.92500E+0	1.00001E+0	2.34887E-9
5.93000E+0	9.99997E-1	2.53157E-9
5.93500E+0	9.99989E-1	2.61547E-9
5.94000E+0	1.00002E+0	2.53020E-9
5.94500E+0	9.99985E-1	2.53170E-9
5.95000E+0	1.00001E+0	2.59708E-9
5.95500E+0	9.99994E-1	2.36003E-9
5.96000E+0	1.00001E+0	2.59116E-9
5.96500E+0	9.99997E-1	2.46444E-9
5.97000E+0	9.99995E-1	2.59409E-9
5.97500E+0	1.00001E+0	2.57976E-9
5.98000E+0	1.00000E+0	2.46319E-9
5.98500E+0	1.00000E+0	2.50340E-9
5.99000E+0	1.00000E+0	2.68778E-9
5.99500E+0	9.99993E-1	2.59889E-9
6.00000E+0	1.00000E+0	2.40653E-9
6.00500E+0	9.99992E-1	2.48569E-9
6.01000E+0	1.00001E+0	2.46419E-9
6.01500E+0	1.00000E+0	2.60849E-9
6.02000E+0	1.00000E+0	2.59179E-9
6.02500E+0	1.00000E+0	2.44910E-9
6.03000E+0	1.00000E+0	2.40423E-9
6.03500E+0	9.99987E-1	2.65898E-9
6.04000E+0	1.00002E+0	2.38864E-9
6.04500E+0	9.99994E-1	2.53967E-9
6.05000E+0	1.00001E+0	2.69975E-9
6.05500E+0	9.99995E-1	2.38297E-9
6.06000E+0	1.00001E+0	2.65194E-9
6.06500E+0	1.00000E+0	2.45546E-9
6.07000E+0	9.99986E-1	2.51867E-9
6.07500E+0	1.00001E+0	2.61030E-9
6.08000E+0	9.99995E-1	2.51935E-9
6.08500E+0	9.99998E-1	2.57558E-9
6.09000E+0	9.99998E-1	2.53263E-9
6.09500E+0	1.00000E+0	2.39905E-9
6.10000E+0	9.99997E-1	2.48326E-9
6.10500E+0	1.00001E+0	2.59272E-9
6.11000E+0	9.99992E-1	2.51007E-9
6.11500E+0	1.00000E+0	2.54229E-9
6.12000E+0	1.00001E+0	2.62089E-9
6.12500E+0	9.99999E-1	2.46593E-9
6.13000E+0	9.99996E-1	2.61211E-9
6.13500E+0	1.00001E+0	2.42610E-9
6.14000E+0	9.99995E-1	2.48968E-9
6.14500E+0	9.99999E-1	2.63330E-9
6.15000E+0	1.00000E+0	2.39089E-9
6.15500E+0	1.00000E+0	2.66615E-9
6.16000E+0	9.99998E-1	2.42585E-9
6.16500E+0	1.00001E+0	2.61117E-9
6.17000E+0	9.99993E-1	2.33398E-9
6.17500E+0	1.00000E+0	2.63473E-9
6.18000E+0	9.99998E-1	2.40803E-9
6.18500E+0	1.00001E+0	2.51960E-9
6.19000E+0	1.00000E+0	2.52266E-9
6.19500E+0	9.99998E-1	2.61217E-9
6.20000E+0	1.00000E+0	2.57701E-9
6.20500E+0	9.99992E-1	2.41545E-9
6.21000E+0	1.00000E+0	2.60949E-9
6.21500E+0	9.99994E-1	2.53868E-9
6.22000E+0	1.00000E+0	2.38434E-9
6.22500E+0	1.00000E+0	2.62364E-9
6.23000E+0	1.00000E+0	2.54759E-9
6.23500E+0	9.99997E-1	2.39475E-9
6.24000E+0	1.00000E+0	2.64726E-9
6.24500E+0	9.99988E-1	2.48850E-9
6.25000E+0	1.00000E+0	2.50620E-9
6.25500E+0	9.99995E-1	2.54273E-9
6.26000E+0	1.00000E+0	2.46213E-9
6.26500E+0	1.00001E+0	2.42355E-9
6.27000E+0	9.99989E-1	2.74943E-9
6.27500E+0	1.00002E+0	2.38366E-9
6.28000E+0	9.99987E-1	2.57209E-9
6.28500E+0	1.00000E+0	2.52933E-9
6.29000E+0	1.00000E+0	2.51350E-9
6.29500E+0	1.00000E+0	2.43926E-9
6.30000E+0	1.00000E+0	2.63660E-9
6.30500E+0	9.99990E-1	2.48077E-9
6.31000E+0	1.00000E+0	2.55987E-9
6.31500E+0	1.00000E+0	2.40790E-9
6.32000E+0	1.00001E+0	2.44561E-9
6.32500E+0	1.00001E+0	2.53170E-9
6.33000E+0	9.99985E-1	2.49293E-9
6.33500E+0	1.00001E+0	2.49000E-9
6.34000E+0	1.00001E+0	2.64452E-9
6.34500E+0	1.00000E+0	2.43938E-9
6.35000E+0	9.99993E-1	2.66690E-9
6.35500E+0	1.00000E+0	2.36464E-9
6.36000E+0	1.00001E+0	2.55195E-9
6.36500E+0	9.99999E-1	2.63411E-9
6.37000E+0	9.99997E-1	2.54217E-9
6.37500E+0	9.99984E-1	2.35461E-9
6.38000E+0	1.00001E+0	2.57502E-9
6.38500E+0	9.99999E-1	2.52197E-9
6.39000E+0	1.00001E+0	2.35648E-9
6.39500E+0	9.99997E-1	2.57888E-9
6.40000E+0	1.00001E+0	2.50508E-9
6.40500E+0	1.00000E+0	2.62894E-9
6.41000E+0	9.99999E-1	2.45309E-9
6.41500E+0	9.99998E-1	2.56236E-9
6.42000E+0	1.00001E+0	2.51381E-9
6.42500E+0	9.99989E-1	2.54927E-9
6.43000E+0	9.99998E-1	2.59833E-9
6.43500E+0	9.99992E-1	2.48189E-9
6.44000E+0	1.00000E+0	2.54634E-9
6.44500E+0	9.99994E-1	2.35180E-9
6.45000E+0	1.00001E+0	2.58605E-9
6.45500E+0	9.99980E-1	2.51007E-9
6.46000E+0	1.00001E+0	2.51100E-9
6.46500E+0	1.00001E+0	2.59135E-9
6.47000E+0	9.99991E-1	2.50446E-9
6.47500E+0	1.00001E+0	2.43963E-9
6.48000E+0	1.00001E+0	2.46544E-9
6.48500E+0	9.99996E-1	2.64346E-9
6.49000E+0	1.00000E+0	2.51655E-9
6.49500E+0	9.99996E-1	2.54354E-9
6.50000E+0	9.99998E-1	2.45060E-9
6.50500E+0	1.00001E+0	2.46095E-9
6.51000E+0	1.00000E+0	2.64508E-9
6.51500E+0	1.00001E+0	2.35710E-9
6.52000E+0	1.00000E+0	2.57433E-9
6.52500E+0	9.99999E-1	2.43969E-9
6.53000E+0	9.99989E-1	2.66521E-9
6.53500E+0	1.00000E+0	2.38902E-9
6.54000E+0	9.99998E-1	2.43383E-9
6.54500E+0	1.00001E+0	2.74269E-9
6.55000E+0	9.99992E-1	2.49860E-9
6.55500E+0	1.00001E+0	2.40566E-9
6.56000E+0	9.99997E-1	2.45634E-9
6.56500E+0	9.99987E-1	2.53762E-9
6.57000E+0	1.00001E+0	2.69993E-9
6.57500E+0	9.99996E-1	2.28629E-9
6.58000E+0	1.00001E+0	2.58038E-9
6.58500E+0	1.00001E+0	2.52129E-9
6.59000E+0	9.99981E-1	2.59228E-9
6.59500E+0	1.00000E+0	2.49130E-9
6.60000E+0	9.99998E-1	2.57358E-9
6.60500E+0	1.00001E+0	2.30206E-9
6.61000E+0	9.99993E-1	2.58649E-9
6.61500E+0	1.00001E+0	2.47672E-9
6.62000E+0	9.99993E-1	2.52372E-9
6.62500E+0	9.99996E-1	2.51555E-9
6.63000E+0	1.00000E+0	2.56592E-9
6.63500E+0	1.00000E+0	2.52091E-9
6.64000E+0	9.99998E-1	2.48887E-9
6.64500E+0	1.00000E+0	2.38802E-9
6.65000E+0	9.99988E-1	2.47391E-9
6.65500E+0	1.00000E+0	2.70623E-9
6.66000E+0	1.00001E+0	2.47840E-9
6.66500E+0	9.99989E-1	2.50028E-9
6.67000E+0	9.99998E-1	2.54666E-9
6.67500E+0	1.00001E+0	2.30998E-9
6.68000E+0	1.00001E+0	2.65967E-9
6.68500E+0	9.99990E-1	2.43153E-9
6.69000E+0	1.00000E+0	2.56760E-9
6.69500E+0	9.99999E-1	2.51761E-9
6.70000E+0	9.99994E-1	2.51287E-9
6.70500E+0	1.00000E+0	2.48962E-9
6.71000E+0	1.00001E+0	2.35243E-9
6.71500E+0	1.00000E+0	2.56504E-9
6.72000E+0	9.99989E-1	2.49748E-9
6.72500E+0	1.00002E+0	2.60244E-9
6.73000E+0	1.00000E+0	2.43745E-9
6.73500E+0	9.99999E-1	2.55002E-9
6.74000E+0	9.99999E-1	2.46637E-9
6.74500E+0	9.99995E-1	2.64552E-9
6.75000E+0	9.99998E-1	2.43776E-9
6.75500E+0	1.00001E+0	2.52771E-9
6.76000E+0	1.00000E+0	2.37287E-9
6.76500E+0	9.99988E-1	2.53232E-9
6.77000E+0	1.00000E+0	2.62463E-9
6.77500E+0	1.00001E+0	2.49785E-9
6.78000E+0	9.99993E-1	2.36807E-9
6.78500E+0	1.00001E+0	2.58050E-9
6.79000E+0	9.99998E-1	2.59721E-9
6.79500E+0	9.99984E-1	2.40965E-9
6.80000E+0	1.00001E+0	2.40398E-9
6.80500E+0	1.00001E+0	2.66496E-9
6.81000E+0	9.99989E-1	2.42461E-9
6.81500E+0	1.00000E+0	2.58792E-9
6.82000E+0	1.00000E+0	2.36402E-9
6.82500E+0	1.00001E+0	2.64396E-9
6.83000E+0	9.99992E-1	2.56548E-9
6.83500E+0	9.99989E-1	2.37443E-9
6.84000E+0	1.00002E+0	2.48021E-9
6.84500E+0	9.99993E-1	2.58886E-9
6.85000E+0	1.00000E+0	2.50502E-9
6.85500E+0	9.99992E-1	2.57165E-9
6.86000E+0	9.99998E-1	2.45771E-9
6.86500E+0	1.00001E+0	2.50670E-9
6.87000E+0	9.99998E-1	2.52428E-9
6.87500E+0	9.99996E-1	2.52721E-9
6.88000E+0	9.99992E-1	2.37624E-9
6.88500E+0	1.00001E+0	2.46999E-9
6.89000E+0	9.99995E-1	2.53718E-9
6.89500E+0	1.00000E+0	2.54959E-9
6.90000E+0	9.99987E-1	2.37169E-9
6.90500E+0	1.00001E+0	2.62376E-9
6.91000E+0	1.00000E+0	2.38054E-9
6.91500E+0	9.99996E-1	2.47360E-9
6.92000E+0	1.00000E+0	2.58187E-9
6.92500E+0	9.99999E-1	2.50577E-9
6.93000E+0	1.00001E+0	2.51811E-9
6.93500E+0	9.99990E-1	2.44418E-9
6.94000E+0	9.99997E-1	2.58873E-9
6.94500E+0	9.99998E-1	2.44275E-9
6.95000E+0	1.00001E+0	2.39195E-9
6.95500E+0	9.99989E-1	2.62314E-9
6.96000E+0	1.00001E+0	2.41083E-9
6.96500E+0	9.99997E-1	2.41750E-9
6.97000E+0	9.99998E-1	2.58836E-9
6.97500E+0	1.00000E+0	2.48738E-9
6.98000E+0	1.00000E+0	2.52927E-9
6.98500E+0	9.99991E-1	2.47385E-9
6.99000E+0	1.00001E+0	2.52447E-9
6.99500E+0	1.00000E+0	2.47229E-9
7.00000E+0	9.99986E-1	2.53575E-9
7.00500E+0	1.00001E+0	2.38129E-9
7.01000E+0	9.99997E-1	2.67918E-9
7.01500E+0	9.99997E-1	2.48831E-9
7.02000E+0	9.99998E-1	2.43913E-9
7.02500E+0	1.00001E+0	2.45758E-9
7.03000E+0	9.99993E-1	2.57078E-9
7.03500E+0	1.00000E+0	2.40260E-9
7.04000E+0	9.99999E-1	2.44730E-9
7.04500E+0	1.00001E+0	2.51119E-9
7.05000E+0	9.99995E-1	2.54105E-9
7.05500E+0	1.00001E+0	2.49804E-9
7.06000E+0	1.00000E+0	2.66359E-9
7.06500E+0	9.99993E-1	2.45883E-9
7.07000E+0	9.99997E-1	2.37437E-9
7.07500E+0	1.00001E+0	2.55837E-9
7.08000E+0	9.99989E-1	2.54510E-9
7.08500E+0	9.99997E-1	2.44418E-9
7.09000E+0	1.00001E+0	2.51630E-9
7.09500E+0	1.00000E+0	2.44081E-9
7.10000E+0	9.99997E-1	2.58075E-9
7.10500E+0	9.99999E-1	2.53818E-9
7.11000E+0	9.99996E-1	2.41862E-9
7.11500E+0	9.99997E-1	2.48301E-9
7.12000E+0	9.99999E-1	2.43346E-9
7.12500E+0	1.00001E+0	2.59191E-9
7.13000E+0	9.99997E-1	2.45621E-9
7.13500E+0	1.00000E+0	2.48463E-9
7.14000E+0	9.99989E-1	2.41744E-9
7.14500E+0	9.99995E-1	2.60569E-9
7.15000E+0	1.00000E+0	2.47566E-9
7.15500E+0	1.00000E+0	2.38808E-9
7.16000E+0	1.00002E+0	2.57969E-9
7.16500E+0	9.99984E-1	2.55800E-9
7.17000E+0	1.00000E+0	2.28511E-9
7.17500E+0	9.99998E-1	2.66958E-9
7.18000E+0	1.00000E+0	2.35205E-9
7.18500E+0	9.99999E-1	2.51923E-9
7.19000E+0	1.00001E+0	2.48925E-9
7.19500E+0	9.99994E-1	2.55750E-9
7.20000E+0	1.00000E+0	2.43882E-9
7.20500E+0	9.99989E-1	2.62750E-9
7.21000E+0	1.00000E+0	2.42567E-9
7.21500E+0	9.99995E-1	2.57570E-9
7.22000E+0	1.00000E+0	2.54298E-9
7.22500E+0	1.00001E+0	2.32151E-9
7.23000E+0	1.00000E+0	2.48214E-9
7.23500E+0	9.99998E-1	2.47921E-9
7.24000E+0	9.99996E-1	2.62850E-9
7.24500E+0	1.00000E+0	2.32593E-9
7.25000E+0	9.99998E-1	2.53949E-9
7.25500E+0	9.99996E-1	2.60288E-9
7.26000E+0	9.99995E-1	2.55382E-9
7.26500E+0	1.00001E+0	2.29053E-9
7.27000E+0	1.00000E+0	2.65025E-9
7.27500E+0	9.99988E-1	2.37325E-9
7.28000E+0	1.00000E+0	2.48183E-9
7.28500E+0	1.00000E+0	2.52316E-9
7.29000E+0	9.99999E-1	2.45702E-9
7.29500E+0	1.00000E+0	2.59615E-9
7.30000E+0	9.99994E-1	2.48270E-9
7.30500E+0	9.99988E-1	2.44455E-9
7.31000E+0	1.00001E+0	2.54585E-9
7.31500E+0	9.99998E-1	2.38584E-9
7.32000E+0	1.00002E+0	2.49903E-9
7.32500E+0	9.99995E-1	2.57658E-9
7.33000E+0	9.99995E-1	2.49486E-9
7.33500E+0	9.99988E-1	2.48407E-9
7.34000E+0	1.00001E+0	2.44954E-9
7.34500E+0	9.99995E-1	2.52253E-9
7.35000E+0	1.00001E+0	2.40722E-9
7.35500E+0	9.99993E-1	2.51792E-9
7.36000E+0	9.99996E-1	2.59291E-9
7.36500E+0	9.99986E-1	2.43327E-9
7.37000E+0	1.00001E+0	2.32039E-9
7.37500E+0	1.00001E+0	2.50209E-9
7.38000E+0	9.99995E-1	2.55389E-9
7.38500E+0	1.00000E+0	2.43857E-9
7.39000E+0	9.99999E-1	2.61285E-9
7.39500E+0	1.00000E+0	2.52434E-9
7.40000E+0	1.00001E+0	2.44761E-9
7.40500E+0	9.99989E-1	2.43153E-9
7.41000E+0	9.99998E-1	2.52035E-9
7.41500E+0	9.99997E-1	2.57059E-9
7.42000E+0	1.00001E+0	2.48071E-9
7.42500E+0	9.99997E-1	2.41576E-9
7.43000E+0	9.99993E-1	2.50782E-9
7.43500E+0	1.00000E+0	2.44973E-9
7.44000E+0	9.99994E-1	2.48233E-9
7.44500E+0	1.00000E+0	2.51343E-9
7.45000E+0	1.00000E+0	2.43701E-9
7.45500E+0	9.99998E-1	2.56249E-9
7.46000E+0	9.99991E-1	2.40067E-9
7.46500E+0	9.99997E-1	2.53350E-9
7.47000E+0	9.99993E-1	2.40236E-9
7.47500E+0	1.00002E+0	2.41002E-9
7.48000E+0	9.99999E-1	2.51443E-9
7.48500E+0	9.99989E-1	2.50321E-9
7.49000E+0	1.00000E+0	2.56772E-9
7.49500E+0	1.00000E+0	2.35735E-9
7.50000E+0	1.00002E+0	2.50265E-9
7.50500E+0	9.99990E-1	2.62071E-9
7.51000E+0	9.99995E-1	2.38627E-9
7.51500E+0	1.00001E+0	2.40734E-9
7.52000E+0	1.00000E+0	2.65505E-9
7.52500E+0	9.99995E-1	2.41320E-9
7.53000E+0	9.99997E-1	2.35841E-9
7.53500E+0	1.00001E+0	2.63654E-9
7.54000E+0	9.99992E-1	2.40797E-9
7.54500E+0	9.99996E-1	2.37979E-9
7.55000E+0	9.99998E-1	2.65063E-9
7.55500E+0	1.00000E+0	2.29190E-9
7.56000E+0	1.00001E+0	2.45920E-9
7.56500E+0	1.00000E+0	2.64290E-9
7.57000E+0	1.00000E+0	2.43626E-9
7.57500E+0	9.99994E-1	2.49772E-9
7.58000E+0	1.00001E+0	2.40927E-9
7.58500E+0	9.99998E-1	2.54909E-9
7.59000E+0	9.99998E-1	2.52222E-9
7.59500E+0	9.99999E-1	2.44268E-9
7.60000E+0	9.99998E-1	2.40859E-9
7.60500E+0	1.00001E+0	2.45839E-9
7.61000E+0	1.00000E+0	2.43383E-9
7.61500E+0	1.00000E+0	2.46151E-9
7.62000E+0	9.99993E-1	2.64857E-9
7.62500E+0	1.00000E+0	2.46369E-9
7.63000E+0	9.99991E-1	2.56991E-9
7.63500E+0	1.00001E+0	2.31496E-9
7.64000E+0	9.99983E-1	2.51038E-9
7.64500E+0	1.00002E+0	2.50352E-9
7.65000E+0	9.99990E-1	2.53276E-9
7.65500E+0	1.00001E+0	2.41052E-9
7.66000E+0	9.99996E-1	2.54597E-9
7.66500E+0	1.00000E+0	2.49966E-9
7.67000E+0	9.99994E-1	2.46749E-9
7.67500E+0	1.00001E+0	2.43658E-9
7.68000E+0	9.99996E-1	2.43932E-9
7.68500E+0	1.00000E+0	2.42361E-9
7.69000E+0	9.99996E-1	2.63162E-9
7.69500E+0	1.00000E+0	2.42492E-9
