## Header ##
[General info]
User	Giorgos_Psaltakis
Device	Sample
Cell area (cm2)	1
Test	Memristor
Date	2024-03-03
Time	03:10:51
Note	

[Acquisition Settings]
Sampling time (s)	1.000E+0
Voltage Range (V)	6.000E+0
Current Range (A)	1.000E-6
Current Limit (A)	1.000E-6

[Waveform Settings]
V_HRS (V)	1.0000
V_LRS (V)	1.0000
V_READ (V)	1.0000
t_HRS (s)	0.0400
t_LRS (s)	1.0000
t_READ (s)	0.0400
d_HRS (s)	0.0000
d_LRS (s)	0.0000
d_READ (s)	0.0000
Cycles	1

## Data ##
Time (s)	Voltage (V)	Current (A)
0.00000E+0	8.53725E-1	3.37036E-7
1.00000E-3	1.00007E+0	1.44502E-8
2.00000E-3	9.99977E-1	1.04365E-8
3.00000E-3	1.00001E+0	8.94147E-9
4.00000E-3	1.00004E+0	7.68141E-9
5.00000E-3	9.99976E-1	6.31694E-9
6.00000E-3	1.00000E+0	6.24993E-9
7.00000E-3	1.00002E+0	6.06947E-9
8.00000E-3	9.99964E-1	5.75033E-9
9.00000E-3	1.00006E+0	5.31680E-9
1.00000E-2	9.99933E-1	5.35046E-9
1.10000E-2	1.00004E+0	4.68786E-9
1.20000E-2	1.00001E+0	5.14788E-9
1.30000E-2	9.99951E-1	5.52499E-9
1.40000E-2	1.00005E+0	4.35002E-9
1.50000E-2	9.99929E-1	4.95527E-9
1.60000E-2	1.00004E+0	3.92490E-9
1.70000E-2	9.99955E-1	5.48759E-9
1.80000E-2	1.00001E+0	4.51613E-9
1.90000E-2	1.00000E+0	3.96230E-9
2.00000E-2	1.00004E+0	4.40580E-9
2.10000E-2	1.00001E+0	4.23782E-9
2.20000E-2	9.99950E-1	4.90384E-9
2.30000E-2	1.00002E+0	4.22441E-9
2.40000E-2	1.00001E+0	4.08977E-9
2.50000E-2	9.99980E-1	3.67651E-9
2.60000E-2	1.00001E+0	4.38648E-9
2.70000E-2	9.99969E-1	4.01934E-9
2.80000E-2	1.00004E+0	4.11845E-9
2.90000E-2	1.00001E+0	4.19543E-9
3.00000E-2	9.99993E-1	4.10785E-9
3.10000E-2	1.00002E+0	4.05798E-9
3.20000E-2	1.00001E+0	4.13278E-9
3.30000E-2	9.99932E-1	4.11377E-9
3.40000E-2	1.00000E+0	3.81052E-9
3.50000E-2	1.00006E+0	3.80928E-9
3.60000E-2	1.00004E+0	3.60326E-9
3.70000E-2	1.00004E+0	4.32010E-9
3.80000E-2	9.99958E-1	3.80335E-9
3.90000E-2	1.00002E+0	4.17268E-9
4.00000E-2	9.99965E-1	3.92553E-9
4.10000E-2	1.00004E+0	3.66996E-9
4.20000E-2	1.00005E+0	4.24779E-9
4.30000E-2	9.99907E-1	3.54748E-9
4.40000E-2	1.00009E+0	4.09009E-9
4.50000E-2	9.99968E-1	4.17081E-9
4.60000E-2	1.00002E+0	3.26729E-9
4.70000E-2	9.99961E-1	4.22878E-9
4.80000E-2	9.99968E-1	4.05736E-9
4.90000E-2	1.00000E+0	3.53875E-9
5.00000E-2	1.00002E+0	3.87286E-9
5.10000E-2	1.00002E+0	3.50509E-9
5.20000E-2	9.99968E-1	3.35393E-9
5.30000E-2	9.99983E-1	4.55416E-9
5.40000E-2	9.99993E-1	3.58207E-9
5.50000E-2	1.00004E+0	2.84685E-9
5.60000E-2	9.99993E-1	3.86880E-9
5.70000E-2	1.00002E+0	4.22971E-9
5.80000E-2	9.99937E-1	4.20447E-9
5.90000E-2	9.99984E-1	2.86742E-9
6.00000E-2	1.00007E+0	3.27103E-9
6.10000E-2	9.99953E-1	4.43105E-9
6.20000E-2	1.00006E+0	3.15883E-9
6.30000E-2	9.99951E-1	3.62290E-9
6.40000E-2	1.00005E+0	3.76471E-9
6.50000E-2	1.00005E+0	3.19685E-9
6.60000E-2	9.99972E-1	3.99627E-9
6.70000E-2	1.00000E+0	4.12032E-9
6.80000E-2	1.00001E+0	3.88283E-9
6.90000E-2	1.00001E+0	3.03759E-9
7.00000E-2	9.99986E-1	3.33243E-9
7.10000E-2	9.99975E-1	3.86506E-9
7.20000E-2	9.99979E-1	3.96604E-9
7.30000E-2	1.00004E+0	3.51195E-9
7.40000E-2	9.99972E-1	3.56805E-9
7.50000E-2	1.00003E+0	2.83594E-9
7.60000E-2	1.00001E+0	4.50398E-9
7.70000E-2	9.99953E-1	3.26667E-9
7.80000E-2	1.00005E+0	3.04663E-9
7.90000E-2	9.99972E-1	3.53252E-9
8.00000E-2	1.00002E+0	4.10131E-9
8.10000E-2	9.99925E-1	3.26667E-9
8.20000E-2	1.00008E+0	3.21960E-9
8.30000E-2	9.99997E-1	4.24904E-9
8.40000E-2	9.99994E-1	3.41845E-9
8.50000E-2	9.99954E-1	2.65736E-9
8.60000E-2	9.99968E-1	3.98194E-9
8.70000E-2	1.00006E+0	3.82829E-9
8.80000E-2	1.00001E+0	3.02450E-9
8.90000E-2	9.99959E-1	3.52130E-9
9.00000E-2	9.99962E-1	3.24236E-9
9.10000E-2	9.99973E-1	3.62415E-9
9.20000E-2	1.00003E+0	3.09837E-9
9.30000E-2	9.99989E-1	3.66279E-9
9.40000E-2	1.00005E+0	3.40847E-9
9.50000E-2	9.99925E-1	3.21898E-9
9.60000E-2	1.00008E+0	3.24734E-9
9.70000E-2	9.99972E-1	3.46239E-9
9.80000E-2	1.00001E+0	3.74102E-9
9.90000E-2	1.00002E+0	3.60326E-9
1.00000E-1	1.00002E+0	3.36391E-9
1.01000E-1	9.99918E-1	3.50291E-9
1.02000E-1	1.00004E+0	3.79276E-9
1.03000E-1	9.99959E-1	2.99489E-9
1.04000E-1	1.00004E+0	3.24641E-9
1.05000E-1	9.99982E-1	3.68430E-9
1.06000E-1	1.00004E+0	2.50340E-9
1.07000E-1	9.99953E-1	4.16364E-9
1.08000E-1	1.00003E+0	3.08496E-9
1.09000E-1	9.99995E-1	2.97027E-9
1.10000E-1	9.99995E-1	3.28443E-9
1.11000E-1	9.99971E-1	3.64908E-9
1.12000E-1	1.00000E+0	3.75629E-9
1.13000E-1	1.00006E+0	2.58786E-9
1.14000E-1	9.99993E-1	3.52161E-9
1.15000E-1	9.99976E-1	4.00781E-9
1.16000E-1	1.00003E+0	2.90108E-9
1.17000E-1	1.00000E+0	3.38011E-9
1.18000E-1	1.00002E+0	3.55651E-9
1.19000E-1	9.99965E-1	3.02637E-9
1.20000E-1	9.99994E-1	4.28051E-9
1.21000E-1	1.00000E+0	3.37232E-9
1.22000E-1	1.00002E+0	2.96186E-9
1.23000E-1	9.99983E-1	2.85901E-9
1.24000E-1	1.00000E+0	3.77530E-9
1.25000E-1	9.99986E-1	3.15883E-9
1.26000E-1	1.00001E+0	3.18283E-9
1.27000E-1	1.00002E+0	3.86195E-9
1.28000E-1	9.99976E-1	2.47878E-9
1.29000E-1	1.00005E+0	3.79026E-9
1.30000E-1	1.00006E+0	2.74587E-9
1.31000E-1	9.99984E-1	4.09414E-9
1.32000E-1	9.99933E-1	3.53813E-9
1.33000E-1	1.00003E+0	2.50683E-9
1.34000E-1	9.99959E-1	3.60825E-9
1.35000E-1	1.00003E+0	3.03884E-9
1.36000E-1	1.00002E+0	3.82050E-9
1.37000E-1	9.99962E-1	2.75927E-9
1.38000E-1	1.00007E+0	3.37294E-9
1.39000E-1	9.99991E-1	2.91043E-9
1.40000E-1	9.99976E-1	3.41097E-9
1.41000E-1	1.00004E+0	3.68773E-9
1.42000E-1	9.99980E-1	3.10148E-9
1.43000E-1	9.99987E-1	3.29565E-9
1.44000E-1	1.00004E+0	3.09992E-9
1.45000E-1	9.99966E-1	2.69102E-9
1.46000E-1	1.00000E+0	3.89436E-9
1.47000E-1	1.00005E+0	2.99396E-9
1.48000E-1	9.99997E-1	3.29378E-9
1.49000E-1	9.99977E-1	4.04147E-9
1.50000E-1	9.99961E-1	3.23176E-9
1.51000E-1	1.00005E+0	3.15260E-9
1.52000E-1	1.00002E+0	2.98212E-9
1.53000E-1	9.99969E-1	3.66248E-9
1.54000E-1	9.99980E-1	2.91604E-9
1.55000E-1	1.00003E+0	2.89797E-9
1.56000E-1	1.00002E+0	3.65188E-9
1.57000E-1	9.99977E-1	3.44182E-9
1.58000E-1	9.99959E-1	3.14449E-9
1.59000E-1	9.99975E-1	2.97121E-9
1.60000E-1	1.00005E+0	2.76177E-9
1.61000E-1	9.99958E-1	3.68305E-9
1.62000E-1	9.99972E-1	3.36578E-9
1.63000E-1	1.00003E+0	2.55763E-9
1.64000E-1	1.00005E+0	3.59828E-9
1.65000E-1	9.99946E-1	3.28350E-9
1.66000E-1	9.99991E-1	2.68354E-9
1.67000E-1	1.00002E+0	3.60358E-9
1.68000E-1	9.99991E-1	3.10585E-9
1.69000E-1	1.00003E+0	2.56947E-9
1.70000E-1	1.00000E+0	3.69801E-9
1.71000E-1	9.99944E-1	3.51226E-9
1.72000E-1	1.00006E+0	3.16008E-9
1.73000E-1	1.00001E+0	2.96591E-9
1.74000E-1	9.99954E-1	3.29160E-9
1.75000E-1	1.00008E+0	2.95625E-9
1.76000E-1	9.99899E-1	3.07499E-9
1.77000E-1	9.99990E-1	3.13701E-9
1.78000E-1	1.00005E+0	2.78047E-9
1.79000E-1	1.00003E+0	3.34926E-9
1.80000E-1	9.99972E-1	3.85977E-9
1.81000E-1	9.99986E-1	2.29739E-9
1.82000E-1	1.00005E+0	3.37762E-9
1.83000E-1	1.00001E+0	3.26573E-9
1.84000E-1	9.99939E-1	3.11582E-9
1.85000E-1	1.00004E+0	3.09057E-9
1.86000E-1	9.99986E-1	3.54031E-9
1.87000E-1	9.99987E-1	2.57913E-9
1.88000E-1	1.00003E+0	3.02263E-9
1.89000E-1	1.00004E+0	3.21960E-9
1.90000E-1	9.99968E-1	3.16506E-9
1.91000E-1	9.99955E-1	3.37575E-9
1.92000E-1	1.00009E+0	2.90669E-9
1.93000E-1	9.99990E-1	3.48359E-9
1.94000E-1	9.99954E-1	2.98554E-9
1.95000E-1	1.00003E+0	3.47205E-9
1.96000E-1	1.00001E+0	3.07998E-9
1.97000E-1	1.00001E+0	2.96186E-9
1.98000E-1	9.99962E-1	2.65674E-9
1.99000E-1	1.00000E+0	3.97976E-9
2.00000E-1	9.99965E-1	3.16039E-9
2.01000E-1	9.99984E-1	3.15197E-9
2.02000E-1	9.99997E-1	2.56885E-9
2.03000E-1	9.99979E-1	3.32869E-9
2.04000E-1	9.99987E-1	2.60375E-9
2.05000E-1	1.00001E+0	3.20184E-9
2.06000E-1	1.00007E+0	3.03635E-9
2.07000E-1	9.99923E-1	3.17161E-9
2.08000E-1	1.00005E+0	3.07967E-9
2.09000E-1	9.99975E-1	2.93568E-9
2.10000E-1	9.99979E-1	2.98741E-9
2.11000E-1	9.99997E-1	3.15665E-9
2.12000E-1	1.00007E+0	2.97495E-9
2.13000E-1	9.99928E-1	3.34178E-9
2.14000E-1	1.00007E+0	2.77922E-9
2.15000E-1	9.99958E-1	3.15478E-9
2.16000E-1	1.00001E+0	3.48109E-9
2.17000E-1	9.99997E-1	2.33541E-9
2.18000E-1	1.00001E+0	3.55153E-9
2.19000E-1	9.99982E-1	2.54329E-9
2.20000E-1	1.00003E+0	3.46800E-9
2.21000E-1	9.99989E-1	2.44854E-9
2.22000E-1	9.99954E-1	3.75660E-9
2.23000E-1	1.00005E+0	2.16493E-9
2.24000E-1	9.99987E-1	3.30812E-9
2.25000E-1	1.00001E+0	3.42593E-9
2.26000E-1	1.00005E+0	2.77610E-9
2.27000E-1	1.00001E+0	3.61168E-9
2.28000E-1	9.99972E-1	3.18688E-9
2.29000E-1	1.00001E+0	3.13234E-9
2.30000E-1	9.99948E-1	2.70349E-9
2.31000E-1	9.99990E-1	2.64022E-9
2.32000E-1	1.00001E+0	3.90558E-9
2.33000E-1	9.99979E-1	2.43327E-9
2.34000E-1	1.00001E+0	3.16413E-9
2.35000E-1	1.00003E+0	2.67263E-9
2.36000E-1	9.99944E-1	3.87223E-9
2.37000E-1	1.00005E+0	2.51555E-9
2.38000E-1	9.99995E-1	2.86493E-9
2.39000E-1	9.99958E-1	3.54623E-9
2.40000E-1	1.00001E+0	2.62619E-9
2.41000E-1	9.99957E-1	3.15447E-9
2.42000E-1	1.00002E+0	3.16226E-9
2.43000E-1	1.00004E+0	2.55669E-9
2.44000E-1	9.99936E-1	3.51382E-9
2.45000E-1	9.99980E-1	2.55981E-9
2.46000E-1	1.00007E+0	3.23893E-9
2.47000E-1	9.99933E-1	2.92477E-9
2.48000E-1	1.00005E+0	2.95344E-9
2.49000E-1	9.99973E-1	3.60513E-9
2.50000E-1	1.00005E+0	2.36252E-9
2.51000E-1	9.99965E-1	3.60139E-9
2.52000E-1	9.99922E-1	2.47098E-9
2.53000E-1	1.00005E+0	2.83594E-9
2.54000E-1	9.99941E-1	3.60233E-9
2.55000E-1	1.00010E+0	2.66203E-9
2.56000E-1	9.99908E-1	2.93786E-9
2.57000E-1	1.00002E+0	3.51537E-9
2.58000E-1	1.00006E+0	2.67201E-9
2.59000E-1	9.99921E-1	3.10647E-9
2.60000E-1	1.00000E+0	2.87490E-9
2.61000E-1	1.00003E+0	2.63118E-9
2.62000E-1	9.99993E-1	3.42593E-9
2.63000E-1	9.99998E-1	2.21822E-9
2.64000E-1	9.99961E-1	3.69521E-9
2.65000E-1	1.00001E+0	2.87771E-9
2.66000E-1	1.00002E+0	2.40959E-9
2.67000E-1	9.99989E-1	3.31591E-9
2.68000E-1	1.00000E+0	2.57882E-9
2.69000E-1	9.99972E-1	3.62539E-9
2.70000E-1	1.00005E+0	2.57228E-9
2.71000E-1	9.99986E-1	3.08933E-9
2.72000E-1	9.99998E-1	2.49062E-9
2.73000E-1	9.99991E-1	3.47018E-9
2.74000E-1	1.00004E+0	2.11600E-9
2.75000E-1	9.99980E-1	3.45148E-9
2.76000E-1	9.99980E-1	2.97245E-9
2.77000E-1	1.00002E+0	2.77268E-9
2.78000E-1	9.99990E-1	2.90638E-9
2.79000E-1	1.00005E+0	2.62308E-9
2.80000E-1	9.99990E-1	4.05019E-9
2.81000E-1	1.00000E+0	2.32014E-9
2.82000E-1	1.00002E+0	2.59752E-9
2.83000E-1	1.00003E+0	2.57321E-9
2.84000E-1	9.99966E-1	3.90714E-9
2.85000E-1	1.00002E+0	3.26635E-9
2.86000E-1	9.99972E-1	1.88412E-9
2.87000E-1	1.00003E+0	3.39725E-9
2.88000E-1	9.99980E-1	2.71658E-9
2.89000E-1	9.99991E-1	3.65968E-9
2.90000E-1	9.99986E-1	2.81943E-9
2.91000E-1	1.00003E+0	2.07891E-9
2.92000E-1	9.99987E-1	3.35611E-9
2.93000E-1	9.99979E-1	2.93350E-9
2.94000E-1	1.00002E+0	3.22241E-9
2.95000E-1	9.99975E-1	2.44636E-9
2.96000E-1	9.99993E-1	2.99271E-9
2.97000E-1	1.00003E+0	2.86586E-9
2.98000E-1	9.99972E-1	3.12049E-9
2.99000E-1	9.99973E-1	2.90919E-9
3.00000E-1	1.00001E+0	2.20077E-9
3.01000E-1	1.00003E+0	3.77717E-9
3.02000E-1	9.99986E-1	2.41987E-9
3.03000E-1	1.00001E+0	2.35193E-9
3.04000E-1	1.00001E+0	3.74102E-9
3.05000E-1	9.99975E-1	2.84810E-9
3.06000E-1	9.99971E-1	2.70442E-9
3.07000E-1	1.00001E+0	3.04383E-9
3.08000E-1	1.00001E+0	2.88332E-9
3.09000E-1	1.00004E+0	2.39120E-9
3.10000E-1	9.99947E-1	3.09868E-9
3.11000E-1	1.00007E+0	2.59035E-9
3.12000E-1	9.99962E-1	2.84966E-9
3.13000E-1	9.99961E-1	3.28318E-9
3.14000E-1	1.00003E+0	2.99988E-9
3.15000E-1	1.00004E+0	2.46163E-9
3.16000E-1	9.99971E-1	3.50883E-9
3.17000E-1	9.99990E-1	1.99195E-9
3.18000E-1	1.00007E+0	3.19654E-9
3.19000E-1	9.99947E-1	2.53456E-9
3.20000E-1	1.00002E+0	3.35705E-9
3.21000E-1	9.99975E-1	3.10772E-9
3.22000E-1	9.99991E-1	2.62089E-9
3.23000E-1	9.99959E-1	2.86212E-9
3.24000E-1	1.00003E+0	2.95500E-9
3.25000E-1	9.99961E-1	2.90451E-9
3.26000E-1	1.00002E+0	3.03385E-9
3.27000E-1	1.00001E+0	2.64458E-9
3.28000E-1	1.00003E+0	2.53394E-9
3.29000E-1	9.99912E-1	3.46863E-9
3.30000E-1	1.00002E+0	2.18145E-9
3.31000E-1	9.99991E-1	2.80166E-9
3.32000E-1	9.99995E-1	3.28879E-9
3.33000E-1	1.00000E+0	2.67699E-9
3.34000E-1	9.99962E-1	2.25718E-9
3.35000E-1	1.00006E+0	3.38728E-9
3.36000E-1	1.00002E+0	2.83439E-9
3.37000E-1	9.99933E-1	2.58474E-9
3.38000E-1	1.00006E+0	2.67918E-9
3.39000E-1	9.99966E-1	2.90358E-9
3.40000E-1	9.99986E-1	2.87989E-9
3.41000E-1	9.99958E-1	3.22428E-9
3.42000E-1	1.00001E+0	2.78514E-9
3.43000E-1	1.00002E+0	2.68759E-9
3.44000E-1	1.00001E+0	2.85433E-9
3.45000E-1	9.99977E-1	2.48937E-9
3.46000E-1	1.00000E+0	3.47704E-9
3.47000E-1	1.00002E+0	2.70504E-9
3.48000E-1	1.00000E+0	3.08372E-9
3.49000E-1	9.99987E-1	2.24316E-9
3.50000E-1	9.99997E-1	3.03977E-9
3.51000E-1	9.99975E-1	2.98804E-9
3.52000E-1	1.00005E+0	2.43951E-9
3.53000E-1	9.99976E-1	2.78670E-9
3.54000E-1	9.99965E-1	3.32495E-9
3.55000E-1	1.00006E+0	1.96920E-9
3.56000E-1	9.99953E-1	3.17348E-9
3.57000E-1	1.00003E+0	2.23942E-9
3.58000E-1	1.00002E+0	3.63755E-9
3.59000E-1	9.99966E-1	2.23817E-9
3.60000E-1	1.00001E+0	2.63367E-9
3.61000E-1	1.00006E+0	3.07187E-9
3.62000E-1	9.99984E-1	2.82472E-9
3.63000E-1	9.99926E-1	3.07000E-9
3.64000E-1	1.00009E+0	2.72811E-9
3.65000E-1	9.99984E-1	2.40366E-9
3.66000E-1	1.00001E+0	3.16506E-9
3.67000E-1	1.00001E+0	2.53020E-9
3.68000E-1	1.00001E+0	2.48033E-9
3.69000E-1	9.99966E-1	3.32869E-9
3.70000E-1	9.99986E-1	2.57820E-9
3.71000E-1	9.99998E-1	3.47517E-9
3.72000E-1	9.99976E-1	2.46101E-9
3.73000E-1	1.00002E+0	2.69819E-9
3.74000E-1	1.00005E+0	2.48875E-9
3.75000E-1	9.99976E-1	3.42873E-9
3.76000E-1	9.99939E-1	2.57165E-9
3.77000E-1	1.00006E+0	2.44917E-9
3.78000E-1	1.00001E+0	2.57633E-9
3.79000E-1	9.99984E-1	2.81195E-9
3.80000E-1	1.00001E+0	2.89423E-9
3.81000E-1	1.00000E+0	3.37700E-9
3.82000E-1	1.00001E+0	2.63585E-9
3.83000E-1	9.99989E-1	2.73652E-9
3.84000E-1	1.00001E+0	2.53830E-9
3.85000E-1	9.99966E-1	2.91230E-9
3.86000E-1	9.99965E-1	2.90482E-9
3.87000E-1	9.99982E-1	2.71034E-9
3.88000E-1	9.99994E-1	2.18456E-9
3.89000E-1	1.00005E+0	3.33274E-9
3.90000E-1	1.00001E+0	2.10135E-9
3.91000E-1	1.00004E+0	3.07717E-9
3.92000E-1	9.99976E-1	2.68416E-9
3.93000E-1	9.99997E-1	3.29596E-9
3.94000E-1	9.99987E-1	2.28617E-9
3.95000E-1	1.00003E+0	2.54921E-9
3.96000E-1	9.99961E-1	3.46302E-9
3.97000E-1	9.99997E-1	2.49966E-9
3.98000E-1	1.00003E+0	2.49249E-9
3.99000E-1	9.99980E-1	2.87023E-9
4.00000E-1	1.00001E+0	2.82379E-9
4.01000E-1	1.00001E+0	2.73995E-9
4.02000E-1	9.99959E-1	3.00050E-9
4.03000E-1	1.00002E+0	3.05785E-9
4.04000E-1	9.99964E-1	2.20077E-9
4.05000E-1	1.00002E+0	2.47691E-9
4.06000E-1	9.99991E-1	3.66560E-9
4.07000E-1	9.99990E-1	1.88349E-9
4.08000E-1	1.00001E+0	3.38229E-9
4.09000E-1	1.00004E+0	1.90593E-9
4.10000E-1	9.99972E-1	3.78154E-9
4.11000E-1	9.99977E-1	2.45665E-9
4.12000E-1	1.00001E+0	2.68759E-9
4.13000E-1	1.00000E+0	2.34725E-9
4.14000E-1	1.00002E+0	2.71876E-9
4.15000E-1	1.00004E+0	2.98523E-9
4.16000E-1	9.99984E-1	2.76333E-9
4.17000E-1	1.00002E+0	2.58100E-9
4.18000E-1	9.99968E-1	3.33118E-9
4.19000E-1	9.99964E-1	2.68042E-9
4.20000E-1	9.99982E-1	2.59627E-9
4.21000E-1	1.00001E+0	2.73185E-9
4.22000E-1	1.00007E+0	2.06021E-9
4.23000E-1	9.99939E-1	3.13265E-9
4.24000E-1	9.99977E-1	2.71876E-9
4.25000E-1	1.00009E+0	2.55420E-9
4.26000E-1	9.99964E-1	2.80197E-9
4.27000E-1	9.99972E-1	2.46569E-9
4.28000E-1	1.00001E+0	3.49605E-9
4.29000E-1	9.99990E-1	2.20825E-9
4.30000E-1	1.00004E+0	2.63710E-9
4.31000E-1	9.99979E-1	3.05006E-9
4.32000E-1	1.00002E+0	2.64365E-9
4.33000E-1	9.99982E-1	2.36658E-9
4.34000E-1	9.99975E-1	3.29659E-9
4.35000E-1	1.00001E+0	2.92789E-9
4.36000E-1	9.99975E-1	1.72049E-9
4.37000E-1	1.00004E+0	2.72904E-9
4.38000E-1	9.99975E-1	3.56337E-9
4.39000E-1	9.99969E-1	2.92228E-9
4.40000E-1	9.99946E-1	2.17490E-9
4.41000E-1	1.00006E+0	3.01640E-9
4.42000E-1	9.99980E-1	2.34258E-9
4.43000E-1	9.99976E-1	2.16649E-9
4.44000E-1	9.99980E-1	3.01858E-9
4.45000E-1	1.00003E+0	3.14636E-9
4.46000E-1	1.00004E+0	2.16119E-9
4.47000E-1	9.99946E-1	2.54298E-9
4.48000E-1	1.00003E+0	3.16319E-9
4.49000E-1	1.00000E+0	2.71782E-9
4.50000E-1	9.99897E-1	2.58350E-9
4.51000E-1	1.00005E+0	2.99053E-9
4.52000E-1	1.00005E+0	2.12535E-9
4.53000E-1	9.99918E-1	3.49200E-9
4.54000E-1	1.00004E+0	2.58630E-9
4.55000E-1	1.00000E+0	2.00785E-9
4.56000E-1	9.99995E-1	2.76270E-9
4.57000E-1	9.99983E-1	2.70723E-9
4.58000E-1	1.00004E+0	2.30705E-9
4.59000E-1	1.00003E+0	2.83252E-9
4.60000E-1	9.99939E-1	2.38247E-9
4.61000E-1	9.99984E-1	3.53407E-9
4.62000E-1	1.00002E+0	2.04400E-9
4.63000E-1	9.99987E-1	2.88488E-9
4.64000E-1	1.00002E+0	3.15821E-9
4.65000E-1	9.99986E-1	2.64053E-9
4.66000E-1	9.99936E-1	2.29396E-9
4.67000E-1	1.00007E+0	2.78358E-9
4.68000E-1	9.99964E-1	2.18799E-9
4.69000E-1	1.00000E+0	2.91635E-9
4.70000E-1	1.00001E+0	3.13639E-9
4.71000E-1	1.00001E+0	2.50558E-9
4.72000E-1	9.99991E-1	2.62121E-9
4.73000E-1	9.99980E-1	3.01765E-9
4.74000E-1	9.99990E-1	2.58537E-9
4.75000E-1	1.00001E+0	2.92134E-9
4.76000E-1	1.00000E+0	2.79262E-9
4.77000E-1	1.00002E+0	1.73421E-9
4.78000E-1	9.99975E-1	2.30331E-9
4.79000E-1	1.00000E+0	3.15322E-9
4.80000E-1	1.00005E+0	2.17178E-9
4.81000E-1	1.00002E+0	3.02045E-9
4.82000E-1	9.99977E-1	2.57477E-9
4.83000E-1	1.00003E+0	2.62152E-9
4.84000E-1	9.99947E-1	2.74899E-9
4.85000E-1	1.00004E+0	2.82005E-9
4.86000E-1	9.99966E-1	2.81693E-9
4.87000E-1	9.99973E-1	2.41551E-9
4.88000E-1	1.00001E+0	2.47597E-9
4.89000E-1	9.99961E-1	2.57882E-9
4.90000E-1	1.00006E+0	2.56448E-9
4.91000E-1	9.99976E-1	3.11146E-9
4.92000E-1	9.99997E-1	2.60469E-9
4.93000E-1	1.00005E+0	2.42829E-9
4.94000E-1	9.99925E-1	2.47504E-9
4.95000E-1	9.99987E-1	2.70816E-9
4.96000E-1	1.00000E+0	2.51898E-9
4.97000E-1	1.00000E+0	2.08764E-9
4.98000E-1	1.00001E+0	3.23394E-9
4.99000E-1	9.99984E-1	2.18519E-9
5.00000E-1	1.00004E+0	2.78109E-9
5.01000E-1	9.99975E-1	2.39805E-9
5.02000E-1	9.99950E-1	3.52846E-9
5.03000E-1	1.00004E+0	1.82210E-9
5.04000E-1	1.00005E+0	2.76052E-9
5.05000E-1	9.99986E-1	2.89173E-9
5.06000E-1	9.99975E-1	2.85620E-9
5.07000E-1	9.99993E-1	2.84935E-9
5.08000E-1	1.00001E+0	1.95580E-9
5.09000E-1	1.00001E+0	2.56573E-9
5.10000E-1	9.99994E-1	3.42281E-9
5.11000E-1	9.99958E-1	1.95611E-9
5.12000E-1	1.00001E+0	2.55077E-9
5.13000E-1	1.00003E+0	2.26622E-9
5.14000E-1	9.99982E-1	2.98835E-9
5.15000E-1	1.00003E+0	2.60936E-9
5.16000E-1	1.00001E+0	2.69320E-9
5.17000E-1	9.99994E-1	3.14854E-9
5.18000E-1	1.00001E+0	1.54814E-9
5.19000E-1	9.99941E-1	3.09151E-9
5.20000E-1	1.00003E+0	2.92321E-9
5.21000E-1	9.99964E-1	2.45228E-9
5.22000E-1	1.00005E+0	2.14841E-9
5.23000E-1	1.00000E+0	2.81911E-9
5.24000E-1	9.99972E-1	2.48563E-9
5.25000E-1	9.99959E-1	2.76239E-9
5.26000E-1	1.00006E+0	2.93817E-9
5.27000E-1	9.99962E-1	2.05803E-9
5.28000E-1	1.00001E+0	2.98336E-9
5.29000E-1	1.00003E+0	2.56978E-9
5.30000E-1	9.99948E-1	1.94053E-9
5.31000E-1	1.00003E+0	3.20402E-9
5.32000E-1	9.99982E-1	3.04289E-9
5.33000E-1	1.00001E+0	2.45073E-9
5.34000E-1	1.00003E+0	2.46444E-9
5.35000E-1	9.99948E-1	2.60188E-9
5.36000E-1	9.99977E-1	2.61934E-9
5.37000E-1	1.00001E+0	2.20451E-9
5.38000E-1	1.00001E+0	2.20607E-9
5.39000E-1	1.00002E+0	2.72499E-9
5.40000E-1	9.99989E-1	3.10491E-9
5.41000E-1	1.00002E+0	2.55295E-9
5.42000E-1	9.99966E-1	2.89828E-9
5.43000E-1	1.00001E+0	2.32107E-9
5.44000E-1	1.00005E+0	2.05273E-9
5.45000E-1	9.99959E-1	3.23332E-9
5.46000E-1	9.99966E-1	2.33479E-9
5.47000E-1	9.99993E-1	2.60812E-9
5.48000E-1	9.99979E-1	2.49093E-9
5.49000E-1	1.00006E+0	1.79654E-9
5.50000E-1	9.99944E-1	2.99489E-9
5.51000E-1	1.00006E+0	2.96155E-9
5.52000E-1	9.99941E-1	2.81693E-9
5.53000E-1	1.00006E+0	2.00193E-9
5.54000E-1	9.99961E-1	3.17753E-9
5.55000E-1	9.99972E-1	2.63928E-9
5.56000E-1	9.99975E-1	1.92775E-9
5.57000E-1	9.99991E-1	2.80852E-9
5.58000E-1	1.00005E+0	2.45166E-9
5.59000E-1	9.99979E-1	1.95892E-9
5.60000E-1	1.00000E+0	3.03635E-9
5.61000E-1	1.00001E+0	2.92009E-9
5.62000E-1	1.00005E+0	2.48189E-9
5.63000E-1	9.99930E-1	3.40505E-9
5.64000E-1	1.00002E+0	1.69151E-9
5.65000E-1	9.99987E-1	3.17317E-9
5.66000E-1	9.99950E-1	2.52927E-9
5.67000E-1	1.00002E+0	2.32824E-9
5.68000E-1	1.00000E+0	2.61466E-9
5.69000E-1	9.99998E-1	2.42236E-9
5.70000E-1	1.00003E+0	2.06333E-9
5.71000E-1	9.99980E-1	2.48781E-9
5.72000E-1	1.00005E+0	3.12486E-9
5.73000E-1	9.99955E-1	2.35941E-9
5.74000E-1	1.00007E+0	2.23692E-9
5.75000E-1	9.99921E-1	3.35424E-9
5.76000E-1	1.00007E+0	1.52446E-9
5.77000E-1	9.99946E-1	3.43403E-9
5.78000E-1	1.00001E+0	2.40647E-9
5.79000E-1	9.99984E-1	1.96048E-9
5.80000E-1	1.00006E+0	3.04850E-9
5.81000E-1	9.99944E-1	2.37811E-9
5.82000E-1	9.99997E-1	2.44574E-9
5.83000E-1	1.00005E+0	2.42922E-9
5.84000E-1	9.99972E-1	2.99832E-9
5.85000E-1	9.99998E-1	2.06831E-9
5.86000E-1	9.99961E-1	2.82348E-9
5.87000E-1	9.99983E-1	2.73278E-9
5.88000E-1	1.00004E+0	2.14903E-9
5.89000E-1	1.00002E+0	2.68167E-9
5.90000E-1	9.99966E-1	2.52958E-9
5.91000E-1	1.00001E+0	1.94022E-9
5.92000E-1	1.00006E+0	3.28225E-9
5.93000E-1	9.99968E-1	1.93897E-9
5.94000E-1	1.00000E+0	3.17659E-9
5.95000E-1	9.99964E-1	2.58942E-9
5.96000E-1	1.00001E+0	2.04681E-9
5.97000E-1	1.00001E+0	2.36346E-9
5.98000E-1	1.00007E+0	2.30954E-9
5.99000E-1	9.99987E-1	2.77049E-9
6.00000E-1	9.99982E-1	3.25513E-9
6.01000E-1	1.00001E+0	2.40242E-9
6.02000E-1	1.00002E+0	2.39712E-9
6.03000E-1	9.99936E-1	2.18550E-9
6.04000E-1	1.00001E+0	2.91074E-9
6.05000E-1	1.00007E+0	2.29271E-9
6.06000E-1	9.99935E-1	2.55264E-9
6.07000E-1	1.00007E+0	2.46880E-9
6.08000E-1	9.99918E-1	3.22771E-9
6.09000E-1	1.00004E+0	2.27495E-9
6.10000E-1	1.00002E+0	2.26902E-9
6.11000E-1	9.99969E-1	2.33510E-9
6.12000E-1	9.99977E-1	2.64271E-9
6.13000E-1	1.00001E+0	2.24191E-9
6.14000E-1	9.99991E-1	2.87958E-9
6.15000E-1	1.00006E+0	2.59004E-9
6.16000E-1	9.99980E-1	2.34850E-9
6.17000E-1	9.99962E-1	2.72811E-9
6.18000E-1	1.00007E+0	2.55202E-9
6.19000E-1	9.99975E-1	2.03091E-9
6.20000E-1	9.99991E-1	2.72748E-9
6.21000E-1	1.00001E+0	2.53830E-9
6.22000E-1	9.99958E-1	2.75647E-9
6.23000E-1	1.00003E+0	2.78296E-9
6.24000E-1	1.00001E+0	2.25500E-9
6.25000E-1	9.99965E-1	2.24658E-9
6.26000E-1	1.00006E+0	2.30923E-9
6.27000E-1	1.00000E+0	2.31359E-9
6.28000E-1	9.99968E-1	2.58225E-9
6.29000E-1	1.00000E+0	3.14075E-9
6.30000E-1	1.00002E+0	2.32419E-9
6.31000E-1	1.00000E+0	2.43265E-9
6.32000E-1	9.99972E-1	2.62682E-9
6.33000E-1	1.00002E+0	2.14872E-9
6.34000E-1	9.99961E-1	2.35317E-9
6.35000E-1	1.00002E+0	3.12018E-9
6.36000E-1	1.00001E+0	1.40104E-9
6.37000E-1	9.99979E-1	2.57602E-9
6.38000E-1	1.00001E+0	3.41658E-9
6.39000E-1	9.99995E-1	2.48376E-9
6.40000E-1	1.00001E+0	2.41333E-9
6.41000E-1	1.00003E+0	1.86479E-9
6.42000E-1	9.99947E-1	2.32918E-9
6.43000E-1	1.00005E+0	2.32201E-9
6.44000E-1	9.99951E-1	2.80228E-9
6.45000E-1	1.00003E+0	2.24066E-9
6.46000E-1	1.00008E+0	3.03790E-9
6.47000E-1	9.99965E-1	2.02250E-9
6.48000E-1	9.99994E-1	3.38790E-9
6.49000E-1	9.99994E-1	2.61404E-9
6.50000E-1	1.00001E+0	2.23131E-9
6.51000E-1	1.00001E+0	2.44480E-9
6.52000E-1	9.99987E-1	2.59316E-9
6.53000E-1	9.99989E-1	2.92041E-9
6.54000E-1	9.99979E-1	2.12472E-9
6.55000E-1	9.99989E-1	2.25251E-9
6.56000E-1	9.99969E-1	2.32544E-9
6.57000E-1	1.00003E+0	3.35206E-9
6.58000E-1	9.99989E-1	1.79779E-9
6.59000E-1	1.00003E+0	3.05442E-9
6.60000E-1	9.99933E-1	2.38278E-9
6.61000E-1	1.00007E+0	2.25282E-9
6.62000E-1	9.99986E-1	2.33541E-9
6.63000E-1	9.99922E-1	2.78545E-9
6.64000E-1	1.00005E+0	2.89578E-9
6.65000E-1	1.00000E+0	2.17054E-9
6.66000E-1	1.00003E+0	2.01252E-9
6.67000E-1	9.99971E-1	2.66453E-9
6.68000E-1	1.00006E+0	2.06862E-9
6.69000E-1	9.99991E-1	2.43421E-9
6.70000E-1	9.99997E-1	2.65892E-9
6.71000E-1	1.00004E+0	2.38122E-9
6.72000E-1	1.00001E+0	2.95126E-9
6.73000E-1	9.99943E-1	2.79106E-9
6.74000E-1	1.00004E+0	2.17334E-9
6.75000E-1	9.99954E-1	2.56573E-9
6.76000E-1	9.99984E-1	2.68666E-9
6.77000E-1	1.00002E+0	2.11787E-9
6.78000E-1	1.00002E+0	2.01876E-9
6.79000E-1	1.00000E+0	2.68260E-9
6.80000E-1	1.00002E+0	2.70785E-9
6.81000E-1	9.99962E-1	2.44699E-9
6.82000E-1	1.00000E+0	2.27931E-9
6.83000E-1	9.99983E-1	2.49529E-9
6.84000E-1	1.00003E+0	2.42423E-9
6.85000E-1	1.00001E+0	2.69943E-9
6.86000E-1	1.00003E+0	2.24316E-9
6.87000E-1	9.99954E-1	2.75211E-9
6.88000E-1	9.99941E-1	2.25780E-9
6.89000E-1	9.99995E-1	2.18861E-9
6.90000E-1	1.00007E+0	2.30767E-9
6.91000E-1	9.99984E-1	2.64832E-9
6.92000E-1	9.99994E-1	1.77628E-9
6.93000E-1	9.99982E-1	3.31965E-9
6.94000E-1	1.00003E+0	1.85544E-9
6.95000E-1	9.99986E-1	2.46039E-9
6.96000E-1	1.00003E+0	3.11239E-9
6.97000E-1	9.99955E-1	1.76257E-9
6.98000E-1	1.00004E+0	2.50433E-9
6.99000E-1	1.00003E+0	2.18425E-9
7.00000E-1	9.99966E-1	3.14948E-9
7.01000E-1	9.99989E-1	1.74667E-9
7.02000E-1	1.00006E+0	3.06907E-9
7.03000E-1	9.99977E-1	2.18082E-9
7.04000E-1	9.99998E-1	2.83002E-9
7.05000E-1	9.99958E-1	2.47285E-9
7.06000E-1	1.00004E+0	2.29832E-9
7.07000E-1	9.99983E-1	2.65767E-9
7.08000E-1	9.99980E-1	2.55171E-9
7.09000E-1	1.00003E+0	1.95861E-9
7.10000E-1	9.99922E-1	2.51649E-9
7.11000E-1	1.00001E+0	2.44854E-9
7.12000E-1	1.00005E+0	2.63305E-9
7.13000E-1	9.99965E-1	2.11724E-9
7.14000E-1	1.00000E+0	3.06190E-9
7.15000E-1	9.99984E-1	2.53519E-9
7.16000E-1	9.99998E-1	1.61546E-9
7.17000E-1	9.99966E-1	3.04538E-9
7.18000E-1	1.00005E+0	1.89783E-9
7.19000E-1	1.00003E+0	2.71626E-9
7.20000E-1	9.99976E-1	2.51057E-9
7.21000E-1	1.00003E+0	2.41831E-9
7.22000E-1	9.99940E-1	2.18986E-9
7.23000E-1	1.00008E+0	2.48750E-9
7.24000E-1	9.99984E-1	3.08964E-9
7.25000E-1	9.99944E-1	2.36564E-9
7.26000E-1	1.00001E+0	2.71128E-9
7.27000E-1	9.99983E-1	1.77285E-9
7.28000E-1	9.99989E-1	2.18519E-9
7.29000E-1	1.00006E+0	3.01359E-9
7.30000E-1	9.99997E-1	2.45976E-9
7.31000E-1	1.00001E+0	2.62900E-9
7.32000E-1	9.99965E-1	1.78875E-9
7.33000E-1	1.00004E+0	2.71128E-9
7.34000E-1	9.99933E-1	2.08390E-9
7.35000E-1	1.00003E+0	2.75179E-9
7.36000E-1	1.00001E+0	2.42517E-9
7.37000E-1	9.99987E-1	2.71408E-9
7.38000E-1	9.99993E-1	2.05491E-9
7.39000E-1	1.00000E+0	2.16960E-9
7.40000E-1	1.00005E+0	2.76052E-9
7.41000E-1	9.99915E-1	2.21978E-9
7.42000E-1	1.00004E+0	2.06083E-9
7.43000E-1	9.99973E-1	3.13203E-9
7.44000E-1	1.00005E+0	2.33136E-9
7.45000E-1	9.99965E-1	2.78140E-9
7.46000E-1	9.99939E-1	2.02219E-9
7.47000E-1	1.00007E+0	2.63180E-9
7.48000E-1	1.00001E+0	2.34725E-9
7.49000E-1	9.99904E-1	2.41894E-9
7.50000E-1	1.00003E+0	1.81929E-9
7.51000E-1	9.99984E-1	2.97464E-9
7.52000E-1	1.00005E+0	1.74823E-9
7.53000E-1	9.99990E-1	2.68541E-9
7.54000E-1	9.99983E-1	3.12174E-9
7.55000E-1	1.00003E+0	2.23817E-9
7.56000E-1	9.99976E-1	1.76693E-9
7.57000E-1	1.00002E+0	2.39431E-9
7.58000E-1	9.99973E-1	2.81288E-9
7.59000E-1	1.00005E+0	2.23443E-9
7.60000E-1	9.99904E-1	3.01017E-9
7.61000E-1	1.00003E+0	1.68559E-9
7.62000E-1	9.99986E-1	2.28398E-9
7.63000E-1	1.00002E+0	2.31453E-9
7.64000E-1	1.00001E+0	2.66297E-9
7.65000E-1	9.99951E-1	2.69351E-9
7.66000E-1	9.99987E-1	1.75384E-9
7.67000E-1	1.00001E+0	3.22895E-9
7.68000E-1	1.00002E+0	1.62699E-9
7.69000E-1	1.00002E+0	3.07686E-9
7.70000E-1	9.99955E-1	2.54984E-9
7.71000E-1	9.99986E-1	2.42829E-9
7.72000E-1	9.99962E-1	1.85108E-9
7.73000E-1	1.00003E+0	2.90576E-9
7.74000E-1	1.00001E+0	2.21137E-9
7.75000E-1	1.00000E+0	2.65050E-9
7.76000E-1	9.99946E-1	1.56217E-9
7.77000E-1	1.00003E+0	2.73683E-9
7.78000E-1	1.00002E+0	2.32980E-9
7.79000E-1	9.99991E-1	1.94022E-9
7.80000E-1	9.99995E-1	2.20856E-9
7.81000E-1	1.00001E+0	2.76925E-9
7.82000E-1	9.99987E-1	2.60874E-9
7.83000E-1	9.99953E-1	1.97824E-9
7.84000E-1	1.00005E+0	2.82504E-9
7.85000E-1	9.99998E-1	2.45883E-9
7.86000E-1	1.00003E+0	1.48706E-9
7.87000E-1	9.99959E-1	2.39151E-9
7.88000E-1	1.00003E+0	3.21992E-9
7.89000E-1	9.99973E-1	2.21666E-9
7.90000E-1	9.99976E-1	2.03309E-9
7.91000E-1	1.00005E+0	2.89173E-9
7.92000E-1	1.00001E+0	1.89097E-9
7.93000E-1	1.00002E+0	2.61996E-9
7.94000E-1	9.99984E-1	2.28835E-9
7.95000E-1	1.00002E+0	2.73185E-9
7.96000E-1	9.99908E-1	2.68385E-9
7.97000E-1	1.00001E+0	2.14685E-9
7.98000E-1	1.00002E+0	1.76413E-9
7.99000E-1	9.99987E-1	3.28911E-9
8.00000E-1	1.00002E+0	1.76007E-9
8.01000E-1	9.99969E-1	2.72219E-9
8.02000E-1	9.99997E-1	1.98977E-9
8.03000E-1	1.00005E+0	2.22321E-9
8.04000E-1	1.00000E+0	2.24471E-9
8.05000E-1	9.99983E-1	2.43483E-9
8.06000E-1	1.00003E+0	2.35349E-9
8.07000E-1	1.00000E+0	3.16756E-9
8.08000E-1	9.99939E-1	2.12348E-9
8.09000E-1	9.99983E-1	2.29240E-9
8.10000E-1	1.00006E+0	1.58804E-9
8.11000E-1	9.99975E-1	2.88643E-9
8.12000E-1	1.00004E+0	2.51119E-9
8.13000E-1	1.00003E+0	2.44075E-9
8.14000E-1	9.99951E-1	2.22196E-9
8.15000E-1	1.00001E+0	2.32980E-9
8.16000E-1	1.00003E+0	2.21729E-9
8.17000E-1	9.99966E-1	2.88051E-9
8.18000E-1	1.00002E+0	1.61141E-9
8.19000E-1	1.00005E+0	2.87303E-9
8.20000E-1	9.99953E-1	1.97014E-9
8.21000E-1	1.00004E+0	3.07187E-9
8.22000E-1	1.00002E+0	2.21355E-9
8.23000E-1	9.99987E-1	2.17552E-9
8.24000E-1	1.00001E+0	2.85558E-9
8.25000E-1	9.99966E-1	2.57976E-9
8.26000E-1	1.00006E+0	1.99601E-9
8.27000E-1	9.99933E-1	1.82833E-9
8.28000E-1	1.00001E+0	3.23456E-9
8.29000E-1	9.99994E-1	1.98042E-9
8.30000E-1	1.00003E+0	1.87383E-9
8.31000E-1	1.00000E+0	2.97713E-9
8.32000E-1	9.99930E-1	2.35286E-9
8.33000E-1	1.00006E+0	2.40366E-9
8.34000E-1	9.99976E-1	2.27308E-9
8.35000E-1	1.00002E+0	1.84734E-9
8.36000E-1	9.99944E-1	2.68697E-9
8.37000E-1	1.00008E+0	2.53924E-9
8.38000E-1	9.99973E-1	1.85638E-9
8.39000E-1	1.00004E+0	2.44979E-9
8.40000E-1	1.00000E+0	2.23038E-9
8.41000E-1	9.99995E-1	2.30829E-9
8.42000E-1	9.99973E-1	2.22726E-9
8.43000E-1	1.00002E+0	2.35910E-9
8.44000E-1	1.00001E+0	3.06969E-9
8.45000E-1	9.99989E-1	1.72236E-9
8.46000E-1	1.00003E+0	2.28585E-9
8.47000E-1	9.99961E-1	2.68884E-9
8.48000E-1	1.00002E+0	2.59846E-9
8.49000E-1	1.00003E+0	2.21261E-9
8.50000E-1	9.99940E-1	1.85638E-9
8.51000E-1	1.00003E+0	2.43078E-9
8.52000E-1	1.00004E+0	2.13781E-9
8.53000E-1	9.99971E-1	2.51150E-9
8.54000E-1	9.99968E-1	2.70380E-9
8.55000E-1	1.00001E+0	2.29209E-9
8.56000E-1	9.99987E-1	2.52241E-9
8.57000E-1	1.00005E+0	1.88599E-9
8.58000E-1	9.99915E-1	2.91355E-9
8.59000E-1	1.00004E+0	2.51680E-9
8.60000E-1	1.00003E+0	1.64850E-9
8.61000E-1	9.99946E-1	2.63243E-9
8.62000E-1	1.00002E+0	2.19703E-9
8.63000E-1	1.00004E+0	2.79667E-9
8.64000E-1	9.99926E-1	2.33042E-9
8.65000E-1	9.99982E-1	2.34881E-9
8.66000E-1	9.99966E-1	1.77192E-9
8.67000E-1	1.00002E+0	2.41644E-9
8.68000E-1	1.00004E+0	2.52553E-9
8.69000E-1	9.99989E-1	2.47691E-9
8.70000E-1	9.99977E-1	1.65473E-9
8.71000E-1	9.99982E-1	2.55825E-9
8.72000E-1	1.00002E+0	2.55700E-9
8.73000E-1	1.00002E+0	2.61902E-9
8.74000E-1	9.99995E-1	2.13283E-9
8.75000E-1	1.00003E+0	1.82303E-9
8.76000E-1	1.00000E+0	2.00068E-9
8.77000E-1	9.99939E-1	3.12236E-9
8.78000E-1	1.00003E+0	1.71925E-9
8.79000E-1	9.99983E-1	2.93973E-9
8.80000E-1	1.00004E+0	2.29676E-9
8.81000E-1	1.00002E+0	2.38372E-9
8.82000E-1	9.99969E-1	1.75478E-9
8.83000E-1	9.99995E-1	2.38122E-9
8.84000E-1	9.99976E-1	2.87927E-9
8.85000E-1	1.00001E+0	2.00224E-9
8.86000E-1	1.00001E+0	1.99788E-9
8.87000E-1	9.99961E-1	2.55545E-9
8.88000E-1	1.00005E+0	1.63447E-9
8.89000E-1	9.99971E-1	3.22085E-9
8.90000E-1	9.99998E-1	1.75633E-9
8.91000E-1	1.00007E+0	2.32699E-9
8.92000E-1	9.99966E-1	2.89828E-9
8.93000E-1	9.99969E-1	1.59770E-9
8.94000E-1	1.00004E+0	2.92165E-9
8.95000E-1	9.99950E-1	2.23692E-9
8.96000E-1	1.00004E+0	1.77940E-9
8.97000E-1	9.99930E-1	2.85807E-9
8.98000E-1	1.00001E+0	2.16836E-9
8.99000E-1	9.99955E-1	2.43203E-9
9.00000E-1	1.00002E+0	2.23692E-9
9.01000E-1	1.00004E+0	2.37717E-9
9.02000E-1	1.00001E+0	1.77784E-9
9.03000E-1	9.99946E-1	2.09543E-9
9.04000E-1	1.00007E+0	2.99645E-9
9.05000E-1	9.99972E-1	2.28087E-9
9.06000E-1	1.00001E+0	1.61827E-9
9.07000E-1	9.99997E-1	3.26074E-9
9.08000E-1	1.00001E+0	2.40148E-9
9.09000E-1	9.99941E-1	1.73389E-9
9.10000E-1	9.99990E-1	3.03011E-9
9.11000E-1	1.00001E+0	2.24627E-9
9.12000E-1	1.00003E+0	2.11475E-9
9.13000E-1	9.99964E-1	1.64663E-9
9.14000E-1	1.00008E+0	2.36720E-9
9.15000E-1	9.99979E-1	2.90264E-9
9.16000E-1	9.99958E-1	2.55108E-9
9.17000E-1	1.00006E+0	1.79186E-9
9.18000E-1	9.99926E-1	2.79231E-9
9.19000E-1	9.99987E-1	1.64351E-9
9.20000E-1	1.00007E+0	2.03777E-9
9.21000E-1	9.99965E-1	2.07423E-9
9.22000E-1	1.00003E+0	2.64520E-9
9.23000E-1	9.99995E-1	2.63274E-9
9.24000E-1	9.99958E-1	2.54921E-9
9.25000E-1	1.00004E+0	2.20357E-9
9.26000E-1	9.99946E-1	1.47365E-9
9.27000E-1	1.00001E+0	2.41177E-9
9.28000E-1	1.00002E+0	2.42548E-9
9.29000E-1	1.00004E+0	2.14000E-9
9.30000E-1	1.00004E+0	2.34258E-9
9.31000E-1	9.99995E-1	2.16493E-9
9.32000E-1	1.00000E+0	2.59534E-9
9.33000E-1	1.00002E+0	2.30985E-9
9.34000E-1	9.99975E-1	2.95531E-9
9.35000E-1	1.00002E+0	2.41862E-9
9.36000E-1	9.99946E-1	1.41568E-9
9.37000E-1	9.99979E-1	2.89017E-9
9.38000E-1	1.00005E+0	1.68621E-9
9.39000E-1	1.00001E+0	3.04944E-9
9.40000E-1	9.99896E-1	2.12909E-9
9.41000E-1	1.00009E+0	2.34632E-9
9.42000E-1	9.99925E-1	2.59877E-9
9.43000E-1	1.00001E+0	2.02904E-9
9.44000E-1	1.00001E+0	2.47753E-9
9.45000E-1	9.99991E-1	1.65878E-9
9.46000E-1	1.00002E+0	2.57383E-9
9.47000E-1	9.99971E-1	1.94676E-9
9.48000E-1	1.00002E+0	2.24409E-9
9.49000E-1	1.00003E+0	2.27931E-9
9.50000E-1	9.99980E-1	2.85028E-9
9.51000E-1	9.99998E-1	1.68403E-9
9.52000E-1	1.00002E+0	2.99614E-9
9.53000E-1	1.00001E+0	1.78033E-9
9.54000E-1	1.00000E+0	2.22757E-9
9.55000E-1	1.00002E+0	2.70255E-9
9.56000E-1	9.99955E-1	2.33790E-9
9.57000E-1	1.00002E+0	2.25967E-9
9.58000E-1	9.99991E-1	2.33042E-9
9.59000E-1	9.99990E-1	1.58741E-9
9.60000E-1	9.99995E-1	2.49716E-9
9.61000E-1	1.00001E+0	2.31266E-9
9.62000E-1	9.99998E-1	2.58007E-9
9.63000E-1	1.00001E+0	2.11070E-9
9.64000E-1	9.99968E-1	2.80291E-9
9.65000E-1	9.99983E-1	2.48968E-9
9.66000E-1	1.00001E+0	1.95798E-9
9.67000E-1	1.00001E+0	2.57196E-9
9.68000E-1	9.99977E-1	2.23194E-9
9.69000E-1	9.99984E-1	1.68029E-9
9.70000E-1	1.00006E+0	2.47472E-9
9.71000E-1	9.99910E-1	2.34756E-9
9.72000E-1	9.99990E-1	2.13813E-9
9.73000E-1	1.00003E+0	2.20139E-9
9.74000E-1	1.00005E+0	2.30611E-9
9.75000E-1	9.99950E-1	2.78608E-9
9.76000E-1	1.00005E+0	1.14796E-9
9.77000E-1	9.99971E-1	2.68759E-9
9.78000E-1	9.99997E-1	2.44605E-9
9.79000E-1	1.00003E+0	1.93804E-9
9.80000E-1	1.00001E+0	2.15496E-9
9.81000E-1	1.00001E+0	2.82379E-9
9.82000E-1	1.00001E+0	1.87820E-9
9.83000E-1	1.00001E+0	2.74276E-9
9.84000E-1	1.00004E+0	1.73639E-9
9.85000E-1	9.99971E-1	2.46693E-9
9.86000E-1	1.00001E+0	2.05491E-9
9.87000E-1	9.99984E-1	2.70785E-9
9.88000E-1	9.99995E-1	2.12940E-9
9.89000E-1	1.00003E+0	1.88038E-9
9.90000E-1	1.00003E+0	2.77049E-9
9.91000E-1	1.00001E+0	2.17490E-9
9.92000E-1	1.00001E+0	1.55001E-9
9.93000E-1	1.00003E+0	2.54360E-9
9.94000E-1	1.00003E+0	2.44854E-9
9.95000E-1	9.99937E-1	2.70224E-9
9.96000E-1	9.99997E-1	1.86043E-9
9.97000E-1	1.00004E+0	4.87953E-9
9.98000E-1	9.99332E-1	9.47420E-8
9.99000E-1	9.99917E-1	1.98667E-7
1.00000E+0	9.99968E-1	2.03252E-7
1.00100E+0	1.00015E+0	2.01388E-7
1.00200E+0	1.00048E+0	8.37814E-8
1.00300E+0	1.00004E+0	3.81233E-8
1.00400E+0	1.00003E+0	2.68111E-8
1.00500E+0	1.00010E+0	1.93611E-8
1.00600E+0	9.99930E-1	1.63463E-8
1.00700E+0	1.00006E+0	1.38614E-8
1.00800E+0	1.00001E+0	1.25749E-8
1.00900E+0	9.99977E-1	1.03050E-8
1.01000E+0	1.00001E+0	9.85964E-9
1.01100E+0	1.00001E+0	9.42767E-9
1.01200E+0	9.99994E-1	8.20906E-9
1.01300E+0	1.00002E+0	8.67905E-9
1.01400E+0	1.00001E+0	7.23043E-9
1.01500E+0	1.00001E+0	6.59775E-9
1.01600E+0	9.99986E-1	7.14565E-9
1.01700E+0	9.99986E-1	6.50362E-9
1.01800E+0	1.00000E+0	5.64748E-9
1.01900E+0	9.99959E-1	6.05950E-9
1.02000E+0	1.00008E+0	5.72820E-9
1.02100E+0	9.99954E-1	5.97036E-9
1.02200E+0	9.99989E-1	4.86520E-9
1.02300E+0	1.00001E+0	4.56943E-9
1.02400E+0	1.00000E+0	5.78586E-9
1.02500E+0	1.00006E+0	4.31012E-9
1.02600E+0	9.99932E-1	4.98488E-9
1.02700E+0	1.00004E+0	4.81533E-9
1.02800E+0	9.99914E-1	4.36092E-9
1.02900E+0	1.00004E+0	3.85416E-9
1.03000E+0	1.00001E+0	5.34360E-9
1.03100E+0	1.00001E+0	3.60015E-9
1.03200E+0	1.00004E+0	4.33350E-9
1.03300E+0	9.99984E-1	4.05767E-9
1.03400E+0	9.99977E-1	4.54044E-9
1.03500E+0	1.00002E+0	3.27196E-9
1.03600E+0	1.00004E+0	4.16707E-9
1.03700E+0	9.99958E-1	4.02277E-9
1.03800E+0	1.00006E+0	3.66809E-9
1.03900E+0	1.00000E+0	3.47922E-9
1.04000E+0	9.99962E-1	3.94423E-9
1.04100E+0	9.99986E-1	4.06952E-9
1.04200E+0	1.00007E+0	2.92352E-9
1.04300E+0	9.99954E-1	4.51987E-9
1.04400E+0	9.99968E-1	3.16132E-9
1.04500E+0	1.00003E+0	3.49730E-9
1.04600E+0	1.00005E+0	3.00113E-9
1.04700E+0	9.99935E-1	4.08853E-9
1.04800E+0	9.99994E-1	2.74400E-9
1.04900E+0	1.00007E+0	3.83203E-9
1.05000E+0	9.99936E-1	2.77361E-9
1.05100E+0	9.99980E-1	4.20010E-9
1.05200E+0	1.00000E+0	3.30718E-9
1.05300E+0	9.99980E-1	2.35068E-9
1.05400E+0	1.00001E+0	4.03648E-9
1.05500E+0	1.00003E+0	2.57508E-9
1.05600E+0	9.99993E-1	4.02495E-9
1.05700E+0	9.99946E-1	2.43327E-9
1.05800E+0	1.00001E+0	3.43341E-9
1.05900E+0	9.99998E-1	2.97993E-9
1.06000E+0	9.99979E-1	3.27976E-9
1.06100E+0	1.00005E+0	2.36408E-9
1.06200E+0	9.99972E-1	3.57615E-9
1.06300E+0	1.00004E+0	2.69008E-9
1.06400E+0	1.00005E+0	3.25981E-9
1.06500E+0	9.99955E-1	2.58318E-9
1.06600E+0	9.99977E-1	3.51195E-9
1.06700E+0	1.00005E+0	3.39601E-9
1.06800E+0	1.00001E+0	2.42922E-9
1.06900E+0	9.99969E-1	3.02855E-9
1.07000E+0	1.00005E+0	2.60001E-9
1.07100E+0	1.00000E+0	3.66716E-9
1.07200E+0	1.00004E+0	2.72187E-9
1.07300E+0	9.99923E-1	2.79169E-9
1.07400E+0	9.99995E-1	3.10865E-9
1.07500E+0	9.99965E-1	2.55295E-9
1.07600E+0	1.00001E+0	2.41052E-9
1.07700E+0	9.99991E-1	3.53875E-9
1.07800E+0	1.00004E+0	2.40117E-9
1.07900E+0	9.99975E-1	2.79293E-9
1.08000E+0	9.99982E-1	3.00892E-9
1.08100E+0	1.00008E+0	2.96903E-9
1.08200E+0	9.99940E-1	2.76800E-9
1.08300E+0	9.99990E-1	2.65081E-9
1.08400E+0	1.00002E+0	3.58238E-9
1.08500E+0	1.00003E+0	2.47348E-9
1.08600E+0	9.99953E-1	2.28211E-9
1.08700E+0	1.00002E+0	3.42125E-9
1.08800E+0	9.99986E-1	2.64209E-9
1.08900E+0	1.00001E+0	2.00380E-9
1.09000E+0	1.00001E+0	2.64458E-9
1.09100E+0	1.00002E+0	3.77156E-9
1.09200E+0	9.99995E-1	2.70380E-9
1.09300E+0	9.99912E-1	2.35317E-9
1.09400E+0	9.99991E-1	2.69227E-9
1.09500E+0	1.00005E+0	2.60188E-9
1.09600E+0	9.99997E-1	2.71969E-9
1.09700E+0	9.99969E-1	2.68728E-9
1.09800E+0	9.99962E-1	2.85153E-9
1.09900E+0	1.00005E+0	2.08078E-9
1.10000E+0	1.00005E+0	3.31342E-9
1.10100E+0	9.99994E-1	2.54516E-9
1.10200E+0	9.99911E-1	2.85028E-9
1.10300E+0	1.00006E+0	2.19111E-9
1.10400E+0	9.99976E-1	2.43203E-9
1.10500E+0	1.00002E+0	2.68541E-9
1.10600E+0	1.00001E+0	3.40286E-9
1.10700E+0	9.99969E-1	1.55749E-9
1.10800E+0	1.00002E+0	3.66310E-9
1.10900E+0	1.00001E+0	1.67312E-9
1.11000E+0	9.99979E-1	3.81364E-9
1.11100E+0	9.99940E-1	2.21230E-9
1.11200E+0	1.00004E+0	2.85901E-9
1.11300E+0	9.99939E-1	2.13407E-9
1.11400E+0	1.00001E+0	2.83345E-9
1.11500E+0	1.00002E+0	2.22290E-9
1.11600E+0	1.00004E+0	2.29583E-9
1.11700E+0	9.99991E-1	2.78109E-9
1.11800E+0	1.00000E+0	3.06720E-9
1.11900E+0	9.99980E-1	2.35317E-9
1.12000E+0	1.00002E+0	2.89298E-9
1.12100E+0	9.99955E-1	1.66377E-9
1.12200E+0	9.99989E-1	3.23114E-9
1.12300E+0	1.00009E+0	2.35130E-9
1.12400E+0	9.99971E-1	2.66328E-9
1.12500E+0	9.99977E-1	2.29707E-9
1.12600E+0	1.00002E+0	2.71065E-9
1.12700E+0	9.99982E-1	2.06239E-9
1.12800E+0	1.00003E+0	2.77236E-9
1.12900E+0	9.99932E-1	2.56137E-9
1.13000E+0	1.00006E+0	2.27619E-9
1.13100E+0	9.99961E-1	2.83688E-9
1.13200E+0	1.00003E+0	2.83220E-9
1.13300E+0	9.99939E-1	1.94770E-9
1.13400E+0	1.00006E+0	2.83594E-9
1.13500E+0	9.99973E-1	2.84935E-9
1.13600E+0	1.00002E+0	2.26404E-9
1.13700E+0	9.99993E-1	2.46911E-9
1.13800E+0	1.00000E+0	2.10041E-9
1.13900E+0	9.99961E-1	2.95344E-9
1.14000E+0	1.00001E+0	2.51898E-9
1.14100E+0	1.00003E+0	2.10509E-9
1.14200E+0	9.99987E-1	2.23910E-9
1.14300E+0	1.00003E+0	2.69694E-9
1.14400E+0	9.99958E-1	2.41083E-9
1.14500E+0	1.00006E+0	2.52895E-9
1.14600E+0	9.99953E-1	2.61622E-9
1.14700E+0	9.99968E-1	2.40398E-9
1.14800E+0	1.00003E+0	2.95874E-9
1.14900E+0	9.99966E-1	1.85763E-9
1.15000E+0	1.00004E+0	2.03839E-9
1.15100E+0	1.00001E+0	2.77735E-9
1.15200E+0	9.99976E-1	3.27820E-9
1.15300E+0	1.00006E+0	1.80340E-9
1.15400E+0	9.99929E-1	2.85090E-9
1.15500E+0	9.99984E-1	2.48470E-9
1.15600E+0	1.00004E+0	1.66097E-9
1.15700E+0	1.00002E+0	2.82254E-9
1.15800E+0	9.99930E-1	2.23007E-9
1.15900E+0	1.00004E+0	2.26965E-9
1.16000E+0	1.00003E+0	2.41551E-9
1.16100E+0	1.00003E+0	2.69258E-9
1.16200E+0	9.99940E-1	2.78452E-9
1.16300E+0	1.00002E+0	2.18612E-9
1.16400E+0	9.99997E-1	2.15153E-9
1.16500E+0	1.00002E+0	2.73434E-9
1.16600E+0	9.99994E-1	2.34975E-9
1.16700E+0	1.00001E+0	2.46569E-9
1.16800E+0	9.99939E-1	2.38496E-9
1.16900E+0	1.00001E+0	2.89329E-9
1.17000E+0	1.00002E+0	1.93835E-9
1.17100E+0	9.99989E-1	2.98866E-9
1.17200E+0	9.99991E-1	1.69120E-9
1.17300E+0	1.00000E+0	2.88862E-9
1.17400E+0	1.00000E+0	2.09480E-9
1.17500E+0	9.99954E-1	2.19111E-9
1.17600E+0	1.00002E+0	2.72686E-9
1.17700E+0	1.00002E+0	1.73950E-9
1.17800E+0	1.00000E+0	2.94939E-9
1.17900E+0	1.00002E+0	1.69276E-9
1.18000E+0	9.99993E-1	3.05972E-9
1.18100E+0	9.99961E-1	2.31172E-9
1.18200E+0	1.00004E+0	2.43016E-9
1.18300E+0	1.00003E+0	1.82739E-9
1.18400E+0	9.99936E-1	2.45447E-9
1.18500E+0	1.00007E+0	2.65113E-9
1.18600E+0	1.00001E+0	2.36221E-9
1.18700E+0	9.99950E-1	1.78688E-9
1.18800E+0	1.00008E+0	2.36439E-9
1.18900E+0	9.99958E-1	2.44200E-9
1.19000E+0	1.00003E+0	2.98679E-9
1.19100E+0	9.99990E-1	1.89721E-9
1.19200E+0	9.99972E-1	2.52179E-9
1.19300E+0	9.99980E-1	2.13033E-9
1.19400E+0	1.00003E+0	2.29022E-9
1.19500E+0	1.00001E+0	2.95251E-9
1.19600E+0	9.99979E-1	2.31546E-9
1.19700E+0	9.99998E-1	1.57837E-9
1.19800E+0	1.00001E+0	2.33946E-9
1.19900E+0	1.00005E+0	2.22321E-9
