## Header ##
[General info]
User	Giorgos_Psaltakis
Device	Sample
Cell area (cm2)	1
Test	Memristor
Date	2024-03-03
Time	03:40:47
Note	

[Acquisition Settings]
Sampling time (s)	5.000E-1
Voltage Range (V)	6.000E+0
Current Range (A)	1.000E-5
Current Limit (A)	1.000E-5

[Waveform Settings]
V_HRS (V)	2.0000
V_LRS (V)	2.0000
V_READ (V)	2.0000
t_HRS (s)	0.0200
t_LRS (s)	0.0200
t_READ (s)	0.0000
d_HRS (s)	0.0000
d_LRS (s)	0.0000
d_READ (s)	0.0000
Cycles	10

## Data ##
Time (s)	Voltage (V)	Current (A)
0.00000E+0	1.88491E+0	1.28410E-6
5.00000E-4	1.99998E+0	4.45104E-8
1.00000E-3	1.99996E+0	3.04505E-8
1.50000E-3	2.00003E+0	2.21799E-8
2.00000E-3	1.99997E+0	2.18814E-8
2.50000E-3	2.00004E+0	1.61045E-8
3.00000E-3	1.99998E+0	1.64527E-8
3.50000E-3	2.00004E+0	1.49852E-8
4.00000E-3	2.00006E+0	1.40462E-8
4.50000E-3	1.99995E+0	1.35052E-8
5.00000E-3	2.00001E+0	1.29144E-8
5.50000E-3	2.00001E+0	1.10427E-8
6.00000E-3	1.99999E+0	1.29020E-8
6.50000E-3	2.00001E+0	1.12976E-8
7.00000E-3	2.00007E+0	9.57512E-9
7.50000E-3	1.99996E+0	1.33000E-8
8.00000E-3	1.99995E+0	1.12168E-8
8.50000E-3	2.00003E+0	1.03027E-8
9.00000E-3	1.99999E+0	1.01721E-8
9.50000E-3	2.00002E+0	1.05949E-8
1.00000E-2	1.99998E+0	9.27663E-9
1.05000E-2	1.99999E+0	1.04457E-8
1.10000E-2	2.00005E+0	7.30538E-9
1.15000E-2	2.00001E+0	9.25176E-9
1.20000E-2	1.99999E+0	1.14904E-8
1.25000E-2	2.00002E+0	9.91092E-9
1.30000E-2	1.99998E+0	9.07764E-9
1.35000E-2	1.99996E+0	8.81025E-9
1.40000E-2	2.00004E+0	7.32404E-9
1.45000E-2	1.99993E+0	9.36369E-9
1.50000E-2	2.00006E+0	7.51681E-9
1.55000E-2	2.00001E+0	8.41849E-9
1.60000E-2	2.00000E+0	8.45580E-9
1.65000E-2	1.99998E+0	1.11360E-8
1.70000E-2	2.00002E+0	5.88136E-9
1.75000E-2	1.99996E+0	1.01223E-8
1.80000E-2	2.00006E+0	7.44841E-9
1.85000E-2	2.00000E+0	6.69597E-9
1.90000E-2	1.99994E+0	1.08002E-8
1.95000E-2	2.00006E+0	7.89614E-9
2.00000E-2	1.99999E+0	6.75194E-9
2.05000E-2	1.99996E+0	8.69210E-9
2.10000E-2	2.00009E+0	5.99329E-9
2.15000E-2	1.99995E+0	9.30773E-9
2.20000E-2	2.00004E+0	6.90740E-9
2.25000E-2	2.00000E+0	7.92101E-9
2.30000E-2	1.99999E+0	7.98941E-9
2.35000E-2	2.00003E+0	9.05899E-9
2.40000E-2	1.99999E+0	6.82034E-9
2.45000E-2	2.00000E+0	7.78420E-9
2.50000E-2	2.00002E+0	8.95949E-9
2.55000E-2	2.00000E+0	7.21832E-9
2.60000E-2	2.00001E+0	9.51294E-9
2.65000E-2	1.99997E+0	9.68083E-9
2.70000E-2	1.99999E+0	5.50203E-9
2.75000E-2	1.99999E+0	9.22067E-9
2.80000E-2	2.00006E+0	7.59765E-9
2.85000E-2	1.99995E+0	7.52925E-9
2.90000E-2	1.99998E+0	8.35630E-9
2.95000E-2	2.00005E+0	8.55529E-9
3.00000E-2	2.00000E+0	5.68858E-9
3.05000E-2	1.99996E+0	1.05203E-8
3.10000E-2	2.00007E+0	7.72824E-9
3.15000E-2	1.99994E+0	9.84251E-9
3.20000E-2	2.00005E+0	9.53781E-9
3.25000E-2	2.00004E+0	8.54286E-9
3.30000E-2	1.99997E+0	9.83630E-9
3.35000E-2	2.00001E+0	9.27042E-9
3.40000E-2	2.00003E+0	1.10551E-8
3.45000E-2	1.99998E+0	9.58756E-9
3.50000E-2	2.00001E+0	9.33882E-9
3.55000E-2	2.00000E+0	9.89226E-9
3.60000E-2	1.99998E+0	8.31277E-9
3.65000E-2	2.00000E+0	1.06447E-8
3.70000E-2	2.00001E+0	9.40722E-9
3.75000E-2	1.99997E+0	9.13361E-9
3.80000E-2	2.00004E+0	9.18958E-9
3.85000E-2	2.00002E+0	9.84251E-9
3.90000E-2	2.00000E+0	7.79664E-9
3.95000E-2	2.00002E+0	9.16470E-9
4.00000E-2	2.00003E+0	9.59999E-9
4.05000E-2	1.99996E+0	3.33856E-8
4.10000E-2	2.00002E+0	3.97222E-8
4.15000E-2	2.00001E+0	3.43432E-8
4.20000E-2	1.99997E+0	3.61031E-8
4.25000E-2	1.99998E+0	3.21481E-8
4.30000E-2	2.00003E+0	3.09169E-8
4.35000E-2	1.99999E+0	3.11656E-8
4.40000E-2	2.00000E+0	3.16880E-8
4.45000E-2	1.99999E+0	2.55939E-8
4.50000E-2	1.99998E+0	2.71920E-8
4.55000E-2	2.00003E+0	2.89021E-8
4.60000E-2	1.99999E+0	2.34734E-8
4.65000E-2	2.00001E+0	2.58986E-8
4.70000E-2	1.99998E+0	2.66759E-8
4.75000E-2	2.00001E+0	2.13529E-8
4.80000E-2	1.99996E+0	2.61038E-8
4.85000E-2	2.00003E+0	2.25406E-8
4.90000E-2	1.99999E+0	2.13964E-8
4.95000E-2	1.99997E+0	2.12783E-8
5.00000E-2	1.99991E+0	4.67926E-8
5.05000E-2	2.00003E+0	1.36886E-7
5.10000E-2	2.00002E+0	1.08368E-7
5.15000E-2	2.00005E+0	8.97311E-8
5.20000E-2	2.00000E+0	7.45518E-8
5.25000E-2	1.99999E+0	6.96081E-8
5.30000E-2	2.00004E+0	5.97705E-8
5.35000E-2	1.99998E+0	5.55109E-8
5.40000E-2	1.99999E+0	5.30235E-8
5.45000E-2	2.00009E+0	4.70849E-8
5.50000E-2	1.99998E+0	4.67802E-8
5.55000E-2	2.00001E+0	4.24521E-8
5.60000E-2	2.00003E+0	4.10467E-8
5.65000E-2	2.00001E+0	3.86837E-8
5.70000E-2	1.99999E+0	3.85345E-8
5.75000E-2	2.00004E+0	3.29876E-8
5.80000E-2	1.99996E+0	3.58730E-8
5.85000E-2	2.00001E+0	3.45920E-8
5.90000E-2	2.00001E+0	3.15822E-8
5.95000E-2	1.99997E+0	2.96732E-8
6.00000E-2	1.99986E+0	1.18373E-7
6.05000E-2	2.00008E+0	1.44037E-7
6.10000E-2	1.99994E+0	1.14045E-7
6.15000E-2	2.00003E+0	9.44136E-8
6.20000E-2	2.00003E+0	7.82456E-8
6.25000E-2	1.99998E+0	7.30780E-8
6.30000E-2	2.00002E+0	6.37876E-8
6.35000E-2	2.00004E+0	6.15117E-8
6.40000E-2	1.99997E+0	5.44848E-8
6.45000E-2	2.00005E+0	5.13445E-8
6.50000E-2	2.00000E+0	4.95101E-8
6.55000E-2	1.99995E+0	4.58660E-8
6.60000E-2	2.00003E+0	4.49768E-8
6.65000E-2	2.00002E+0	3.93553E-8
6.70000E-2	1.99998E+0	4.01326E-8
6.75000E-2	2.00002E+0	4.09472E-8
6.80000E-2	1.99999E+0	3.59974E-8
6.85000E-2	1.99993E+0	3.55869E-8
6.90000E-2	2.00006E+0	3.38769E-8
6.95000E-2	1.99996E+0	3.60160E-8
7.00000E-2	1.99995E+0	1.57114E-7
7.05000E-2	2.00002E+0	1.32676E-7
7.10000E-2	1.99998E+0	1.05389E-7
7.15000E-2	1.99998E+0	9.19386E-8
7.20000E-2	2.00002E+0	7.72257E-8
7.25000E-2	1.99996E+0	7.02362E-8
7.30000E-2	2.00003E+0	6.55164E-8
7.35000E-2	2.00004E+0	5.63690E-8
7.40000E-2	1.99994E+0	5.69909E-8
7.45000E-2	2.00001E+0	5.13507E-8
7.50000E-2	2.00000E+0	4.88074E-8
7.55000E-2	1.99996E+0	4.66993E-8
7.60000E-2	2.00004E+0	4.41746E-8
7.65000E-2	1.99998E+0	4.15007E-8
7.70000E-2	1.99993E+0	4.09846E-8
7.75000E-2	2.00004E+0	3.81862E-8
7.80000E-2	1.99999E+0	3.58730E-8
7.85000E-2	1.99998E+0	3.75333E-8
7.90000E-2	2.00005E+0	3.31493E-8
7.95000E-2	1.99988E+0	7.24251E-8
8.00000E-2	2.00003E+0	1.58831E-7
8.05000E-2	2.00004E+0	1.21259E-7
8.10000E-2	2.00001E+0	9.87292E-8
8.15000E-2	1.99996E+0	8.68457E-8
8.20000E-2	2.00008E+0	7.39237E-8
8.25000E-2	1.99993E+0	6.83396E-8
8.30000E-2	2.00006E+0	6.20029E-8
8.35000E-2	2.00000E+0	5.80604E-8
8.40000E-2	1.99997E+0	5.29116E-8
8.45000E-2	1.99998E+0	5.31416E-8
8.50000E-2	2.00004E+0	4.56422E-8
8.55000E-2	1.99998E+0	4.72030E-8
8.60000E-2	1.99999E+0	4.29869E-8
8.65000E-2	2.00002E+0	4.12893E-8
8.70000E-2	2.00002E+0	3.93491E-8
8.75000E-2	2.00001E+0	4.04311E-8
8.80000E-2	2.00000E+0	3.67684E-8
8.85000E-2	1.99997E+0	3.77758E-8
8.90000E-2	2.00001E+0	3.37401E-8
8.95000E-2	1.99992E+0	1.23106E-7
9.00000E-2	2.00003E+0	1.41319E-7
9.05000E-2	2.00003E+0	1.12938E-7
9.10000E-2	2.00001E+0	9.42146E-8
9.15000E-2	2.00000E+0	7.98375E-8
9.20000E-2	2.00001E+0	7.58825E-8
9.25000E-2	2.00002E+0	6.39307E-8
9.30000E-2	1.99994E+0	6.28113E-8
9.35000E-2	2.00005E+0	5.44475E-8
9.40000E-2	2.00001E+0	5.26442E-8
9.45000E-2	1.99999E+0	5.19415E-8
9.50000E-2	2.00007E+0	4.51012E-8
9.55000E-2	1.99996E+0	4.51571E-8
9.60000E-2	1.99999E+0	4.58039E-8
9.65000E-2	2.00005E+0	4.00456E-8
9.70000E-2	1.99995E+0	4.07296E-8
9.75000E-2	2.00000E+0	3.95481E-8
9.80000E-2	2.00004E+0	3.59849E-8
9.85000E-2	1.99995E+0	3.59165E-8
9.90000E-2	1.99995E+0	4.04498E-8
9.95000E-2	1.99998E+0	1.54148E-7
1.00000E-1	2.00003E+0	1.29212E-7
1.00500E-1	1.99999E+0	1.05078E-7
1.01000E-1	2.00001E+0	8.73307E-8
1.01500E-1	1.99996E+0	7.84756E-8
1.02000E-1	2.00006E+0	7.04041E-8
1.02500E-1	1.99999E+0	6.19159E-8
1.03000E-1	2.00001E+0	6.02245E-8
1.03500E-1	2.00004E+0	5.52870E-8
1.04000E-1	1.99995E+0	5.21716E-8
1.04500E-1	2.00000E+0	4.95847E-8
1.05000E-1	2.00006E+0	4.65874E-8
1.05500E-1	1.99996E+0	4.22531E-8
1.06000E-1	1.99999E+0	4.55800E-8
1.06500E-1	2.00003E+0	4.05617E-8
1.07000E-1	1.99999E+0	3.80183E-8
1.07500E-1	1.99999E+0	3.93553E-8
1.08000E-1	2.00001E+0	3.62834E-8
1.08500E-1	1.99998E+0	3.72597E-8
1.09000E-1	1.99991E+0	8.32079E-8
1.09500E-1	2.00004E+0	1.49391E-7
1.10000E-1	1.99998E+0	1.21047E-7
1.10500E-1	2.00006E+0	9.62915E-8
1.11000E-1	2.00003E+0	8.35437E-8
1.11500E-1	1.99993E+0	7.73501E-8
1.12000E-1	2.00006E+0	6.81281E-8
1.12500E-1	2.00001E+0	6.11137E-8
1.13000E-1	1.99995E+0	5.97830E-8
1.13500E-1	2.00007E+0	5.31790E-8
1.14000E-1	1.99993E+0	5.03060E-8
1.14500E-1	2.00002E+0	4.90312E-8
1.15000E-1	2.00002E+0	4.55676E-8
1.15500E-1	2.00001E+0	4.51447E-8
1.16000E-1	1.99998E+0	4.39508E-8
1.16500E-1	2.00007E+0	3.90941E-8
1.17000E-1	2.00001E+0	3.79810E-8
1.17500E-1	2.00000E+0	4.08415E-8
1.18000E-1	2.00003E+0	3.46604E-8
1.18500E-1	1.99999E+0	3.57175E-8
1.19000E-1	1.99992E+0	1.26569E-7
1.19500E-1	2.00008E+0	1.38011E-7
1.20000E-1	2.00001E+0	1.09307E-7
1.20500E-1	2.00005E+0	9.36673E-8
1.21000E-1	2.00001E+0	7.93151E-8
1.21500E-1	1.99999E+0	7.39735E-8
1.22000E-1	2.00002E+0	6.50065E-8
1.22500E-1	2.00005E+0	6.02245E-8
1.23000E-1	1.99998E+0	5.76251E-8
1.23500E-1	2.00000E+0	5.41242E-8
1.24000E-1	1.99999E+0	5.16803E-8
1.24500E-1	2.00000E+0	4.72652E-8
1.25000E-1	1.99997E+0	4.55738E-8
1.25500E-1	1.99999E+0	4.40627E-8
1.26000E-1	2.00006E+0	4.09286E-8
1.26500E-1	2.00003E+0	4.26884E-8
1.27000E-1	1.99999E+0	3.70980E-8
1.27500E-1	1.99995E+0	3.98652E-8
1.28000E-1	2.00005E+0	3.41567E-8
1.28500E-1	1.99998E+0	4.43550E-8
1.29000E-1	1.99992E+0	1.60653E-7
1.29500E-1	2.00008E+0	1.25891E-7
1.30000E-1	1.99998E+0	1.00893E-7
1.30500E-1	1.99999E+0	8.93828E-8
1.31000E-1	2.00006E+0	7.57457E-8
1.31500E-1	1.99999E+0	7.00745E-8
1.32000E-1	1.99993E+0	6.58335E-8
1.32500E-1	2.00005E+0	5.92606E-8
1.33000E-1	1.99998E+0	5.57783E-8
1.33500E-1	1.99996E+0	5.41366E-8
1.34000E-1	2.00002E+0	4.62827E-8
1.34500E-1	1.99999E+0	4.66993E-8
1.35000E-1	2.00004E+0	4.70849E-8
1.35500E-1	1.99999E+0	4.33040E-8
1.36000E-1	1.99994E+0	4.19733E-8
1.36500E-1	2.00002E+0	4.04871E-8
1.37000E-1	2.00003E+0	3.60409E-8
1.37500E-1	1.99995E+0	3.87521E-8
1.38000E-1	2.00004E+0	3.48842E-8
1.38500E-1	1.99994E+0	8.92833E-8
1.39000E-1	2.00004E+0	1.48707E-7
1.39500E-1	2.00004E+0	1.16122E-7
1.40000E-1	2.00000E+0	9.65589E-8
1.40500E-1	2.00001E+0	8.47812E-8
1.41000E-1	2.00005E+0	7.42782E-8
1.41500E-1	1.99999E+0	6.72389E-8
1.42000E-1	1.99996E+0	6.47018E-8
1.42500E-1	2.00006E+0	5.65742E-8
1.43000E-1	1.99999E+0	5.43480E-8
1.43500E-1	1.99996E+0	5.07911E-8
1.44000E-1	2.00006E+0	4.97775E-8
1.44500E-1	1.99995E+0	4.53997E-8
1.45000E-1	2.00000E+0	4.62516E-8
1.45500E-1	1.99999E+0	3.94175E-8
1.46000E-1	1.99996E+0	4.31050E-8
1.46500E-1	2.00006E+0	3.89387E-8
1.47000E-1	1.99999E+0	3.79064E-8
1.47500E-1	1.99999E+0	3.68555E-8
1.48000E-1	2.00003E+0	3.93056E-8
1.48500E-1	1.99989E+0	1.31096E-7
1.49000E-1	2.00003E+0	1.35095E-7
1.49500E-1	2.00006E+0	1.07528E-7
1.50000E-1	1.99997E+0	9.17210E-8
1.50500E-1	1.99998E+0	8.03163E-8
1.51000E-1	2.00004E+0	7.07274E-8
1.51500E-1	1.99999E+0	6.61880E-8
1.52000E-1	2.00003E+0	6.08090E-8
1.52500E-1	2.00000E+0	5.81599E-8
1.53000E-1	1.99995E+0	5.38008E-8
1.53500E-1	2.00004E+0	4.82975E-8
1.54000E-1	1.99999E+0	4.81855E-8
1.54500E-1	1.99997E+0	4.79057E-8
1.55000E-1	2.00005E+0	4.31610E-8
1.55500E-1	1.99998E+0	4.04933E-8
1.56000E-1	1.99999E+0	4.32792E-8
1.56500E-1	2.00000E+0	3.74152E-8
1.57000E-1	2.00000E+0	3.85531E-8
1.57500E-1	2.00000E+0	3.69177E-8
1.58000E-1	1.99997E+0	4.71160E-8
1.58500E-1	1.99996E+0	1.61666E-7
1.59000E-1	2.00004E+0	1.24368E-7
1.59500E-1	2.00002E+0	9.90774E-8
1.60000E-1	1.99997E+0	8.95569E-8
1.60500E-1	2.00006E+0	7.70578E-8
1.61000E-1	2.00000E+0	6.94962E-8
1.61500E-1	1.99995E+0	6.39866E-8
1.62000E-1	2.00006E+0	5.99944E-8
1.62500E-1	2.00000E+0	5.49761E-8
1.63000E-1	1.99993E+0	5.25011E-8
1.63500E-1	2.00004E+0	4.77378E-8
1.64000E-1	1.99997E+0	4.75264E-8
1.64500E-1	2.00003E+0	4.68797E-8
1.65000E-1	2.00002E+0	4.08975E-8
1.65500E-1	2.00000E+0	4.34035E-8
1.66000E-1	1.99996E+0	4.24148E-8
1.66500E-1	2.00005E+0	3.65570E-8
1.67000E-1	1.99997E+0	3.93553E-8
1.67500E-1	2.00001E+0	3.64513E-8
1.68000E-1	1.99992E+0	9.73362E-8
1.68500E-1	1.99996E+0	1.44516E-7
1.69000E-1	2.00005E+0	1.14188E-7
1.69500E-1	2.00004E+0	9.55204E-8
1.70000E-1	1.99995E+0	8.21134E-8
1.70500E-1	2.00006E+0	7.42782E-8
1.71000E-1	2.00000E+0	6.82401E-8
1.71500E-1	1.99997E+0	6.26124E-8
1.72000E-1	2.00002E+0	5.79174E-8
1.72500E-1	1.99999E+0	5.33158E-8
1.73000E-1	1.99994E+0	5.29053E-8
1.73500E-1	2.00009E+0	4.92364E-8
1.74000E-1	1.99998E+0	4.44918E-8
1.74500E-1	1.99996E+0	4.74580E-8
1.75000E-1	2.00004E+0	4.26760E-8
1.75500E-1	2.00002E+0	4.09410E-8
1.76000E-1	1.99997E+0	4.07234E-8
1.76500E-1	2.00003E+0	3.74525E-8
1.77000E-1	2.00001E+0	3.90195E-8
1.77500E-1	2.00000E+0	3.92247E-8
1.78000E-1	1.99994E+0	1.36146E-7
1.78500E-1	1.99996E+0	1.33696E-7
1.79000E-1	2.00007E+0	1.05806E-7
1.79500E-1	2.00000E+0	9.00544E-8
1.80000E-1	1.99999E+0	8.12304E-8
1.80500E-1	2.00001E+0	7.35693E-8
1.81000E-1	2.00001E+0	6.29979E-8
1.81500E-1	1.99996E+0	6.08339E-8
1.82000E-1	2.00009E+0	5.73951E-8
1.82500E-1	2.00000E+0	5.33282E-8
1.83000E-1	2.00000E+0	4.99889E-8
1.83500E-1	2.00000E+0	5.08097E-8
1.84000E-1	1.99996E+0	4.41062E-8
1.84500E-1	1.99999E+0	4.64630E-8
1.85000E-1	2.00002E+0	3.97720E-8
1.85500E-1	2.00003E+0	4.24894E-8
1.86000E-1	1.99997E+0	4.10219E-8
1.86500E-1	2.00003E+0	3.80121E-8
1.87000E-1	1.99998E+0	3.75271E-8
1.87500E-1	1.99985E+0	5.94658E-8
1.88000E-1	2.00006E+0	1.54391E-7
1.88500E-1	1.99997E+0	1.24511E-7
1.89000E-1	2.00006E+0	9.99666E-8
1.89500E-1	2.00000E+0	8.66405E-8
1.90000E-1	1.99995E+0	7.93027E-8
1.90500E-1	2.00003E+0	6.73881E-8
1.91000E-1	2.00003E+0	6.42229E-8
1.91500E-1	1.99995E+0	6.07033E-8
1.92000E-1	2.00006E+0	5.48331E-8
1.92500E-1	2.00001E+0	5.36329E-8
1.93000E-1	1.99998E+0	5.08843E-8
1.93500E-1	2.00001E+0	4.60215E-8
1.94000E-1	2.00001E+0	4.74891E-8
1.94500E-1	1.99997E+0	4.42741E-8
1.95000E-1	2.00005E+0	4.24832E-8
1.95500E-1	2.00001E+0	4.16375E-8
1.96000E-1	1.99996E+0	4.12084E-8
1.96500E-1	2.00000E+0	3.78567E-8
1.97000E-1	1.99997E+0	3.72162E-8
1.97500E-1	1.99996E+0	1.05302E-7
1.98000E-1	2.00000E+0	1.42289E-7
1.98500E-1	1.99997E+0	1.12702E-7
1.99000E-1	2.00004E+0	9.61423E-8
1.99500E-1	2.00001E+0	8.21072E-8
2.00000E-1	1.99999E+0	7.39051E-8
2.00500E-1	2.00003E+0	6.76058E-8
2.01000E-1	1.99998E+0	6.17418E-8
2.01500E-1	2.00000E+0	5.96151E-8
2.02000E-1	2.00003E+0	5.47833E-8
2.02500E-1	2.00000E+0	5.25385E-8
2.03000E-1	1.99998E+0	4.82788E-8
2.03500E-1	2.00006E+0	4.87638E-8
2.04000E-1	2.00000E+0	4.48897E-8
2.04500E-1	2.00001E+0	4.32170E-8
2.05000E-1	2.00004E+0	4.14447E-8
2.05500E-1	1.99992E+0	4.11898E-8
2.06000E-1	2.00002E+0	3.97533E-8
2.06500E-1	2.00001E+0	3.79126E-8
2.07000E-1	1.99996E+0	4.05306E-8
2.07500E-1	2.00000E+0	1.43602E-7
2.08000E-1	2.00000E+0	1.29996E-7
2.08500E-1	2.00003E+0	1.08343E-7
2.09000E-1	2.00001E+0	9.08131E-8
2.09500E-1	1.99998E+0	7.84881E-8
2.10000E-1	1.99997E+0	7.36750E-8
2.10500E-1	2.00009E+0	6.36446E-8
2.11000E-1	1.99993E+0	6.22952E-8
2.11500E-1	2.00003E+0	5.79734E-8
2.12000E-1	2.00003E+0	5.03496E-8
2.12500E-1	1.99997E+0	5.35956E-8
2.13000E-1	2.00004E+0	4.89815E-8
2.13500E-1	2.00001E+0	4.41995E-8
2.14000E-1	2.00001E+0	4.54929E-8
2.14500E-1	2.00000E+0	4.26324E-8
2.15000E-1	1.99998E+0	4.32108E-8
2.15500E-1	2.00001E+0	4.09535E-8
2.16000E-1	2.00002E+0	3.84536E-8
2.16500E-1	1.99993E+0	3.70483E-8
2.17000E-1	1.99990E+0	6.82898E-8
2.17500E-1	2.00002E+0	1.52438E-7
2.18000E-1	1.99998E+0	1.23006E-7
2.18500E-1	2.00005E+0	9.91458E-8
2.19000E-1	1.99995E+0	8.56704E-8
2.19500E-1	2.00002E+0	7.70889E-8
2.20000E-1	2.00006E+0	6.84266E-8
2.20500E-1	2.00000E+0	6.38623E-8
2.21000E-1	2.00001E+0	6.09023E-8
2.21500E-1	1.99999E+0	5.44662E-8
2.22000E-1	2.00000E+0	5.39687E-8
2.22500E-1	1.99999E+0	4.91245E-8
2.23000E-1	2.00002E+0	4.68050E-8
2.23500E-1	2.00001E+0	4.69978E-8
2.24000E-1	2.00006E+0	4.46410E-8
2.24500E-1	1.99997E+0	4.36150E-8
2.25000E-1	2.00000E+0	3.93429E-8
2.25500E-1	2.00001E+0	4.29185E-8
2.26000E-1	2.00000E+0	3.62026E-8
2.26500E-1	2.00000E+0	3.92496E-8
2.27000E-1	1.99994E+0	1.13504E-7
2.27500E-1	1.99999E+0	1.37644E-7
2.28000E-1	1.99995E+0	1.14686E-7
2.28500E-1	2.00005E+0	9.37606E-8
2.29000E-1	1.99998E+0	8.14294E-8
2.29500E-1	2.00001E+0	7.56587E-8
2.30000E-1	2.00002E+0	6.68596E-8
2.30500E-1	1.99999E+0	6.13376E-8
2.31000E-1	2.00001E+0	5.80853E-8
2.31500E-1	2.00004E+0	5.50631E-8
2.32000E-1	2.00001E+0	5.24763E-8
2.32500E-1	1.99999E+0	5.08470E-8
2.33000E-1	2.00003E+0	4.64195E-8
2.33500E-1	1.99999E+0	4.38886E-8
2.34000E-1	1.99999E+0	4.70102E-8
2.34500E-1	2.00001E+0	3.95978E-8
2.35000E-1	1.99997E+0	4.23153E-8
2.35500E-1	1.99998E+0	4.18178E-8
2.36000E-1	2.00001E+0	3.71975E-8
2.36500E-1	1.99995E+0	4.15007E-8
2.37000E-1	1.99995E+0	1.50585E-7
2.37500E-1	2.00005E+0	1.26470E-7
2.38000E-1	1.99997E+0	1.04823E-7
2.38500E-1	2.00007E+0	8.90221E-8
2.39000E-1	1.99997E+0	7.90913E-8
2.39500E-1	2.00000E+0	7.06963E-8
2.40000E-1	2.00005E+0	6.54666E-8
2.40500E-1	1.99999E+0	6.17604E-8
2.41000E-1	2.00000E+0	5.52684E-8
2.41500E-1	1.99998E+0	5.61141E-8
2.42000E-1	2.00001E+0	4.87141E-8
2.42500E-1	1.99997E+0	5.07164E-8
2.43000E-1	2.00003E+0	4.58039E-8
2.43500E-1	1.99998E+0	4.54432E-8
2.44000E-1	1.99999E+0	4.41684E-8
2.44500E-1	2.00004E+0	3.95854E-8
2.45000E-1	2.00001E+0	4.13017E-8
2.45500E-1	2.00001E+0	4.03254E-8
2.46000E-1	2.00002E+0	3.60782E-8
2.46500E-1	1.99985E+0	7.62557E-8
2.47000E-1	2.00007E+0	1.48340E-7
2.47500E-1	2.00002E+0	1.19219E-7
2.48000E-1	1.99995E+0	9.86048E-8
2.48500E-1	2.00003E+0	8.51294E-8
2.49000E-1	2.00002E+0	7.69708E-8
2.49500E-1	1.99998E+0	6.87002E-8
2.50000E-1	2.00003E+0	6.33213E-8
2.50500E-1	1.99996E+0	5.99882E-8
2.51000E-1	2.00000E+0	5.71463E-8
2.51500E-1	2.00002E+0	5.17674E-8
2.52000E-1	1.99997E+0	4.88074E-8
2.52500E-1	2.00003E+0	4.95474E-8
2.53000E-1	2.00001E+0	4.39134E-8
2.53500E-1	1.99998E+0	4.44482E-8
2.54000E-1	2.00001E+0	4.40067E-8
2.54500E-1	2.00003E+0	3.84910E-8
2.55000E-1	1.99997E+0	4.07234E-8
2.55500E-1	2.00002E+0	4.07109E-8
2.56000E-1	2.00002E+0	3.57362E-8
2.56500E-1	1.99988E+0	1.21961E-7
2.57000E-1	2.00004E+0	1.38776E-7
2.57500E-1	2.00001E+0	1.10861E-7
2.58000E-1	1.99995E+0	9.34062E-8
2.58500E-1	2.00004E+0	8.07951E-8
2.59000E-1	1.99998E+0	7.30594E-8
2.59500E-1	1.99998E+0	7.01118E-8
2.60000E-1	2.00003E+0	6.01250E-8
2.60500E-1	2.00001E+0	5.98576E-8
2.61000E-1	1.99997E+0	5.47647E-8
2.61500E-1	2.00008E+0	5.00324E-8
2.62000E-1	1.99998E+0	4.88571E-8
2.62500E-1	1.99998E+0	4.76507E-8
2.63000E-1	2.00004E+0	4.54805E-8
2.63500E-1	1.99997E+0	4.64381E-8
2.64000E-1	1.99999E+0	4.18862E-8
2.64500E-1	2.00002E+0	4.01140E-8
2.65000E-1	1.99998E+0	4.03814E-8
2.65500E-1	2.00002E+0	4.06736E-8
2.66000E-1	1.99997E+0	4.21412E-8
2.66500E-1	1.99997E+0	1.52743E-7
2.67000E-1	2.00005E+0	1.27595E-7
2.67500E-1	1.99999E+0	1.01571E-7
2.68000E-1	2.00003E+0	8.84874E-8
2.68500E-1	2.00005E+0	7.93524E-8
2.69000E-1	1.99998E+0	7.26489E-8
2.69500E-1	1.99997E+0	6.72264E-8
2.70000E-1	2.00003E+0	5.86388E-8
2.70500E-1	1.99997E+0	5.81724E-8
2.71000E-1	1.99998E+0	5.46963E-8
2.71500E-1	1.99999E+0	5.00448E-8
2.72000E-1	1.99995E+0	4.95287E-8
2.72500E-1	1.99999E+0	4.72963E-8
2.73000E-1	2.00002E+0	4.30180E-8
2.73500E-1	1.99996E+0	4.48773E-8
2.74000E-1	2.00001E+0	4.12955E-8
2.74500E-1	2.00001E+0	3.96662E-8
2.75000E-1	1.99996E+0	3.95854E-8
2.75500E-1	2.00004E+0	3.92869E-8
2.76000E-1	1.99991E+0	8.30711E-8
2.76500E-1	2.00002E+0	1.47202E-7
2.77000E-1	2.00005E+0	1.18777E-7
2.77500E-1	1.99999E+0	9.61734E-8
2.78000E-1	1.99996E+0	8.85495E-8
2.78500E-1	2.00005E+0	7.52731E-8
2.79000E-1	1.99996E+0	6.83644E-8
2.79500E-1	2.00002E+0	6.40861E-8
2.80000E-1	1.99999E+0	5.84895E-8
2.80500E-1	1.99999E+0	5.72894E-8
2.81000E-1	2.00005E+0	5.25074E-8
2.81500E-1	2.00001E+0	4.99454E-8
2.82000E-1	1.99995E+0	4.95474E-8
2.82500E-1	2.00002E+0	4.69854E-8
2.83000E-1	1.99997E+0	4.25143E-8
2.83500E-1	1.99994E+0	4.39508E-8
2.84000E-1	2.00007E+0	3.88703E-8
2.84500E-1	2.00001E+0	4.12768E-8
2.85000E-1	2.00000E+0	3.90506E-8
2.85500E-1	2.00001E+0	3.96787E-8
2.86000E-1	1.99990E+0	1.25214E-7
2.86500E-1	2.00000E+0	1.34075E-7
2.87000E-1	2.00006E+0	1.07497E-7
2.87500E-1	1.99999E+0	9.31636E-8
2.88000E-1	1.99998E+0	8.25549E-8
2.88500E-1	2.00003E+0	7.34200E-8
2.89000E-1	1.99999E+0	6.59703E-8
2.89500E-1	1.99999E+0	6.32591E-8
2.90000E-1	2.00004E+0	5.72272E-8
2.90500E-1	1.99999E+0	5.48766E-8
2.91000E-1	2.00001E+0	5.49077E-8
2.91500E-1	1.99996E+0	4.81669E-8
2.92000E-1	1.99999E+0	4.85462E-8
2.92500E-1	2.00002E+0	4.62018E-8
2.93000E-1	2.00000E+0	4.07296E-8
2.93500E-1	2.00000E+0	4.25578E-8
2.94000E-1	2.00003E+0	4.20852E-8
2.94500E-1	1.99998E+0	4.08851E-8
2.95000E-1	1.99997E+0	3.98777E-8
2.95500E-1	2.00000E+0	4.30491E-8
2.96000E-1	1.99997E+0	1.57456E-7
2.96500E-1	1.99999E+0	1.25500E-7
2.97000E-1	2.00001E+0	1.00837E-7
2.97500E-1	2.00001E+0	8.79464E-8
2.98000E-1	1.99999E+0	8.16906E-8
2.98500E-1	2.00001E+0	6.85075E-8
2.99000E-1	1.99999E+0	6.71518E-8
2.99500E-1	2.00002E+0	6.02680E-8
3.00000E-1	2.00000E+0	5.57099E-8
3.00500E-1	2.00000E+0	5.46403E-8
3.01000E-1	1.99996E+0	5.21156E-8
3.01500E-1	2.00000E+0	4.67988E-8
3.02000E-1	1.99998E+0	4.68175E-8
3.02500E-1	2.00001E+0	4.52255E-8
3.03000E-1	1.99996E+0	4.31859E-8
3.03500E-1	1.99998E+0	4.22034E-8
3.04000E-1	2.00003E+0	4.02446E-8
3.04500E-1	1.99995E+0	3.87024E-8
3.05000E-1	2.00003E+0	3.85407E-8
3.05500E-1	1.99995E+0	8.97684E-8
3.06000E-1	2.00000E+0	1.45007E-7
3.06500E-1	1.99999E+0	1.17845E-7
3.07000E-1	2.00005E+0	9.65092E-8
3.07500E-1	1.99998E+0	8.35064E-8
3.08000E-1	2.00005E+0	7.60629E-8
3.08500E-1	2.00001E+0	6.79602E-8
3.09000E-1	2.00002E+0	6.31969E-8
3.09500E-1	2.00006E+0	5.99073E-8
3.10000E-1	2.00000E+0	5.53181E-8
3.10500E-1	1.99995E+0	5.41988E-8
3.11000E-1	2.00003E+0	4.82104E-8
3.11500E-1	2.00002E+0	4.75699E-8
3.12000E-1	1.99996E+0	4.83223E-8
3.12500E-1	2.00002E+0	4.18054E-8
3.13000E-1	2.00001E+0	4.37455E-8
3.13500E-1	1.99997E+0	4.26511E-8
3.14000E-1	2.00004E+0	4.03814E-8
3.14500E-1	1.99990E+0	3.88703E-8
3.15000E-1	1.99998E+0	3.98093E-8
3.15500E-1	1.99999E+0	1.31507E-7
3.16000E-1	2.00002E+0	1.32757E-7
3.16500E-1	2.00000E+0	1.09145E-7
3.17000E-1	2.00005E+0	8.92709E-8
3.17500E-1	1.99997E+0	8.18585E-8
3.18000E-1	2.00003E+0	7.38180E-8
3.18500E-1	1.99999E+0	6.56532E-8
3.19000E-1	1.99996E+0	6.38809E-8
3.19500E-1	2.00004E+0	5.78988E-8
3.20000E-1	1.99998E+0	5.36826E-8
3.20500E-1	1.99996E+0	5.43107E-8
3.21000E-1	2.00004E+0	4.67615E-8
3.21500E-1	1.99999E+0	4.78000E-8
3.22000E-1	2.00000E+0	4.64008E-8
3.22500E-1	2.00002E+0	4.34657E-8
3.23000E-1	1.99999E+0	4.12146E-8
3.23500E-1	2.00003E+0	4.09908E-8
3.24000E-1	2.00002E+0	3.90133E-8
3.24500E-1	1.99993E+0	3.99958E-8
3.25000E-1	1.99998E+0	5.21716E-8
3.25500E-1	1.99999E+0	1.54627E-7
3.26000E-1	2.00006E+0	1.23161E-7
3.26500E-1	2.00006E+0	1.01198E-7
3.27000E-1	1.99999E+0	8.91652E-8
3.27500E-1	1.99996E+0	7.81647E-8
3.28000E-1	2.00001E+0	7.22137E-8
3.28500E-1	1.99999E+0	6.29979E-8
3.29000E-1	2.00002E+0	6.15801E-8
3.29500E-1	2.00000E+0	5.73951E-8
3.30000E-1	1.99997E+0	5.32722E-8
3.30500E-1	2.00008E+0	4.87701E-8
3.31000E-1	2.00003E+0	4.95722E-8
3.31500E-1	1.99997E+0	4.80674E-8
3.32000E-1	1.99996E+0	4.55427E-8
3.32500E-1	2.00003E+0	4.34782E-8
3.33000E-1	1.99993E+0	4.24770E-8
3.33500E-1	2.00008E+0	3.88267E-8
3.34000E-1	1.99998E+0	3.91501E-8
3.34500E-1	1.99996E+0	3.96227E-8
3.35000E-1	1.99996E+0	1.00421E-7
3.35500E-1	1.99999E+0	1.40859E-7
3.36000E-1	2.00004E+0	1.14661E-7
3.36500E-1	2.00000E+0	9.55888E-8
3.37000E-1	1.99999E+0	8.41158E-8
3.37500E-1	1.99999E+0	7.83326E-8
3.38000E-1	2.00004E+0	6.65300E-8
3.38500E-1	1.99997E+0	6.31845E-8
3.39000E-1	2.00001E+0	6.00814E-8
3.39500E-1	2.00003E+0	5.44226E-8
3.40000E-1	1.99999E+0	5.36764E-8
3.40500E-1	2.00003E+0	5.19726E-8
3.41000E-1	2.00003E+0	4.75264E-8
3.41500E-1	1.99995E+0	4.68797E-8
3.42000E-1	2.00002E+0	4.59282E-8
3.42500E-1	2.00000E+0	4.21163E-8
3.43000E-1	1.99996E+0	4.14634E-8
3.43500E-1	2.00007E+0	3.94797E-8
3.44000E-1	1.99999E+0	4.01762E-8
3.44500E-1	1.99998E+0	3.99958E-8
3.45000E-1	1.99996E+0	1.40380E-7
3.45500E-1	2.00000E+0	1.31065E-7
3.46000E-1	1.99999E+0	1.08330E-7
3.46500E-1	2.00007E+0	9.01166E-8
3.47000E-1	2.00003E+0	7.84819E-8
3.47500E-1	2.00002E+0	7.40170E-8
3.48000E-1	2.00003E+0	6.66481E-8
3.48500E-1	1.99992E+0	6.35824E-8
3.49000E-1	2.00004E+0	5.63379E-8
3.49500E-1	2.00003E+0	5.55357E-8
3.50000E-1	1.99997E+0	5.37075E-8
3.50500E-1	2.00003E+0	4.78186E-8
3.51000E-1	1.99998E+0	4.73149E-8
3.51500E-1	1.99997E+0	4.79679E-8
3.52000E-1	2.00004E+0	4.22407E-8
3.52500E-1	1.99998E+0	4.22345E-8
3.53000E-1	1.99995E+0	4.39943E-8
3.53500E-1	2.00003E+0	3.94859E-8
3.54000E-1	1.99995E+0	3.73965E-8
3.54500E-1	1.99990E+0	5.89310E-8
3.55000E-1	2.00006E+0	1.54826E-7
3.55500E-1	2.00000E+0	1.19101E-7
3.56000E-1	2.00001E+0	1.03685E-7
3.56500E-1	2.00002E+0	8.43645E-8
3.57000E-1	1.99999E+0	7.92716E-8
3.57500E-1	2.00003E+0	7.00807E-8
3.58000E-1	2.00003E+0	6.53920E-8
3.58500E-1	1.99996E+0	6.13562E-8
3.59000E-1	1.99996E+0	5.87072E-8
3.59500E-1	2.00001E+0	5.10522E-8
3.60000E-1	2.00002E+0	5.18917E-8
3.60500E-1	1.99999E+0	5.13445E-8
3.61000E-1	1.99999E+0	4.40627E-8
3.61500E-1	1.99999E+0	4.64444E-8
3.62000E-1	2.00005E+0	4.21909E-8
3.62500E-1	1.99997E+0	4.12457E-8
3.63000E-1	1.99999E+0	4.18862E-8
3.63500E-1	2.00006E+0	3.90133E-8
3.64000E-1	2.00001E+0	3.99709E-8
3.64500E-1	1.99989E+0	1.06894E-7
3.65000E-1	2.00004E+0	1.39858E-7
3.65500E-1	1.99998E+0	1.11632E-7
3.66000E-1	2.00000E+0	9.61423E-8
3.66500E-1	2.00006E+0	8.18025E-8
3.67000E-1	2.00001E+0	7.53851E-8
3.67500E-1	1.99996E+0	6.98755E-8
3.68000E-1	2.00004E+0	6.34767E-8
3.68500E-1	1.99995E+0	5.86823E-8
3.69000E-1	2.00002E+0	5.67235E-8
3.69500E-1	2.00000E+0	5.13880E-8
3.70000E-1	1.99998E+0	5.09527E-8
3.70500E-1	2.00004E+0	4.85711E-8
3.71000E-1	2.00002E+0	4.57665E-8
3.71500E-1	2.00002E+0	4.54121E-8
3.72000E-1	1.99993E+0	4.54556E-8
3.72500E-1	2.00004E+0	3.90631E-8
3.73000E-1	2.00000E+0	4.15442E-8
3.73500E-1	1.99993E+0	4.08726E-8
3.74000E-1	2.00004E+0	3.96351E-8
3.74500E-1	1.99988E+0	1.43844E-7
3.75000E-1	2.00004E+0	1.30263E-7
3.75500E-1	2.00004E+0	1.03803E-7
3.76000E-1	2.00001E+0	9.03280E-8
3.76500E-1	2.00002E+0	8.21507E-8
3.77000E-1	2.00002E+0	7.23940E-8
3.77500E-1	2.00001E+0	6.70523E-8
3.78000E-1	1.99998E+0	6.54853E-8
3.78500E-1	2.00001E+0	5.52746E-8
3.79000E-1	1.99999E+0	5.53865E-8
3.79500E-1	1.99999E+0	5.46527E-8
3.80000E-1	2.00004E+0	4.74020E-8
3.80500E-1	2.00001E+0	4.85711E-8
3.81000E-1	1.99996E+0	4.61210E-8
3.81500E-1	2.00004E+0	4.33973E-8
3.82000E-1	2.00000E+0	4.24832E-8
3.82500E-1	1.99995E+0	4.46908E-8
3.83000E-1	2.00003E+0	3.76763E-8
3.83500E-1	1.99997E+0	4.00145E-8
3.84000E-1	1.99993E+0	6.81406E-8
3.84500E-1	2.00005E+0	1.49975E-7
3.85000E-1	2.00001E+0	1.19872E-7
3.85500E-1	2.00005E+0	1.00588E-7
3.86000E-1	2.00000E+0	8.85495E-8
3.86500E-1	1.99995E+0	7.74123E-8
3.87000E-1	2.00006E+0	7.18095E-8
3.87500E-1	2.00000E+0	6.30725E-8
3.88000E-1	2.00005E+0	6.01747E-8
3.88500E-1	2.00002E+0	5.84584E-8
3.89000E-1	2.00000E+0	5.52310E-8
3.89500E-1	2.00000E+0	5.19664E-8
3.90000E-1	2.00005E+0	4.92675E-8
3.90500E-1	1.99996E+0	4.79430E-8
3.91000E-1	1.99997E+0	4.57106E-8
3.91500E-1	2.00004E+0	4.22904E-8
3.92000E-1	2.00001E+0	4.42928E-8
3.92500E-1	1.99998E+0	4.08291E-8
3.93000E-1	2.00000E+0	3.82671E-8
3.93500E-1	1.99998E+0	4.10156E-8
3.94000E-1	1.99992E+0	1.12795E-7
3.94500E-1	2.00005E+0	1.39224E-7
3.95000E-1	1.99999E+0	1.12341E-7
3.95500E-1	2.00003E+0	9.78399E-8
3.96000E-1	1.99999E+0	8.12180E-8
3.96500E-1	1.99998E+0	7.69459E-8
3.97000E-1	2.00003E+0	6.92288E-8
3.97500E-1	1.99995E+0	6.36881E-8
3.98000E-1	2.00000E+0	6.12443E-8
3.98500E-1	2.00004E+0	5.41801E-8
3.99000E-1	2.00000E+0	5.34028E-8
3.99500E-1	1.99997E+0	5.24949E-8
