## Header ##
[General info]
User	Giorgos_Psaltakis
Device	Sample
Cell area (cm2)	1
Test	Pulsed
Date	2024-03-03
Time	04:05:54
Temperature	21.35
Note	

[Acquisition Settings]
Amplitude (V)	2.500
Frequency (Hz)	5.0
DC Offset (V)	1.000
Duty Cycle (%)	50
Phase (°)	0
Cycles	3

## Data ##
Time (s)	DC Channel Voltage (V)	DC Channel Current (A)	Pulse Channel Voltage (V)	Pulse Channel Current (A)
0.00000E+0	2.20949E+0	1.04050E-5	1.01183E+0	-2.09923E-7
6.55360E-4	2.20949E+0	1.23710E-5	9.99986E-1	-2.00356E-8
1.31072E-3	2.20949E+0	9.09440E-6	9.99995E-1	-1.37809E-8
1.96608E-3	2.20949E+0	6.73526E-6	1.00000E+0	-8.73670E-9
2.62144E-3	2.20949E+0	1.31574E-5	9.99948E-1	-8.02072E-9
3.27680E-3	2.20949E+0	9.35653E-6	9.99995E-1	-7.71645E-9
3.93216E-3	2.20949E+0	1.06672E-5	9.99935E-1	-5.33316E-9
4.58752E-3	2.20949E+0	7.52164E-6	1.00007E+0	6.16873E-9
5.24288E-3	2.20949E+0	7.78377E-6	9.99976E-1	-3.04495E-9
5.89824E-3	2.20949E+0	8.57015E-6	9.99935E-1	-4.35426E-9
6.55360E-3	2.20949E+0	8.43908E-6	1.00003E+0	-4.02860E-9
7.20896E-3	2.20949E+0	9.48759E-6	1.00003E+0	-3.34827E-9
7.86432E-3	2.20949E+0	2.01037E-5	1.00000E+0	-2.48205E-9
8.51968E-3	2.20949E+0	3.58973E-6	9.99978E-1	-2.22485E-9
9.17504E-3	2.20949E+0	9.74972E-6	9.99952E-1	-1.85830E-9
9.83040E-3	2.20949E+0	1.34195E-5	1.00011E+0	-1.58873E-9
1.04858E-2	2.20949E+0	1.31574E-5	9.99963E-1	-2.69124E-9
1.11411E-2	2.20949E+0	7.39058E-6	1.00006E+0	-2.16114E-9
1.17965E-2	2.20949E+0	8.83228E-6	1.00001E+0	-1.06006E-9
1.24518E-2	2.20949E+0	6.99739E-6	9.99948E-1	-7.99058E-10
1.31072E-2	2.20949E+0	9.74972E-6	9.99973E-1	-1.50031E-9
1.37626E-2	2.20949E+0	8.57015E-6	9.99990E-1	-1.99997E-9
1.44179E-2	2.20949E+0	5.29356E-6	1.00001E+0	-1.17369E-9
1.50733E-2	2.20949E+0	1.15846E-5	9.99990E-1	-1.17778E-10
1.57286E-2	2.20949E+0	9.61866E-6	9.99980E-1	-1.05008E-9
1.63840E-2	2.20949E+0	6.47313E-6	1.00009E+0	-1.72756E-9
1.70394E-2	2.20949E+0	1.26331E-5	9.99942E-1	-1.01157E-9
1.76947E-2	2.20949E+0	1.22399E-5	9.99959E-1	-9.44828E-11
1.83501E-2	2.20949E+0	5.16250E-6	1.00011E+0	-8.56109E-10
1.90054E-2	2.20949E+0	1.06672E-5	9.99878E-1	-2.98914E-10
1.96608E-2	2.20949E+0	9.74972E-6	1.00007E+0	-1.01157E-9
2.03162E-2	2.20949E+0	2.70501E-5	9.99908E-1	-4.74160E-11
2.09715E-2	2.20949E+0	9.35653E-6	1.00006E+0	-8.80355E-10
2.16269E-2	2.20949E+0	6.73526E-6	1.00009E+0	-2.64975E-11
2.22822E-2	2.20949E+0	1.81378E-5	9.99933E-1	3.50988E-10
2.29376E-2	2.20949E+0	1.10604E-5	9.99980E-1	-6.16021E-10
2.35930E-2	2.20949E+0	1.05361E-5	9.99940E-1	-4.40881E-11
2.42483E-2	2.20949E+0	9.61866E-6	1.00007E+0	-1.33943E-10
2.49037E-2	2.20949E+0	5.55569E-6	1.00001E+0	-1.40189E-9
2.55590E-2	2.20949E+0	9.22547E-6	9.99950E-1	2.12164E-10
2.62144E-2	2.20949E+0	6.86632E-6	1.00006E+0	-5.91774E-10
2.68698E-2	2.20949E+0	3.85186E-6	9.99923E-1	5.25943E-10
2.75251E-2	2.20949E+0	1.17157E-5	1.00006E+0	-7.12056E-10
2.81805E-2	2.20949E+0	4.24505E-6	1.00003E+0	1.60343E-10
2.88358E-2	2.20949E+0	7.52164E-6	9.99973E-1	-3.57867E-10
2.94912E-2	2.20949E+0	1.00118E-5	9.99973E-1	-2.96537E-10
3.01466E-2	2.20949E+0	1.09293E-5	9.99963E-1	1.29993E-9
3.08019E-2	2.20949E+0	9.48759E-6	9.99997E-1	-1.32345E-9
3.14573E-2	2.20949E+0	4.50718E-6	1.00004E+0	-6.52976E-12
3.21126E-2	2.20949E+0	5.68675E-6	9.99978E-1	7.05652E-10
3.27680E-2	2.20949E+0	2.40356E-5	1.00004E+0	-5.47560E-10
3.34234E-2	2.20949E+0	5.68675E-6	1.00003E+0	8.95821E-10
3.40787E-2	2.20949E+0	6.21101E-6	9.99904E-1	-3.79076E-11
3.47341E-2	2.20949E+0	1.40748E-5	1.00002E+0	-3.95900E-10
3.53894E-2	2.20949E+0	5.16250E-6	1.00003E+0	1.28995E-9
3.60448E-2	2.20949E+0	8.57015E-6	9.99988E-1	-9.83046E-10
3.67002E-2	2.20949E+0	1.01429E-5	1.00009E+0	1.28015E-10
3.73555E-2	2.20949E+0	3.72080E-6	9.99876E-1	-1.71026E-10
3.80109E-2	2.20949E+0	1.34195E-5	1.00012E+0	8.64443E-10
3.86662E-2	2.20949E+0	7.52164E-6	9.99878E-1	8.17376E-10
3.93216E-2	2.20949E+0	9.09440E-6	1.00013E+0	-3.30292E-10
3.99770E-2	2.20949E+0	1.28952E-5	9.99961E-1	-1.92895E-10
4.06323E-2	2.20949E+0	1.01429E-5	9.99973E-1	1.18031E-10
4.12877E-2	2.20949E+0	1.56476E-5	9.99933E-1	1.23955E-9
4.19430E-2	2.20949E+0	8.57015E-6	1.00003E+0	5.62259E-11
4.25984E-2	2.20949E+0	1.23059E-6	9.99999E-1	9.00100E-10
4.32538E-2	2.20949E+0	2.35114E-5	1.00005E+0	1.87139E-9
4.39091E-2	2.20949E+0	1.04050E-5	9.99978E-1	1.40851E-10
4.45645E-2	2.20949E+0	1.01429E-5	9.99957E-1	2.85599E-9
4.52198E-2	2.20949E+0	8.70121E-6	1.00006E+0	1.23290E-9
4.58752E-2	2.20949E+0	1.05361E-5	9.99992E-1	1.85094E-9
4.65306E-2	2.20949E+0	1.06672E-5	9.99978E-1	6.44798E-10
4.71859E-2	2.20949E+0	9.74972E-6	9.99948E-1	1.09360E-9
4.78413E-2	2.20949E+0	1.09293E-5	1.00010E+0	2.08961E-9
4.84966E-2	2.20949E+0	1.21089E-5	9.99990E-1	9.23580E-11
4.91520E-2	2.20949E+0	7.52164E-6	1.00001E+0	-4.18245E-10
4.98074E-2	2.20949E+0	1.09293E-5	9.99902E-1	1.67789E-9
5.04627E-2	2.20949E+0	1.05361E-5	1.00014E+0	3.16282E-10
5.11181E-2	2.20949E+0	1.35506E-5	9.99897E-1	9.24822E-10
5.17734E-2	2.20949E+0	1.07982E-5	1.00008E+0	-2.23322E-10
5.24288E-2	2.20949E+0	1.10604E-5	9.99893E-1	8.89165E-10
5.30842E-2	2.20949E+0	6.21101E-6	1.00002E+0	1.16129E-10
5.37395E-2	2.20949E+0	1.01429E-5	1.00005E+0	9.77118E-10
5.43949E-2	2.20949E+0	4.24505E-6	1.00004E+0	2.45919E-10
5.50502E-2	2.20949E+0	6.86632E-6	9.99961E-1	1.25144E-9
5.57056E-2	2.20949E+0	8.57015E-6	1.00004E+0	1.72704E-10
5.63610E-2	2.20949E+0	1.00118E-5	9.99982E-1	2.09293E-9
5.70163E-2	2.20949E+0	9.61866E-6	9.99967E-1	1.94175E-9
5.76717E-2	2.20949E+0	1.14535E-5	1.00007E+0	8.64919E-10
5.83270E-2	2.20949E+0	1.31574E-5	9.99931E-1	1.12878E-9
5.89824E-2	2.20949E+0	7.52164E-6	9.99950E-1	1.93367E-9
5.96378E-2	2.20949E+0	1.18467E-5	9.99944E-1	1.37219E-9
6.02931E-2	2.20949E+0	9.35653E-6	1.00018E+0	1.74255E-9
6.09485E-2	2.20949E+0	1.35506E-5	9.99904E-1	2.58072E-9
6.16038E-2	2.20949E+0	1.18467E-5	9.99982E-1	1.63368E-9
6.22592E-2	2.20949E+0	8.43908E-6	1.00006E+0	1.80293E-9
6.29146E-2	2.20949E+0	9.61866E-6	9.99997E-1	2.27645E-9
6.35699E-2	2.20949E+0	6.86632E-6	9.99986E-1	2.06631E-9
6.42253E-2	2.20949E+0	2.56084E-5	1.00006E+0	1.32750E-9
6.48806E-2	2.20949E+0	9.48759E-6	1.00001E+0	2.51130E-9
6.55360E-2	2.20949E+0	1.02740E-5	9.99954E-1	2.56455E-9
6.61914E-2	2.20949E+0	8.17696E-6	9.99872E-1	1.77868E-9
6.68467E-2	2.20949E+0	4.90037E-6	1.00006E+0	2.61257E-9
6.75021E-2	2.20949E+0	9.35653E-6	1.00006E+0	2.50132E-9
6.81574E-2	2.20949E+0	1.44680E-5	9.99999E-1	2.43524E-9
6.88128E-2	2.20949E+0	1.69582E-5	1.00001E+0	1.18060E-9
6.94682E-2	2.20949E+0	1.61718E-5	9.99952E-1	3.50826E-9
7.01235E-2	2.20949E+0	1.57786E-5	1.00002E+0	2.81367E-9
7.07789E-2	2.20949E+0	2.14804E-6	9.99923E-1	2.31591E-9
7.14342E-2	2.20949E+0	1.14535E-5	1.00012E+0	1.53384E-9
7.20896E-2	2.20949E+0	1.80067E-5	9.99897E-1	3.49495E-9
7.27450E-2	2.20949E+0	7.39058E-6	1.00003E+0	1.33416E-9
7.34003E-2	2.20949E+0	1.17157E-5	9.99980E-1	3.11271E-9
7.40557E-2	2.20949E+0	1.13225E-5	1.00009E+0	2.84600E-9
7.47110E-2	2.20949E+0	-1.12855E-6	9.99912E-1	1.71735E-9
7.53664E-2	2.20949E+0	9.48759E-6	1.00005E+0	3.83203E-9
7.60218E-2	2.20949E+0	3.58973E-6	9.99969E-1	1.91845E-9
7.66771E-2	2.20949E+0	9.74972E-6	1.00004E+0	2.71193E-9
7.73325E-2	2.20949E+0	1.18467E-5	9.99988E-1	2.65251E-9
7.79878E-2	2.20949E+0	1.34195E-5	1.00006E+0	2.45806E-9
7.86432E-2	2.20949E+0	1.01429E-5	1.00001E+0	3.18022E-9
7.92986E-2	2.20949E+0	1.04050E-5	9.99980E-1	2.36868E-9
7.99539E-2	2.20949E+0	-3.42170E-7	9.99944E-1	3.61428E-9
8.06093E-2	2.20949E+0	1.13225E-5	9.99995E-1	2.50512E-9
8.12646E-2	2.20949E+0	9.09440E-6	9.99997E-1	1.83003E-9
8.19200E-2	2.20949E+0	7.78377E-6	9.99969E-1	2.15616E-9
8.25754E-2	2.20949E+0	5.42462E-6	1.00010E+0	3.95896E-9
8.32307E-2	2.20949E+0	2.18076E-5	9.99935E-1	2.79323E-9
8.38861E-2	2.20949E+0	9.61866E-6	1.00005E+0	1.46252E-9
8.45414E-2	2.20949E+0	7.39058E-6	9.99954E-1	4.50142E-9
8.51968E-2	2.20949E+0	2.74433E-5	1.00005E+0	2.17328E-9
8.58522E-2	2.20949E+0	1.18467E-5	9.99925E-1	3.51967E-9
8.65075E-2	2.20949E+0	9.09440E-6	1.00008E+0	1.95506E-9
8.71629E-2	2.20949E+0	9.48759E-6	9.99940E-1	3.34187E-9
8.78182E-2	2.20949E+0	1.19778E-5	1.00002E+0	2.23651E-9
8.84736E-2	2.20949E+0	1.25021E-5	9.99963E-1	3.81396E-9
8.91290E-2	2.20949E+0	1.02740E-5	1.00006E+0	2.27692E-9
8.97843E-2	2.20949E+0	1.28952E-5	9.99929E-1	3.53489E-9
9.04397E-2	2.20949E+0	7.52164E-6	1.00007E+0	3.10606E-9
9.10950E-2	2.20949E+0	-1.91493E-6	9.99992E-1	2.46709E-9
9.17504E-2	2.20949E+0	6.34207E-6	1.00003E+0	2.11338E-9
9.24058E-2	2.20949E+0	9.48759E-6	9.99957E-1	3.28767E-9
9.30611E-2	2.20949E+0	1.13225E-5	1.00002E+0	1.93462E-9
9.37165E-2	2.20949E+0	6.34207E-6	9.99910E-1	3.62664E-9
9.43718E-2	2.20949E+0	1.10604E-5	1.00007E+0	1.79009E-9
9.50272E-2	2.20949E+0	7.39058E-6	9.99921E-1	3.98701E-9
9.56826E-2	2.20949E+0	6.86632E-6	1.00007E+0	2.82699E-9
9.63379E-2	2.20949E+0	1.02740E-5	9.99885E-1	2.29879E-9
9.69933E-2	2.20949E+0	8.17696E-6	1.00009E+0	2.89687E-9
9.76486E-2	2.20949E+0	-1.25961E-6	1.00006E+0	3.30336E-9
9.83040E-2	2.20949E+0	1.42059E-5	1.00003E+0	2.36487E-9
9.89594E-2	2.20949E+0	8.30802E-6	9.99959E-1	2.48373E-9
9.96147E-2	2.20949E+0	7.91483E-6	9.01179E-1	3.98843E-7
1.00270E-1	-2.57423E-1	4.90037E-6	1.00102E+0	5.00150E-8
1.00925E-1	-2.56344E-1	8.83228E-6	1.00003E+0	3.41573E-8
1.01581E-1	-2.58502E-1	5.55569E-6	1.00004E+0	2.55217E-8
1.02236E-1	-2.57962E-1	1.38127E-5	1.00001E+0	2.10585E-8
1.02892E-1	-2.56884E-1	2.54123E-6	1.00006E+0	1.64136E-8
1.03547E-1	-2.55805E-1	1.38127E-5	9.99957E-1	1.61621E-8
1.04202E-1	-2.55805E-1	1.10604E-5	9.99982E-1	1.36533E-8
1.04858E-1	-2.56884E-1	8.43908E-6	1.00010E+0	1.27105E-8
1.05513E-1	-2.57693E-1	1.21089E-5	9.99942E-1	9.53662E-9
1.06168E-1	-2.56344E-1	8.37401E-7	1.00005E+0	1.09125E-8
1.06824E-1	-2.55805E-1	7.12845E-6	9.99963E-1	1.03734E-8
1.07479E-1	-2.56884E-1	-3.48769E-6	1.00006E+0	7.93777E-9
1.08134E-1	-2.56614E-1	6.34207E-6	9.99990E-1	9.79620E-9
1.08790E-1	-2.57423E-1	1.19778E-5	1.00000E+0	7.42717E-9
1.09445E-1	-2.56074E-1	4.90037E-6	9.99906E-1	7.83175E-9
1.10100E-1	-2.56614E-1	8.30802E-6	1.00009E+0	6.96363E-9
1.10756E-1	-2.56614E-1	9.68465E-7	9.99910E-1	7.55934E-9
1.11411E-1	-2.56884E-1	8.04589E-6	1.00003E+0	7.83841E-9
1.12067E-1	-2.54187E-1	1.35506E-5	1.00003E+0	6.36983E-9
1.12722E-1	-2.56074E-1	1.11914E-5	9.99950E-1	6.02800E-9
1.13377E-1	-2.56074E-1	1.10604E-5	1.00007E+0	6.46159E-9
1.14033E-1	-2.56614E-1	9.48759E-6	9.99982E-1	6.30137E-9
1.14688E-1	-2.57962E-1	2.54123E-6	9.99995E-1	4.85989E-9
1.15343E-1	-2.55805E-1	4.50718E-6	1.00006E+0	5.78744E-9
1.15999E-1	-2.56884E-1	1.80067E-5	9.99893E-1	6.24147E-9
1.16654E-1	-2.57153E-1	1.14535E-5	1.00013E+0	4.45768E-9
1.17309E-1	-2.56614E-1	6.86632E-6	9.99847E-1	5.35243E-9
1.17965E-1	-2.57153E-1	1.07982E-5	1.00011E+0	5.42897E-9
1.18620E-1	-2.56884E-1	8.70121E-6	1.00003E+0	5.16131E-9
1.19276E-1	-2.56884E-1	1.13225E-5	9.99933E-1	5.04388E-9
1.19931E-1	-2.54726E-1	1.02740E-5	1.00000E+0	5.06527E-9
1.20586E-1	-2.56884E-1	1.02740E-5	1.00007E+0	3.49162E-9
1.21242E-1	-2.55265E-1	6.99739E-6	9.99952E-1	5.18746E-9
1.21897E-1	-2.57153E-1	-4.73234E-7	9.99971E-1	5.75891E-9
1.22552E-1	-2.54187E-1	1.09293E-5	1.00009E+0	4.62218E-9
1.23208E-1	-2.54726E-1	1.23710E-5	9.99862E-1	4.50760E-9
1.23863E-1	-2.57962E-1	9.88078E-6	1.00009E+0	4.49714E-9
1.24518E-1	-2.56884E-1	-3.09450E-6	9.99912E-1	4.47147E-9
1.25174E-1	-2.55805E-1	3.72080E-6	1.00003E+0	4.41680E-9
1.25829E-1	-2.55265E-1	9.35653E-6	1.00006E+0	3.53869E-9
1.26484E-1	-2.56074E-1	1.30263E-5	9.99971E-1	4.36545E-9
1.27140E-1	-2.56344E-1	1.13225E-5	9.99906E-1	4.87177E-9
1.27795E-1	-2.57693E-1	6.47313E-6	1.00013E+0	4.92169E-9
1.28451E-1	-2.57153E-1	6.99739E-6	9.99938E-1	4.28035E-9
1.29106E-1	-2.54996E-1	9.22547E-6	1.00005E+0	3.39369E-9
1.29761E-1	-2.56614E-1	8.83228E-6	9.99999E-1	4.23709E-9
1.30417E-1	-2.56344E-1	2.15454E-5	9.99959E-1	3.70699E-9
1.31072E-1	-2.56344E-1	6.07994E-6	1.00010E+0	4.29556E-9
1.31727E-1	-2.55265E-1	1.56476E-5	9.99919E-1	3.55818E-9
1.32383E-1	-2.56614E-1	8.70121E-6	1.00002E+0	4.00413E-9
1.33038E-1	-2.53647E-1	1.10604E-5	9.99927E-1	5.15132E-9
1.33693E-1	-2.56074E-1	1.45991E-5	1.00007E+0	2.60259E-9
1.34349E-1	-2.55535E-1	-9.97488E-7	9.99954E-1	4.54659E-9
1.35004E-1	-2.54726E-1	9.88078E-6	1.00008E+0	3.92283E-9
1.35660E-1	-2.55805E-1	1.55165E-5	9.99954E-1	4.25991E-9
1.36315E-1	-2.58232E-1	5.68675E-6	1.00002E+0	4.77479E-9
1.36970E-1	-2.55535E-1	1.09293E-5	9.99965E-1	3.59146E-9
1.37626E-1	-2.56884E-1	6.86632E-6	9.99999E-1	2.97484E-9
1.38281E-1	-2.55535E-1	9.61866E-6	1.00001E+0	4.11680E-9
1.38936E-1	-2.55805E-1	2.08901E-5	1.00001E+0	4.81235E-9
1.39592E-1	-2.56074E-1	1.19778E-5	9.99978E-1	3.08324E-9
1.40247E-1	-2.56344E-1	9.09440E-6	1.00002E+0	3.76262E-9
1.40902E-1	-2.55535E-1	8.17696E-6	9.99946E-1	3.85532E-9
1.41558E-1	-2.55805E-1	1.05361E-5	1.00001E+0	3.84581E-9
1.42213E-1	-2.56344E-1	1.02740E-5	1.00062E+0	-2.33821E-8
1.42868E-1	-2.55805E-1	1.06672E-5	9.99405E-1	2.61685E-9
1.43524E-1	-2.53917E-1	5.03143E-6	1.00005E+0	1.73447E-9
1.44179E-1	-2.58502E-1	1.19778E-5	1.00001E+0	3.05519E-9
1.44835E-1	-2.56884E-1	9.61866E-6	9.99927E-1	4.00841E-9
1.45490E-1	-2.54726E-1	9.88078E-6	1.00008E+0	3.02856E-9
1.46145E-1	-2.56344E-1	-1.25961E-6	9.99923E-1	3.18688E-9
1.46801E-1	-2.55265E-1	1.17157E-5	1.00003E+0	3.15503E-9
1.47456E-1	-2.56344E-1	5.94888E-6	1.00002E+0	3.71270E-9
1.48111E-1	-2.54456E-1	1.17157E-5	9.99976E-1	1.79770E-9
1.48767E-1	-2.57153E-1	9.48759E-6	1.00003E+0	3.54677E-9
1.49422E-1	-2.54996E-1	9.35653E-6	9.99965E-1	2.91969E-9
1.50077E-1	-2.55535E-1	1.01429E-5	9.99997E-1	4.01744E-9
1.50733E-1	-2.53917E-1	1.47301E-5	9.99984E-1	2.39958E-9
1.51388E-1	-2.55535E-1	7.25951E-6	1.00006E+0	4.18764E-9
1.52044E-1	-2.55265E-1	1.69582E-5	1.00001E+0	2.34015E-9
1.52699E-1	-2.56074E-1	7.52164E-6	9.99984E-1	2.82176E-9
1.53354E-1	-2.56344E-1	8.96334E-6	1.00003E+0	3.94803E-9
1.54010E-1	-2.54456E-1	9.74972E-6	1.00001E+0	3.15788E-9
1.54665E-1	-2.54996E-1	-3.35663E-6	9.99925E-1	3.49876E-9
1.55320E-1	-2.56074E-1	4.24505E-6	1.00003E+0	2.01829E-9
1.55976E-1	-2.56614E-1	6.34207E-6	1.00004E+0	4.32504E-9
1.56631E-1	-2.57423E-1	7.65270E-6	9.99982E-1	3.47308E-9
1.57286E-1	-2.56884E-1	8.83228E-6	9.99948E-1	2.84648E-9
1.57942E-1	-2.54996E-1	3.72080E-6	1.00000E+0	3.02333E-9
1.58597E-1	-2.55535E-1	1.06672E-5	1.00006E+0	2.92207E-9
1.59252E-1	-2.56074E-1	1.45991E-5	9.99944E-1	4.67067E-9
1.59908E-1	-2.54726E-1	7.12845E-6	1.00008E+0	2.27359E-9
1.60563E-1	-2.55535E-1	7.91483E-6	9.99959E-1	3.24964E-9
1.61219E-1	-2.55805E-1	1.11914E-5	9.99935E-1	4.20809E-9
1.61874E-1	-2.55805E-1	7.12845E-6	9.99954E-1	2.56598E-9
1.62529E-1	-2.56614E-1	1.19778E-5	1.00009E+0	3.97703E-9
1.63185E-1	-2.55535E-1	1.15846E-5	9.99986E-1	3.42316E-9
1.63840E-1	-2.56344E-1	4.90037E-6	9.99992E-1	1.98359E-9
1.64495E-1	-2.55535E-1	1.25021E-5	1.00003E+0	3.92473E-9
1.65151E-1	-2.57693E-1	1.09293E-5	1.00005E+0	2.91874E-9
1.65806E-1	-2.53108E-1	1.09953E-6	9.99933E-1	4.13012E-9
1.66461E-1	-2.56614E-1	1.10604E-5	1.00007E+0	2.54886E-9
1.67117E-1	-2.56614E-1	2.02348E-5	9.99921E-1	3.71460E-9
1.67772E-1	-2.55805E-1	1.06672E-5	1.00008E+0	3.20067E-9
1.68428E-1	-2.56884E-1	1.64340E-5	9.99904E-1	4.33312E-9
1.69083E-1	-2.55265E-1	9.48759E-6	1.00003E+0	1.69215E-9
1.69738E-1	-2.55805E-1	9.35653E-6	1.00001E+0	4.88794E-9
1.70394E-1	-2.54726E-1	1.07982E-5	9.99961E-1	3.20970E-9
1.71049E-1	-2.56884E-1	6.07994E-6	1.00007E+0	3.18450E-9
1.71704E-1	-2.57153E-1	1.95795E-5	9.99931E-1	3.99938E-9
1.72360E-1	-2.54456E-1	1.14535E-5	1.00011E+0	3.34805E-9
1.73015E-1	-2.55535E-1	8.70121E-6	9.99883E-1	3.82680E-9
1.73670E-1	-2.56614E-1	6.73526E-6	1.00008E+0	3.16453E-9
1.74326E-1	-2.54726E-1	1.40748E-5	9.99948E-1	4.58842E-9
1.74981E-1	-2.55805E-1	7.65270E-6	9.99967E-1	3.33616E-9
1.75636E-1	-2.55265E-1	1.23710E-5	1.00005E+0	3.37610E-9
1.76292E-1	-2.57693E-1	7.25951E-6	1.00007E+0	3.74312E-9
1.76947E-1	-2.55265E-1	1.48612E-5	9.99948E-1	2.94869E-9
1.77603E-1	-2.54456E-1	5.29356E-6	9.99931E-1	4.97970E-9
1.78258E-1	-2.54996E-1	7.91483E-6	9.99995E-1	3.17785E-9
1.78913E-1	-2.54996E-1	1.35506E-5	1.00005E+0	3.76024E-9
1.79569E-1	-2.56074E-1	4.50718E-6	9.99976E-1	4.30127E-9
1.80224E-1	-2.55265E-1	7.52164E-6	1.00006E+0	3.24916E-9
1.80879E-1	-2.56614E-1	1.38127E-5	9.99893E-1	3.82727E-9
1.81535E-1	-2.56074E-1	2.11522E-5	1.00006E+0	3.66658E-9
1.82190E-1	-2.55805E-1	8.96334E-6	9.99908E-1	3.53869E-9
1.82845E-1	-2.56074E-1	7.39058E-6	1.00017E+0	4.11443E-9
1.83501E-1	-2.55535E-1	1.78757E-5	9.99902E-1	3.35756E-9
1.84156E-1	-2.57153E-1	5.03143E-6	9.99965E-1	4.23186E-9
1.84812E-1	-2.56344E-1	8.57015E-6	1.00004E+0	3.02476E-9
1.85467E-1	-2.56074E-1	1.01429E-5	9.99965E-1	4.72154E-9
1.86122E-1	-2.54996E-1	4.37612E-6	1.00006E+0	3.49400E-9
1.86778E-1	-2.56074E-1	1.23710E-5	1.00006E+0	3.85675E-9
1.87433E-1	-2.54996E-1	1.43369E-5	9.99840E-1	3.73504E-9
1.88088E-1	-2.54456E-1	2.67229E-6	1.00010E+0	4.15722E-9
1.88744E-1	-2.54187E-1	1.10604E-5	1.00003E+0	3.28149E-9
1.89399E-1	-2.56884E-1	1.06672E-5	9.99959E-1	3.96087E-9
1.90054E-1	-2.55805E-1	9.48759E-6	1.00002E+0	3.32903E-9
1.90710E-1	-2.57153E-1	1.06672E-5	1.00001E+0	4.47099E-9
1.91365E-1	-2.56074E-1	8.04589E-6	9.99938E-1	2.77754E-9
1.92020E-1	-2.55535E-1	8.83228E-6	1.00003E+0	3.28862E-9
1.92676E-1	-2.56074E-1	8.43908E-6	1.00000E+0	4.46767E-9
1.93331E-1	-2.55535E-1	2.93442E-6	1.00003E+0	3.73789E-9
1.93987E-1	-2.56344E-1	1.56476E-5	9.99944E-1	4.25896E-9
1.94642E-1	-2.55265E-1	1.11914E-5	1.00005E+0	3.39987E-9
1.95297E-1	-2.56074E-1	9.74972E-6	9.99904E-1	2.89972E-9
1.95953E-1	-2.56884E-1	8.96334E-6	1.00010E+0	4.23186E-9
1.96608E-1	-2.55265E-1	1.21089E-5	9.99942E-1	3.74265E-9
1.97263E-1	-2.54996E-1	1.01429E-5	1.00006E+0	3.23727E-9
1.97919E-1	-2.55805E-1	9.74972E-6	1.00001E+0	3.94803E-9
1.98574E-1	-2.56614E-1	1.32884E-5	9.99976E-1	3.25486E-9
1.99229E-1	-2.55535E-1	9.61866E-6	1.00007E+0	4.67210E-9
1.99885E-1	2.20949E+0	1.00118E-5	1.09700E+0	-4.15719E-7
2.00540E-1	2.20949E+0	3.98293E-6	9.99840E-1	-3.78763E-8
2.01196E-1	2.20949E+0	1.02740E-5	9.99933E-1	-2.53313E-8
2.01851E-1	2.20949E+0	1.04050E-5	1.00007E+0	-1.78876E-8
2.02506E-1	2.20949E+0	8.43908E-6	9.99849E-1	-1.35090E-8
2.03162E-1	2.20949E+0	1.02740E-5	1.00006E+0	-1.11081E-8
2.03817E-1	2.20949E+0	7.91483E-6	9.99944E-1	-8.95397E-9
2.04472E-1	2.20949E+0	1.86620E-5	9.99973E-1	-7.13073E-9
2.05128E-1	2.20949E+0	8.04589E-6	9.99982E-1	-6.70523E-9
2.05783E-1	2.20949E+0	1.04050E-5	1.00002E+0	-2.74163E-9
2.06438E-1	2.20949E+0	9.88078E-6	9.99961E-1	-3.01500E-9
2.07094E-1	2.20949E+0	3.13147E-7	1.00004E+0	-8.28059E-10
2.07749E-1	2.20949E+0	1.00118E-5	9.99982E-1	-1.95148E-9
2.08404E-1	2.20949E+0	1.02740E-5	1.00004E+0	-1.94958E-9
2.09060E-1	2.20949E+0	1.21089E-5	9.99931E-1	2.56854E-10
2.09715E-1	2.20949E+0	7.91483E-6	1.00005E+0	-7.87648E-10
2.10371E-1	2.20949E+0	1.00118E-5	9.99950E-1	2.72068E-10
2.11026E-1	2.20949E+0	8.83228E-6	1.00002E+0	2.45425E-9
2.11681E-1	2.20949E+0	1.59097E-5	9.99950E-1	1.70927E-9
2.12337E-1	2.20949E+0	7.12845E-6	1.00006E+0	6.36716E-10
2.12992E-1	2.20949E+0	8.83228E-6	9.99954E-1	2.81320E-9
2.13647E-1	2.20949E+0	9.61866E-6	1.00007E+0	2.75139E-9
2.14303E-1	2.20949E+0	8.96334E-6	9.99973E-1	2.96248E-9
2.14958E-1	2.20949E+0	2.29871E-5	1.00001E+0	3.04330E-9
2.15613E-1	2.20949E+0	1.04050E-5	9.99908E-1	4.26228E-9
2.16269E-1	2.20949E+0	3.32761E-6	1.00013E+0	3.97941E-9
2.16924E-1	2.20949E+0	6.73526E-6	9.99942E-1	4.45435E-9
2.17580E-1	2.20949E+0	9.74972E-6	1.00003E+0	3.28196E-9
2.18235E-1	2.20949E+0	1.40748E-5	1.00001E+0	5.55448E-9
2.18890E-1	2.20949E+0	1.15846E-5	1.00005E+0	3.86055E-9
2.19546E-1	2.20949E+0	1.35506E-5	9.99952E-1	4.82233E-9
2.20201E-1	2.20949E+0	9.09440E-6	9.99925E-1	3.51492E-9
2.20856E-1	2.20949E+0	8.57015E-6	1.00007E+0	4.98730E-9
2.21512E-1	2.20949E+0	9.09440E-6	9.99940E-1	4.46719E-9
2.22167E-1	2.20949E+0	1.10604E-5	1.00004E+0	4.61790E-9
2.22822E-1	2.20949E+0	1.17157E-5	1.00001E+0	5.74988E-9
2.23478E-1	2.20949E+0	3.72080E-6	9.99942E-1	4.39207E-9
2.24133E-1	2.20949E+0	1.15846E-5	1.00005E+0	4.71013E-9
2.24788E-1	2.20949E+0	2.42978E-5	9.99950E-1	6.16445E-9
2.25444E-1	2.20949E+0	1.13225E-5	1.00003E+0	5.65004E-9
2.26099E-1	2.20949E+0	8.83228E-6	1.00002E+0	5.20600E-9
2.26755E-1	2.20949E+0	-1.91493E-6	1.00006E+0	4.59841E-9
2.27410E-1	2.20949E+0	1.88591E-6	9.99900E-1	5.52073E-9
2.28065E-1	2.20949E+0	7.52164E-6	1.00001E+0	4.94832E-9
2.28721E-1	2.20949E+0	1.04050E-5	1.00007E+0	5.84021E-9
2.29376E-1	2.20949E+0	8.17696E-6	9.99878E-1	6.98122E-9
2.30031E-1	2.20949E+0	1.14535E-5	1.00005E+0	6.57474E-9
2.30687E-1	2.20949E+0	8.57015E-6	1.00004E+0	6.09884E-9
2.31342E-1	2.20949E+0	1.21089E-5	9.99984E-1	4.89460E-9
2.31997E-1	2.20949E+0	1.19778E-5	9.99997E-1	5.91960E-9
2.32653E-1	2.20949E+0	1.04050E-5	1.00007E+0	5.16178E-9
2.33308E-1	2.20949E+0	9.35653E-6	9.99938E-1	5.69093E-9
2.33964E-1	2.20949E+0	1.80067E-5	1.00002E+0	5.44276E-9
2.34619E-1	2.20949E+0	3.98293E-6	9.99965E-1	4.51473E-9
2.35274E-1	2.20949E+0	1.04050E-5	9.99969E-1	6.20105E-9
2.35930E-1	2.20949E+0	9.61866E-6	1.00001E+0	5.29680E-9
2.36585E-1	2.20949E+0	7.78377E-6	1.00007E+0	5.46320E-9
2.37240E-1	2.20949E+0	8.96334E-6	9.99946E-1	6.64415E-9
2.37896E-1	2.20949E+0	8.70121E-6	9.99980E-1	7.00642E-9
2.38551E-1	2.20949E+0	1.49272E-6	9.99990E-1	5.63055E-9
2.39206E-1	2.20949E+0	1.83999E-5	1.00004E+0	5.93862E-9
2.39862E-1	2.20949E+0	5.03143E-6	9.99935E-1	5.67857E-9
2.40517E-1	2.20949E+0	9.48759E-6	1.00009E+0	4.77003E-9
2.41172E-1	2.20949E+0	-1.12855E-6	9.99908E-1	7.06347E-9
2.41828E-1	2.20949E+0	1.61718E-5	1.00005E+0	5.21598E-9
2.42483E-1	2.20949E+0	1.09293E-5	9.99938E-1	6.65175E-9
2.43139E-1	2.20949E+0	8.30802E-6	1.00006E+0	6.53290E-9
2.43794E-1	2.20949E+0	7.91483E-6	1.00005E+0	6.04559E-9
2.44449E-1	2.20949E+0	1.09293E-5	9.99957E-1	6.25478E-9
2.45105E-1	2.20949E+0	9.74972E-6	9.99980E-1	6.64272E-9
2.45760E-1	2.20949E+0	1.00118E-5	9.99967E-1	4.96781E-9
2.46415E-1	2.20949E+0	1.23710E-5	1.00012E+0	6.80389E-9
2.47071E-1	2.20949E+0	1.35506E-5	9.99938E-1	5.38903E-9
2.47726E-1	2.20949E+0	9.74972E-6	1.00004E+0	6.42308E-9
2.48381E-1	2.20949E+0	2.27910E-6	9.99971E-1	5.77032E-9
2.49037E-1	2.20949E+0	8.30802E-6	1.00002E+0	6.61420E-9
2.49692E-1	2.20949E+0	7.52164E-6	9.99912E-1	5.88110E-9
2.50348E-1	2.20949E+0	1.11914E-5	1.00009E+0	5.66335E-9
2.51003E-1	2.20949E+0	8.83228E-6	9.99990E-1	5.78459E-9
2.51658E-1	2.20949E+0	6.86632E-6	9.99995E-1	7.10436E-9
2.52314E-1	2.20949E+0	2.31182E-5	9.99954E-1	5.07383E-9
2.52969E-1	2.20949E+0	1.14535E-5	1.00006E+0	6.44922E-9
2.53624E-1	2.20949E+0	1.14535E-5	9.99954E-1	4.64405E-9
2.54280E-1	2.20949E+0	7.39058E-6	1.00004E+0	6.25953E-9
2.54935E-1	2.20949E+0	1.01429E-5	9.99992E-1	5.04721E-9
2.55590E-1	2.20949E+0	1.27642E-5	1.00003E+0	5.09712E-9
2.56246E-1	2.20949E+0	1.55165E-5	1.00002E+0	5.58253E-9
2.56901E-1	2.20949E+0	1.04050E-5	9.99948E-1	4.76623E-9
2.57556E-1	2.20949E+0	-2.70131E-6	1.00003E+0	5.77270E-9
2.58212E-1	2.20949E+0	7.39058E-6	9.99978E-1	5.37953E-9
2.58867E-1	2.20949E+0	1.07982E-5	9.99984E-1	4.85514E-9
2.59523E-1	2.20949E+0	1.18467E-5	9.99986E-1	6.47490E-9
2.60178E-1	2.20949E+0	1.07982E-5	1.00003E+0	3.96039E-9
2.60833E-1	2.20949E+0	1.00118E-5	9.99990E-1	5.78696E-9
2.61489E-1	2.20949E+0	-4.73234E-7	9.99969E-1	6.12879E-9
2.62144E-1	2.20949E+0	5.81781E-6	1.00001E+0	5.20885E-9
2.62799E-1	2.20949E+0	1.14535E-5	1.00005E+0	4.00936E-9
2.63455E-1	2.20949E+0	-2.04600E-6	9.99933E-1	6.04987E-9
2.64110E-1	2.20949E+0	1.25021E-5	1.00004E+0	3.95088E-9
2.64765E-1	2.20949E+0	1.25021E-5	1.00001E+0	4.95878E-9
2.65421E-1	2.20949E+0	9.68465E-7	9.99997E-1	5.60202E-9
2.66076E-1	2.20949E+0	9.22547E-6	1.00008E+0	4.35071E-9
2.66732E-1	2.20949E+0	9.88078E-6	9.99908E-1	4.66497E-9
2.67387E-1	2.20949E+0	7.06338E-7	9.99995E-1	5.64529E-9
2.68042E-1	2.20949E+0	1.85310E-5	1.00007E+0	3.14885E-9
2.68698E-1	2.20949E+0	9.48759E-6	9.99923E-1	5.71042E-9
2.69353E-1	2.20949E+0	7.25951E-6	1.00002E+0	3.95659E-9
2.70008E-1	2.20949E+0	1.30263E-5	1.00001E+0	4.51283E-9
2.70664E-1	2.20949E+0	1.90552E-5	9.99988E-1	3.27483E-9
2.71319E-1	2.20949E+0	1.15846E-5	9.99965E-1	4.26704E-9
2.71974E-1	2.20949E+0	9.74972E-6	1.00002E+0	5.28634E-9
2.72630E-1	2.20949E+0	1.40748E-5	9.99967E-1	4.17813E-9
2.73285E-1	2.20949E+0	9.88078E-6	1.00005E+0	2.93443E-9
2.73940E-1	2.20949E+0	1.17157E-5	1.00003E+0	5.49505E-9
2.74596E-1	2.20949E+0	9.48759E-6	9.99978E-1	2.12526E-9
2.75251E-1	2.20949E+0	8.43908E-6	9.99927E-1	5.36336E-9
2.75907E-1	2.20949E+0	1.28952E-5	9.99980E-1	3.64804E-9
2.76562E-1	2.20949E+0	8.17696E-6	1.00009E+0	3.88147E-9
2.77217E-1	2.20949E+0	1.31574E-5	9.99963E-1	3.77973E-9
2.77873E-1	2.20949E+0	7.52164E-6	1.00004E+0	3.82347E-9
2.78528E-1	2.20949E+0	6.34207E-6	9.99952E-1	4.00318E-9
2.79183E-1	2.20949E+0	1.28952E-5	1.00007E+0	3.86768E-9
2.79839E-1	2.20949E+0	8.96334E-6	9.99967E-1	2.93300E-9
2.80494E-1	2.20949E+0	1.44680E-5	9.99984E-1	4.45768E-9
2.81149E-1	2.20949E+0	8.43908E-6	9.99999E-1	3.96562E-9
2.81805E-1	2.20949E+0	4.50718E-6	9.99946E-1	2.11861E-9
2.82460E-1	2.20949E+0	1.22399E-5	1.00007E+0	4.92027E-9
2.83116E-1	2.20949E+0	7.12845E-6	1.00002E+0	2.61590E-9
2.83771E-1	2.20949E+0	2.99335E-5	1.00004E+0	4.17433E-9
2.84426E-1	2.20949E+0	1.02740E-5	9.99908E-1	2.77802E-9
2.85082E-1	2.20949E+0	3.19654E-6	1.00005E+0	3.84486E-9
2.85737E-1	2.20949E+0	1.22399E-5	9.99952E-1	3.35375E-9
2.86392E-1	2.20949E+0	1.01429E-5	1.00010E+0	3.70794E-9
2.87048E-1	2.20949E+0	9.35653E-6	9.99912E-1	4.00793E-9
2.87703E-1	2.20949E+0	1.44680E-5	1.00002E+0	3.43125E-9
2.88358E-1	2.20949E+0	5.55569E-6	9.99971E-1	3.46928E-9
2.89014E-1	2.20949E+0	1.01429E-5	1.00007E+0	3.29385E-9
2.89669E-1	2.20949E+0	1.02740E-5	1.00001E+0	2.66249E-9
2.90324E-1	2.20949E+0	5.81781E-6	1.00000E+0	3.87957E-9
2.90980E-1	2.20949E+0	9.22547E-6	9.99988E-1	3.88718E-9
2.91635E-1	2.20949E+0	2.12833E-5	9.99961E-1	4.82899E-9
2.92291E-1	2.20949E+0	1.06672E-5	1.00004E+0	1.90657E-9
2.92946E-1	2.20949E+0	1.17157E-5	1.00001E+0	5.35718E-9
2.93601E-1	2.20949E+0	1.07982E-5	9.99980E-1	2.68293E-9
2.94257E-1	2.20949E+0	1.19778E-5	9.99992E-1	4.75435E-9
2.94912E-1	2.20949E+0	6.99739E-6	9.99969E-1	2.90733E-9
2.95567E-1	2.20949E+0	1.32884E-5	9.99982E-1	3.82537E-9
2.96223E-1	2.20949E+0	1.06672E-5	1.00004E+0	4.29366E-9
2.96878E-1	2.20949E+0	6.34207E-6	9.99933E-1	3.28339E-9
2.97533E-1	2.20949E+0	6.86632E-6	1.00014E+0	3.60335E-9
2.98189E-1	2.20949E+0	4.50718E-6	9.99986E-1	4.13630E-9
2.98844E-1	2.20949E+0	1.02740E-5	9.99874E-1	3.62807E-9
2.99500E-1	2.20949E+0	9.48759E-6	8.99336E-1	3.56996E-7
3.00155E-1	-2.57423E-1	5.03143E-6	1.00452E+0	7.85617E-8
3.00810E-1	-2.56344E-1	1.15846E-5	1.00009E+0	2.94440E-8
3.01466E-1	-2.56074E-1	1.02740E-5	9.99967E-1	2.71196E-8
3.02121E-1	-2.56884E-1	1.89242E-5	1.00010E+0	2.27976E-8
3.02776E-1	-2.58232E-1	8.70121E-6	9.99982E-1	2.16009E-8
3.03432E-1	-2.57693E-1	1.14535E-5	1.00004E+0	1.67626E-8
3.04087E-1	-2.56074E-1	6.60420E-6	1.00005E+0	1.70754E-8
3.04742E-1	-2.55265E-1	1.01429E-5	9.99906E-1	1.53311E-8
3.05398E-1	-2.56074E-1	1.09953E-6	1.00006E+0	1.38378E-8
3.06053E-1	-2.57423E-1	5.42462E-6	9.99925E-1	1.17064E-8
3.06708E-1	-2.56884E-1	1.36816E-5	9.99931E-1	1.25869E-8
3.07364E-1	-2.59581E-1	7.91483E-6	1.00014E+0	1.09410E-8
3.08019E-1	-2.58232E-1	7.78377E-6	1.00008E+0	1.06719E-8
3.08675E-1	-2.56074E-1	9.48759E-6	9.99961E-1	9.96972E-9
3.09330E-1	-2.57423E-1	9.35653E-6	9.99927E-1	9.92931E-9
3.09985E-1	-2.56884E-1	9.88078E-6	1.00004E+0	8.13697E-9
3.10641E-1	-2.56884E-1	1.21089E-5	1.00005E+0	9.65262E-9
3.11296E-1	-2.56074E-1	1.59097E-5	9.99914E-1	8.27627E-9
3.11951E-1	-2.56344E-1	7.52164E-6	1.00012E+0	8.32524E-9
3.12607E-1	-2.57153E-1	9.61866E-6	9.99897E-1	8.79068E-9
3.13262E-1	-2.55265E-1	9.88078E-6	1.00004E+0	8.14506E-9
3.13917E-1	-2.57423E-1	6.73526E-6	1.00000E+0	6.94366E-9
3.14573E-1	-2.54996E-1	7.91483E-6	1.00007E+0	8.05330E-9
3.15228E-1	-2.57153E-1	7.65270E-6	9.99950E-1	8.24252E-9
3.15884E-1	-2.54726E-1	6.86632E-6	9.99984E-1	5.90487E-9
3.16539E-1	-2.53917E-1	2.16765E-5	1.00000E+0	7.98721E-9
3.17194E-1	-2.54996E-1	1.38127E-5	9.99978E-1	6.12499E-9
3.17850E-1	-2.56884E-1	5.55569E-6	1.00002E+0	7.83841E-9
3.18505E-1	-2.56344E-1	1.23059E-6	9.99959E-1	6.44685E-9
3.19160E-1	-2.56074E-1	9.88078E-6	1.00002E+0	7.29643E-9
3.19816E-1	-2.56614E-1	1.05361E-5	1.00001E+0	6.15399E-9
3.20471E-1	-2.55805E-1	7.65270E-6	1.00004E+0	6.39122E-9
3.21126E-1	-2.56074E-1	1.22399E-5	9.99921E-1	5.13421E-9
3.21782E-1	-2.56344E-1	-3.22557E-6	1.00008E+0	7.57455E-9
3.22437E-1	-2.55805E-1	7.65270E-6	9.99963E-1	6.04131E-9
3.23092E-1	-2.57153E-1	9.09440E-6	9.99967E-1	5.97285E-9
3.23748E-1	-2.55805E-1	8.04589E-6	1.00001E+0	6.22007E-9
3.24403E-1	-2.55535E-1	1.10604E-5	9.99954E-1	6.58947E-9
3.25059E-1	-2.54996E-1	1.49272E-6	1.00002E+0	6.22768E-9
3.25714E-1	-2.55535E-1	1.40748E-5	1.00002E+0	6.05985E-9
3.26369E-1	-2.57153E-1	1.23710E-5	9.99988E-1	6.56618E-9
3.27025E-1	-2.56344E-1	1.10604E-5	9.99984E-1	4.92027E-9
3.27680E-1	-2.56074E-1	1.21089E-5	1.00003E+0	6.15541E-9
3.28335E-1	-2.56614E-1	9.09440E-6	1.00002E+0	6.09361E-9
3.28991E-1	-2.55805E-1	3.45867E-6	1.00000E+0	4.99586E-9
3.29646E-1	-2.55805E-1	1.00118E-5	9.99940E-1	6.62180E-9
3.30301E-1	-2.56344E-1	9.48759E-6	1.00008E+0	4.90791E-9
3.30957E-1	-2.53917E-1	6.73526E-6	9.99986E-1	5.12850E-9
3.31612E-1	-2.58232E-1	1.22399E-5	9.99992E-1	5.86636E-9
3.32268E-1	-2.56614E-1	6.34207E-6	9.99986E-1	7.05491E-9
3.32923E-1	-2.57693E-1	2.80986E-5	1.00003E+0	4.41157E-9
3.33578E-1	-2.55805E-1	9.74972E-6	9.99931E-1	6.33180E-9
3.34234E-1	-2.56074E-1	6.07994E-6	1.00004E+0	5.86303E-9
3.34889E-1	-2.55805E-1	1.80067E-5	1.00004E+0	4.97684E-9
3.35544E-1	-2.57423E-1	1.25021E-5	9.99912E-1	5.96667E-9
3.36200E-1	-2.56614E-1	7.91483E-6	1.00012E+0	4.64452E-9
3.36855E-1	-2.55805E-1	1.05361E-5	9.99908E-1	6.01326E-9
3.37510E-1	-2.54456E-1	3.98293E-6	1.00007E+0	5.03817E-9
3.38166E-1	-2.56884E-1	1.28952E-5	9.99946E-1	6.57949E-9
3.38821E-1	-2.55805E-1	8.43908E-6	1.00007E+0	5.28967E-9
3.39476E-1	-2.55805E-1	5.42462E-6	9.99855E-1	5.00347E-9
3.40132E-1	-2.53917E-1	1.27642E-5	1.00018E+0	6.13830E-9
3.40787E-1	-2.56074E-1	1.09293E-5	9.99832E-1	5.51930E-9
3.41443E-1	-2.56614E-1	9.88078E-6	1.00012E+0	4.98683E-9
3.42098E-1	-2.55535E-1	1.14535E-5	9.99927E-1	6.54811E-9
3.42753E-1	-2.55535E-1	8.17696E-6	1.00002E+0	5.20980E-9
3.43409E-1	-2.59311E-1	2.28561E-5	9.99986E-1	5.45749E-9
3.44064E-1	-2.55805E-1	1.28952E-5	9.99967E-1	4.48098E-9
3.44719E-1	-2.56344E-1	7.91483E-6	1.00002E+0	5.34625E-9
3.45375E-1	-2.56614E-1	6.21101E-6	1.00009E+0	5.11662E-9
3.46030E-1	-2.55805E-1	1.02740E-5	9.99929E-1	6.05795E-9
3.46685E-1	-2.55535E-1	5.55569E-6	1.00001E+0	4.67067E-9
3.47341E-1	-2.55265E-1	1.22399E-5	1.00002E+0	5.30584E-9
3.47996E-1	-2.56344E-1	1.17157E-5	9.99990E-1	6.01564E-9
3.48652E-1	-2.55805E-1	7.12845E-6	1.00001E+0	4.06213E-9
3.49307E-1	-2.56074E-1	1.27642E-5	1.00001E+0	6.22387E-9
3.49962E-1	-2.55805E-1	8.83228E-6	9.99973E-1	4.81710E-9
3.50618E-1	-2.54996E-1	1.05361E-5	1.00005E+0	4.68588E-9
3.51273E-1	-2.54187E-1	9.88078E-6	1.00004E+0	5.55591E-9
3.51928E-1	-2.55805E-1	7.39058E-6	9.99849E-1	5.93434E-9
3.52584E-1	-2.54996E-1	-2.04600E-6	1.00005E+0	5.30393E-9
3.53239E-1	-2.56344E-1	1.34195E-5	1.00011E+0	5.05671E-9
3.53894E-1	-2.56344E-1	1.30263E-5	9.99916E-1	5.30964E-9
3.54550E-1	-2.56614E-1	1.10604E-5	9.99995E-1	4.60839E-9
3.55205E-1	-2.54996E-1	1.02740E-5	9.99954E-1	5.79742E-9
3.55860E-1	-2.56074E-1	7.39058E-6	1.00003E+0	5.28444E-9
3.56516E-1	-2.57423E-1	1.40748E-5	1.00002E+0	5.15513E-9
3.57171E-1	-2.55265E-1	1.83999E-5	9.99973E-1	4.44057E-9
3.57827E-1	-2.55805E-1	7.65270E-6	9.99990E-1	5.78173E-9
3.58482E-1	-2.55265E-1	8.83228E-6	9.99967E-1	5.33911E-9
3.59137E-1	-2.57153E-1	1.05361E-5	1.00003E+0	5.76509E-9
3.59793E-1	-2.57153E-1	1.15846E-5	1.00005E+0	3.66088E-9
3.60448E-1	-2.55805E-1	1.15846E-5	1.00005E+0	6.34511E-9
3.61103E-1	-2.55805E-1	5.55569E-6	9.99887E-1	4.77146E-9
3.61759E-1	-2.55265E-1	8.43908E-6	9.99995E-1	5.72801E-9
3.62414E-1	-2.55535E-1	1.17157E-5	1.00010E+0	4.23709E-9
3.63069E-1	-2.56074E-1	1.21089E-5	9.99944E-1	5.26875E-9
3.63725E-1	-2.54726E-1	1.19778E-5	1.00002E+0	5.93149E-9
3.64380E-1	-2.56884E-1	1.19778E-5	1.00003E+0	4.94309E-9
3.65036E-1	-2.55535E-1	5.42462E-6	9.99946E-1	5.59347E-9
3.65691E-1	-2.54726E-1	9.88078E-6	9.99990E-1	4.87891E-9
3.66346E-1	-2.55535E-1	9.09440E-6	9.99925E-1	5.11091E-9
3.67002E-1	-2.56344E-1	8.17696E-6	1.00010E+0	5.45797E-9
3.67657E-1	-2.56074E-1	7.52164E-6	9.99986E-1	5.19982E-9
3.68312E-1	-2.56344E-1	1.09293E-5	9.99978E-1	5.12993E-9
3.68968E-1	-2.55535E-1	9.48759E-6	9.99988E-1	4.99538E-9
3.69623E-1	-2.53917E-1	1.04050E-5	1.00006E+0	4.23043E-9
3.70278E-1	-2.56074E-1	2.41667E-5	1.00003E+0	6.14163E-9
3.70934E-1	-2.56074E-1	1.27642E-5	1.00000E+0	4.24469E-9
3.71589E-1	-2.55805E-1	1.00118E-5	9.99971E-1	6.52244E-9
3.72244E-1	-2.56344E-1	5.55569E-6	9.99929E-1	4.52091E-9
3.72900E-1	-2.56884E-1	6.86632E-6	1.00005E+0	4.62598E-9
3.73555E-1	-2.55805E-1	9.35653E-6	9.99980E-1	6.20771E-9
3.74211E-1	-2.56074E-1	1.30263E-5	1.00006E+0	5.42564E-9
3.74866E-1	-2.53647E-1	1.23710E-5	9.99978E-1	4.96638E-9
3.75521E-1	-2.55265E-1	1.13225E-5	1.00002E+0	4.85133E-9
3.76177E-1	-2.54726E-1	7.78377E-6	9.99935E-1	4.41204E-9
3.76832E-1	-2.56884E-1	6.34207E-6	1.00004E+0	5.48745E-9
3.77487E-1	-2.54996E-1	8.30802E-6	9.99971E-1	5.26447E-9
3.78143E-1	-2.55805E-1	1.28952E-5	9.99976E-1	6.20676E-9
3.78798E-1	-2.56074E-1	1.17157E-5	1.00001E+0	4.26133E-9
3.79453E-1	-2.55535E-1	1.32884E-5	1.00006E+0	5.41756E-9
3.80109E-1	-2.55805E-1	7.39058E-6	1.00002E+0	6.15494E-9
3.80764E-1	-2.57962E-1	3.06548E-6	9.99942E-1	4.78002E-9
3.81420E-1	-2.55805E-1	1.14535E-5	9.99988E-1	5.45512E-9
3.82075E-1	-2.54726E-1	1.04050E-5	1.00003E+0	4.66734E-9
3.82730E-1	-2.56344E-1	1.07982E-5	9.99965E-1	6.27332E-9
3.83386E-1	-2.56344E-1	8.70121E-6	9.99999E-1	4.93548E-9
3.84041E-1	-2.54996E-1	1.07982E-5	1.00001E+0	4.14343E-9
3.84696E-1	-2.55805E-1	1.30263E-5	9.99986E-1	5.12185E-9
3.85352E-1	-2.56614E-1	1.04050E-5	1.00010E+0	5.57350E-9
3.86007E-1	-2.54187E-1	9.22547E-6	9.99847E-1	5.96002E-9
3.86662E-1	-2.56614E-1	9.61866E-6	1.00011E+0	5.34482E-9
3.87318E-1	-2.56344E-1	4.76931E-6	9.99969E-1	5.64196E-9
3.87973E-1	-2.56074E-1	7.12845E-6	9.99950E-1	3.92331E-9
3.88628E-1	-2.56614E-1	8.83228E-6	1.00009E+0	6.27427E-9
3.89284E-1	-2.55535E-1	9.74972E-6	9.99933E-1	5.64243E-9
3.89939E-1	-2.56884E-1	7.52164E-6	1.00005E+0	5.20267E-9
3.90595E-1	-2.56074E-1	7.52164E-6	9.99978E-1	4.87796E-9
3.91250E-1	-2.56074E-1	1.98416E-5	9.99997E-1	3.70984E-9
3.91905E-1	-2.57153E-1	1.11914E-5	1.00001E+0	6.23481E-9
3.92561E-1	-2.55805E-1	1.44680E-5	1.00003E+0	6.04084E-9
3.93216E-1	-2.55265E-1	9.61866E-6	1.00001E+0	4.82138E-9
3.93871E-1	-2.54726E-1	2.41016E-6	9.99978E-1	4.53375E-9
3.94527E-1	-2.53917E-1	8.30802E-6	9.99946E-1	5.34244E-9
3.95182E-1	-2.55535E-1	1.07982E-5	1.00002E+0	4.88319E-9
3.95837E-1	-2.54996E-1	1.27642E-5	9.99988E-1	6.11976E-9
3.96493E-1	-2.55805E-1	1.09293E-5	9.99999E-1	5.26352E-9
3.97148E-1	-2.55805E-1	6.34207E-6	1.00004E+0	4.47385E-9
3.97804E-1	-2.54996E-1	7.25951E-6	1.00003E+0	5.08762E-9
3.98459E-1	-2.55805E-1	7.12845E-6	1.00000E+0	5.10426E-9
3.99114E-1	-2.54996E-1	9.48759E-6	9.99952E-1	6.17491E-9
3.99770E-1	-2.54187E-1	1.42059E-5	1.09619E+0	-4.09877E-7
4.00425E-1	2.20949E+0	9.48759E-6	9.99750E-1	-4.06813E-8
4.01080E-1	2.20949E+0	4.63824E-6	1.00010E+0	-2.45526E-8
4.01736E-1	2.20949E+0	5.81781E-6	9.99883E-1	-1.86383E-8
4.02391E-1	2.20949E+0	1.90552E-5	9.99908E-1	-1.44888E-8
4.03046E-1	2.20949E+0	1.30263E-5	9.99988E-1	-1.24317E-8
4.03702E-1	2.20949E+0	4.76931E-6	1.00007E+0	-1.08357E-8
4.04357E-1	2.20949E+0	-6.04297E-7	1.00005E+0	-7.77350E-9
4.05012E-1	2.20949E+0	1.00118E-5	9.99940E-1	-8.22562E-9
4.05668E-1	2.20949E+0	9.22547E-6	1.00001E+0	-8.22182E-9
4.06323E-1	2.20949E+0	1.00118E-5	9.99878E-1	-5.24188E-9
4.06979E-1	2.20949E+0	9.48759E-6	1.00011E+0	-6.35151E-9
4.07634E-1	2.20949E+0	1.05361E-5	9.99982E-1	-3.86981E-9
4.08289E-1	2.20949E+0	7.39058E-6	1.00000E+0	-4.66994E-9
4.08945E-1	2.20949E+0	9.48759E-6	1.00001E+0	-3.90404E-9
4.09600E-1	2.20949E+0	8.96334E-6	9.99969E-1	-2.92657E-9
4.10255E-1	2.20949E+0	7.78377E-6	1.00002E+0	-4.21734E-9
4.10911E-1	2.20949E+0	1.42059E-5	9.99948E-1	-3.30834E-9
4.11566E-1	2.20949E+0	8.17696E-6	1.00001E+0	-1.84166E-9
4.12221E-1	2.20949E+0	1.30263E-5	9.99995E-1	-2.03848E-9
4.12877E-1	2.20949E+0	1.87931E-5	1.00001E+0	-2.23531E-9
4.13532E-1	2.20949E+0	1.14535E-5	9.99995E-1	-3.28979E-9
4.14188E-1	2.20949E+0	9.88078E-6	1.00005E+0	-8.16464E-11
4.14843E-1	2.20949E+0	9.74972E-6	9.99950E-1	-2.00425E-9
4.15498E-1	2.20949E+0	5.16250E-6	1.00001E+0	-1.19271E-9
4.16154E-1	2.20949E+0	1.09293E-5	1.00007E+0	-2.80914E-9
4.16809E-1	2.20949E+0	9.74972E-6	9.99857E-1	-6.71170E-10
4.17464E-1	2.20949E+0	1.07982E-5	1.00005E+0	-6.01758E-10
4.18120E-1	2.20949E+0	7.78377E-6	9.99997E-1	-1.22836E-9
4.18775E-1	2.20949E+0	1.49272E-6	1.00004E+0	-1.94910E-9
4.19430E-1	2.20949E+0	2.40356E-5	1.00002E+0	-3.76408E-10
4.20086E-1	2.20949E+0	1.06672E-5	9.99912E-1	-1.11712E-9
4.20741E-1	2.20949E+0	1.38127E-5	1.00007E+0	-8.35666E-10
4.21396E-1	2.20949E+0	1.13225E-5	9.99980E-1	6.91390E-10
4.22052E-1	2.20949E+0	9.48759E-6	1.00001E+0	-1.49935E-9
4.22707E-1	2.20949E+0	8.30802E-6	9.99927E-1	-6.05434E-12
4.23363E-1	2.20949E+0	1.55165E-5	1.00009E+0	2.62084E-10
4.24018E-1	2.20949E+0	1.11914E-5	9.99952E-1	-2.61356E-10
4.24673E-1	2.20949E+0	1.02740E-5	1.00001E+0	-1.71234E-9
4.25329E-1	2.20949E+0	1.27642E-5	1.00007E+0	5.15959E-10
4.25984E-1	2.20949E+0	9.48759E-6	9.99969E-1	-6.54054E-10
4.26639E-1	2.20949E+0	1.18467E-5	1.00001E+0	-3.00816E-10
4.27295E-1	2.20949E+0	1.35506E-5	9.99978E-1	7.07554E-10
4.27950E-1	2.20949E+0	7.52164E-6	9.99980E-1	-3.67850E-10
4.28605E-1	2.20949E+0	1.35506E-5	1.00000E+0	3.15806E-10
4.29261E-1	2.20949E+0	9.09440E-6	9.99982E-1	5.78715E-10
4.29916E-1	2.20949E+0	6.47313E-6	1.00001E+0	-1.69095E-9
4.30572E-1	2.20949E+0	9.09440E-6	1.00002E+0	3.10101E-10
4.31227E-1	2.20949E+0	6.34207E-6	9.99950E-1	1.14257E-9
4.31882E-1	2.20949E+0	7.91483E-6	1.00003E+0	-3.44079E-10
4.32538E-1	2.20949E+0	9.61866E-6	1.00001E+0	6.78553E-10
4.33193E-1	2.20949E+0	9.68465E-7	1.00007E+0	-1.82911E-10
4.33848E-1	2.20949E+0	1.13225E-5	9.99859E-1	-5.69905E-10
4.34504E-1	2.20949E+0	2.16765E-5	1.00009E+0	3.74283E-10
4.35159E-1	2.20949E+0	9.88078E-6	1.00003E+0	9.89004E-10
4.35814E-1	2.20949E+0	1.23710E-5	9.99919E-1	1.31818E-10
4.36470E-1	2.20949E+0	1.01429E-5	1.00005E+0	1.02704E-9
4.37125E-1	2.20949E+0	1.13225E-5	9.99927E-1	-4.00179E-10
4.37780E-1	2.20949E+0	7.12845E-6	1.00001E+0	-1.31090E-10
4.38436E-1	2.20949E+0	1.80067E-5	1.00001E+0	-2.48995E-10
4.39091E-1	2.20949E+0	1.22399E-5	1.00004E+0	1.26617E-9
4.39747E-1	2.20949E+0	7.52164E-6	1.00003E+0	-2.53274E-10
4.40402E-1	2.20949E+0	1.36166E-6	1.00000E+0	5.45435E-10
4.41057E-1	2.20949E+0	1.31574E-5	9.99957E-1	1.83383E-9
4.41713E-1	2.20949E+0	5.75274E-7	1.00009E+0	-6.98269E-10
4.42368E-1	2.20949E+0	7.91483E-6	9.99946E-1	1.29470E-9
4.43023E-1	2.20949E+0	1.15846E-5	9.99950E-1	7.19440E-10
4.43679E-1	2.20949E+0	9.35653E-6	1.00008E+0	3.77136E-10
4.44334E-1	2.20949E+0	1.01429E-5	9.99912E-1	5.22139E-10
4.44989E-1	2.20949E+0	6.73526E-6	1.00006E+0	4.91237E-10
4.45645E-1	2.20949E+0	5.94888E-6	9.99965E-1	-1.91469E-10
4.46300E-1	2.20949E+0	5.81781E-6	1.00004E+0	1.30867E-10
4.46956E-1	2.20949E+0	1.07982E-5	9.99954E-1	2.10339E-9
4.47611E-1	2.20949E+0	8.43908E-6	1.00002E+0	-3.49784E-10
4.48266E-1	2.20949E+0	1.11914E-5	9.99946E-1	8.14999E-10
4.48922E-1	2.20949E+0	1.07982E-5	1.00011E+0	7.32751E-10
4.49577E-1	2.20949E+0	1.32884E-5	9.99872E-1	9.74741E-10
4.50232E-1	2.20949E+0	1.32884E-5	1.00008E+0	1.43228E-10
4.50888E-1	2.20949E+0	1.06672E-5	9.99900E-1	6.98521E-10
4.51543E-1	2.20949E+0	9.09440E-6	1.00013E+0	2.97265E-10
4.52198E-1	2.20949E+0	7.25951E-6	9.99944E-1	4.37990E-10
4.52854E-1	2.20949E+0	1.00118E-5	9.99978E-1	1.61656E-9
4.53509E-1	2.20949E+0	8.30802E-6	1.00006E+0	6.27683E-10
4.54164E-1	2.20949E+0	1.02740E-5	9.99973E-1	-4.39639E-10
4.54820E-1	2.20949E+0	6.34207E-6	9.99973E-1	2.45045E-9
4.55475E-1	2.20949E+0	1.26331E-5	1.00001E+0	5.18336E-10
4.56131E-1	2.20949E+0	3.58973E-6	1.00002E+0	3.67336E-11
4.56786E-1	2.20949E+0	7.65270E-6	9.99984E-1	7.58900E-10
4.57441E-1	2.20949E+0	7.12845E-6	9.99969E-1	1.08742E-9
4.58097E-1	2.20949E+0	1.21089E-5	1.00009E+0	1.19819E-9
4.58752E-1	2.20949E+0	8.83228E-6	9.99980E-1	-3.06996E-10
4.59407E-1	2.20949E+0	8.83228E-6	9.99965E-1	4.76499E-10
4.60063E-1	2.20949E+0	1.02740E-5	1.00005E+0	1.04796E-9
4.60718E-1	2.20949E+0	7.78377E-6	9.99969E-1	1.01800E-9
4.61373E-1	2.20949E+0	7.78377E-6	9.99971E-1	1.72924E-9
4.62029E-1	2.20949E+0	7.78377E-6	9.99988E-1	-5.94151E-10
4.62684E-1	2.20949E+0	1.85310E-5	9.99992E-1	2.29499E-9
4.63340E-1	2.20949E+0	1.04050E-5	9.99976E-1	1.24687E-10
4.63995E-1	2.20949E+0	8.04589E-6	1.00002E+0	1.61799E-9
4.64650E-1	2.20949E+0	9.88078E-6	1.00001E+0	8.04540E-10
4.65306E-1	2.20949E+0	1.36816E-5	9.99978E-1	-4.68640E-10
4.65961E-1	2.20949E+0	3.98293E-6	1.00005E+0	2.17566E-9
4.66616E-1	2.20949E+0	7.25951E-6	9.99973E-1	2.89183E-10
4.67272E-1	2.20949E+0	9.22547E-6	1.00006E+0	4.98844E-10
4.67927E-1	2.20949E+0	1.13225E-5	9.99992E-1	1.51482E-9
4.68582E-1	2.20949E+0	9.74972E-6	9.99957E-1	-3.26780E-11
4.69238E-1	2.20949E+0	1.06672E-5	9.99992E-1	9.86151E-10
4.69893E-1	2.20949E+0	9.61866E-6	9.99957E-1	6.29585E-10
4.70548E-1	2.20949E+0	1.17157E-5	1.00009E+0	5.28795E-10
4.71204E-1	2.20949E+0	4.90037E-6	9.99938E-1	9.01051E-10
4.71859E-1	2.20949E+0	8.70121E-6	1.00007E+0	1.39359E-9
4.72515E-1	2.20949E+0	1.48612E-5	1.00001E+0	2.03208E-9
4.73170E-1	2.20949E+0	1.38127E-5	1.00004E+0	4.67466E-10
4.73825E-1	2.20949E+0	-2.17706E-6	9.99929E-1	5.02647E-10
4.74481E-1	2.20949E+0	1.14535E-5	9.99950E-1	1.78011E-9
4.75136E-1	2.20949E+0	8.70121E-6	1.00000E+0	7.00423E-10
4.75791E-1	2.20949E+0	1.26331E-5	1.00006E+0	8.21180E-10
4.76447E-1	2.20949E+0	1.23710E-5	1.00001E+0	4.69368E-10
4.77102E-1	2.20949E+0	6.99739E-6	9.99961E-1	2.11528E-9
4.77757E-1	2.20949E+0	1.10604E-5	1.00005E+0	-6.06037E-10
4.78413E-1	2.20949E+0	5.55569E-6	9.99948E-1	2.62398E-9
4.79068E-1	2.20949E+0	1.19778E-5	1.00002E+0	-1.64370E-10
4.79724E-1	2.20949E+0	8.30802E-6	9.99963E-1	7.61277E-10
4.80379E-1	2.20949E+0	-1.65281E-6	1.00005E+0	1.26142E-9
4.81034E-1	2.20949E+0	9.09440E-6	1.00003E+0	1.56949E-9
4.81690E-1	2.20949E+0	1.25021E-5	9.99978E-1	1.37980E-9
4.82345E-1	2.20949E+0	1.09293E-5	9.99891E-1	4.95991E-10
4.83000E-1	2.20949E+0	2.67880E-5	1.00007E+0	7.26571E-10
4.83656E-1	2.20949E+0	8.04589E-6	1.00007E+0	1.51007E-9
4.84311E-1	2.20949E+0	1.10604E-5	9.99914E-1	1.36316E-9
4.84966E-1	2.20949E+0	1.65650E-5	1.00005E+0	-3.64813E-11
4.85622E-1	2.20949E+0	8.83228E-6	9.99995E-1	1.70832E-9
4.86277E-1	2.20949E+0	1.14535E-5	9.99976E-1	1.17489E-9
4.86932E-1	2.20949E+0	3.13147E-7	1.00004E+0	8.53984E-10
4.87588E-1	2.20949E+0	7.52164E-6	9.99986E-1	5.14057E-10
4.88243E-1	2.20949E+0	1.55165E-5	9.99946E-1	2.17471E-9
4.88899E-1	2.20949E+0	9.74972E-6	1.00013E+0	1.33720E-10
4.89554E-1	2.20949E+0	1.02740E-5	9.99857E-1	1.06840E-9
4.90209E-1	2.20949E+0	-8.00432E-8	1.00007E+0	7.74589E-10
4.90865E-1	2.20949E+0	7.78377E-6	9.99935E-1	1.26380E-9
4.91520E-1	2.20949E+0	9.88078E-6	1.00001E+0	1.54953E-9
4.92175E-1	2.20949E+0	1.17157E-5	1.00005E+0	1.36696E-9
4.92831E-1	2.20949E+0	1.40748E-5	1.00001E+0	2.08836E-10
4.93486E-1	2.20949E+0	7.25951E-6	9.99969E-1	1.13591E-9
4.94141E-1	2.20949E+0	-8.66424E-7	9.99950E-1	1.94032E-9
4.94797E-1	2.20949E+0	6.60420E-6	1.00006E+0	1.15178E-10
4.95452E-1	2.20949E+0	9.74972E-6	9.99938E-1	1.82480E-9
4.96108E-1	2.20949E+0	1.14535E-5	1.00009E+0	1.37742E-9
4.96763E-1	2.20949E+0	-1.00409E-5	9.99904E-1	2.06935E-10
4.97418E-1	2.20949E+0	9.88078E-6	1.00004E+0	2.07534E-9
4.98074E-1	2.20949E+0	1.31574E-5	9.99992E-1	7.26095E-10
4.98729E-1	2.20949E+0	4.50718E-6	9.99986E-1	1.24906E-9
4.99384E-1	2.20949E+0	1.05361E-5	8.99614E-1	2.76331E-7
5.00040E-1	-2.55535E-1	5.55569E-6	1.00250E+0	1.66469E-7
5.00695E-1	-2.56344E-1	8.30802E-6	1.00001E+0	3.81152E-8
5.01350E-1	-2.56614E-1	1.32884E-5	1.00017E+0	2.98252E-8
5.02006E-1	-2.55265E-1	1.17157E-5	9.99904E-1	2.38673E-8
5.02661E-1	-2.57423E-1	7.91483E-6	1.00009E+0	2.03368E-8
5.03316E-1	-2.58232E-1	5.94888E-6	9.99931E-1	1.95038E-8
5.03972E-1	-2.55535E-1	8.30802E-6	1.00011E+0	1.63703E-8
5.04627E-1	-2.56614E-1	2.25939E-5	1.00001E+0	1.51418E-8
5.05283E-1	-2.56074E-1	1.04050E-5	9.99982E-1	1.41715E-8
5.05938E-1	-2.57423E-1	1.10604E-5	1.00001E+0	1.13023E-8
5.06593E-1	-2.56074E-1	8.83228E-6	9.99952E-1	1.32525E-8
5.07249E-1	-2.55535E-1	1.40748E-5	1.00001E+0	1.02702E-8
5.07904E-1	-2.57423E-1	1.11914E-5	1.00005E+0	1.14782E-8
5.08559E-1	-2.56344E-1	8.30802E-6	9.99942E-1	9.82757E-9
5.09215E-1	-2.58232E-1	1.26331E-5	1.00005E+0	1.11920E-8
5.09870E-1	-2.56344E-1	1.14535E-5	9.99997E-1	9.58321E-9
5.10525E-1	-2.55535E-1	1.09293E-5	9.99976E-1	8.72412E-9
5.11181E-1	-2.56344E-1	8.70121E-6	1.00005E+0	8.86722E-9
5.11836E-1	-2.57962E-1	1.30263E-5	9.99938E-1	8.67135E-9
5.12492E-1	-2.55805E-1	9.48759E-6	1.00007E+0	8.96611E-9
5.13147E-1	-2.56074E-1	1.36816E-5	9.99959E-1	7.95631E-9
5.13802E-1	-2.57423E-1	4.24505E-6	1.00002E+0	8.19545E-9
5.14458E-1	-2.56614E-1	8.37401E-7	1.00004E+0	7.34017E-9
5.15113E-1	-2.55265E-1	2.10212E-5	9.99971E-1	7.53842E-9
5.15768E-1	-2.55805E-1	7.25951E-6	1.00001E+0	7.44428E-9
5.16424E-1	-2.56344E-1	9.35653E-6	9.99986E-1	8.48023E-9
5.17079E-1	-2.56614E-1	1.07982E-5	9.99984E-1	5.75701E-9
5.17734E-1	-2.57153E-1	1.27642E-5	1.00004E+0	8.78830E-9
5.18390E-1	-2.56074E-1	8.17696E-6	1.00002E+0	6.55619E-9
5.19045E-1	-2.56614E-1	8.57015E-6	9.99916E-1	6.47870E-9
5.19700E-1	-2.54726E-1	6.60420E-6	1.00004E+0	7.77755E-9
5.20356E-1	-2.56344E-1	1.26331E-5	1.00007E+0	6.59280E-9
5.21011E-1	-2.55535E-1	9.48759E-6	9.99847E-1	7.37725E-9
5.21667E-1	-2.57423E-1	-1.52174E-6	1.00013E+0	5.42707E-9
5.22322E-1	-2.55805E-1	8.57015E-6	9.99900E-1	6.50342E-9
5.22977E-1	-2.56344E-1	8.43908E-6	1.00004E+0	7.65157E-9
5.23633E-1	-2.56884E-1	-6.50216E-6	1.00002E+0	6.73258E-9
5.24288E-1	-2.54726E-1	1.07982E-5	1.00006E+0	5.86018E-9
5.24943E-1	-2.55805E-1	4.76931E-6	9.99868E-1	5.52976E-9
5.25599E-1	-2.57153E-1	6.99739E-6	1.00011E+0	6.49296E-9
5.26254E-1	-2.56344E-1	1.60408E-5	9.99938E-1	6.22150E-9
5.26909E-1	-2.54456E-1	6.60420E-6	9.99973E-1	6.98788E-9
5.27565E-1	-2.57962E-1	8.17696E-6	1.00007E+0	6.02325E-9
5.28220E-1	-2.54996E-1	2.29871E-5	9.99908E-1	6.05795E-9
5.28876E-1	-2.54456E-1	6.73526E-6	1.00007E+0	5.54212E-9
5.29531E-1	-2.57153E-1	1.27642E-5	9.99997E-1	7.55934E-9
5.30186E-1	-2.56074E-1	8.43908E-6	9.99954E-1	4.54421E-9
5.30842E-1	-2.55535E-1	8.70121E-6	1.00006E+0	7.50371E-9
5.31497E-1	-2.55805E-1	5.81781E-6	1.00000E+0	5.85209E-9
5.32152E-1	-2.54996E-1	7.25951E-6	1.00004E+0	5.10758E-9
5.32808E-1	-2.55535E-1	1.23710E-5	9.99866E-1	6.02515E-9
5.33463E-1	-2.55805E-1	1.48612E-5	1.00012E+0	5.20600E-9
5.34118E-1	-2.54726E-1	1.28952E-5	9.99893E-1	7.55886E-9
5.34774E-1	-2.56614E-1	8.43908E-6	1.00013E+0	4.65308E-9
5.35429E-1	-2.54456E-1	6.86632E-6	9.99908E-1	5.86541E-9
5.36084E-1	-2.54187E-1	1.52544E-5	9.99982E-1	6.24955E-9
5.36740E-1	-2.55265E-1	1.35506E-5	1.00002E+0	5.74275E-9
5.37395E-1	-2.55265E-1	9.74972E-6	9.99999E-1	6.48916E-9
5.38051E-1	-2.56344E-1	9.48759E-6	1.00000E+0	4.87558E-9
5.38706E-1	-2.53378E-1	7.25951E-6	1.00002E+0	5.45797E-9
5.39361E-1	-2.54726E-1	8.43908E-6	9.99980E-1	6.49582E-9
5.40017E-1	-2.56344E-1	1.31574E-5	9.99995E-1	5.67239E-9
5.40672E-1	-2.58232E-1	1.88591E-6	1.00004E+0	4.90838E-9
5.41327E-1	-2.56614E-1	9.74972E-6	9.99910E-1	5.55543E-9
5.41983E-1	-2.55805E-1	8.04589E-6	1.00009E+0	6.97266E-9
5.42638E-1	-2.55805E-1	-9.25449E-6	1.00006E+0	4.41394E-9
5.43293E-1	-2.54726E-1	1.05361E-5	9.99959E-1	5.84021E-9
5.43949E-1	-2.55805E-1	9.88078E-6	9.99986E-1	5.32675E-9
5.44604E-1	-2.53917E-1	1.47301E-5	9.99973E-1	6.74779E-9
5.45260E-1	-2.55535E-1	7.91483E-6	1.00001E+0	4.16577E-9
5.45915E-1	-2.55535E-1	7.12845E-6	1.00002E+0	6.10027E-9
5.46570E-1	-2.57423E-1	1.34195E-5	9.99916E-1	6.35985E-9
5.47226E-1	-2.54456E-1	6.99739E-6	1.00008E+0	5.60630E-9
5.47881E-1	-2.55265E-1	1.14535E-5	9.99973E-1	5.27874E-9
5.48536E-1	-2.56344E-1	8.04589E-6	9.99980E-1	5.25544E-9
5.49192E-1	-2.56884E-1	1.25021E-5	9.99980E-1	4.83659E-9
5.49847E-1	-2.56074E-1	8.83228E-6	1.00005E+0	5.26780E-9
5.50502E-1	-2.55265E-1	8.30802E-6	1.00001E+0	4.79381E-9
5.51158E-1	-2.54996E-1	9.88078E-6	1.00002E+0	7.47091E-9
5.51813E-1	-2.56074E-1	1.02740E-5	9.99965E-1	4.83184E-9
5.52468E-1	-2.54726E-1	5.75274E-7	1.00003E+0	4.32456E-9
5.53124E-1	-2.56074E-1	5.03143E-6	1.00001E+0	5.62294E-9
5.53779E-1	-2.55535E-1	1.65650E-5	9.99990E-1	5.82072E-9
5.54435E-1	-2.56074E-1	8.70121E-6	9.99952E-1	6.17586E-9
5.55090E-1	-2.56074E-1	6.99739E-6	1.00002E+0	5.57302E-9
5.55745E-1	-2.54996E-1	1.01429E-5	1.00003E+0	4.21474E-9
5.56401E-1	-2.55535E-1	6.99739E-6	1.00006E+0	5.19411E-9
5.57056E-1	-2.55805E-1	1.01429E-5	9.99887E-1	6.47490E-9
5.57711E-1	-2.53647E-1	2.07591E-5	1.00006E+0	5.32913E-9
5.58367E-1	-2.54187E-1	4.63824E-6	9.99997E-1	5.47461E-9
5.59022E-1	-2.55535E-1	-1.52174E-6	1.00000E+0	4.52424E-9
5.59677E-1	-2.55265E-1	8.57015E-6	9.99927E-1	5.35623E-9
5.60333E-1	-2.56074E-1	1.28952E-5	1.00006E+0	5.92056E-9
5.60988E-1	-2.54726E-1	9.74972E-6	1.00001E+0	3.75786E-9
5.61644E-1	-2.56884E-1	1.07982E-5	9.99944E-1	6.27570E-9
5.62299E-1	-2.54726E-1	1.63029E-5	1.00003E+0	4.86132E-9
5.62954E-1	-2.56884E-1	1.13225E-5	9.99906E-1	5.36621E-9
5.63610E-1	-2.55535E-1	1.14535E-5	1.00012E+0	6.32324E-9
5.64265E-1	-2.54996E-1	1.13225E-5	9.99967E-1	5.11852E-9
5.64920E-1	-2.54996E-1	2.01697E-6	1.00001E+0	4.40681E-9
5.65576E-1	-2.55535E-1	1.02740E-5	9.99990E-1	4.67305E-9
5.66231E-1	-2.56344E-1	9.61866E-6	9.99965E-1	6.46824E-9
5.66886E-1	-2.54996E-1	7.91483E-6	9.99931E-1	4.33170E-9
5.67542E-1	-2.54996E-1	8.70121E-6	1.00015E+0	5.66383E-9
5.68197E-1	-2.56344E-1	9.09440E-6	9.99995E-1	5.45369E-9
5.68852E-1	-2.56884E-1	8.17696E-6	9.99980E-1	5.41185E-9
5.69508E-1	-2.56074E-1	1.36816E-5	1.00002E+0	5.16226E-9
5.70163E-1	-2.55535E-1	-4.40514E-6	9.99982E-1	4.58510E-9
5.70819E-1	-2.56074E-1	9.88078E-6	9.99961E-1	5.28920E-9
5.71474E-1	-2.55535E-1	-9.97488E-7	1.00001E+0	5.43658E-9
5.72129E-1	-2.55265E-1	1.53855E-5	9.99984E-1	5.13468E-9
5.72785E-1	-2.55265E-1	1.95795E-5	1.00003E+0	4.39635E-9
5.73440E-1	-2.56614E-1	6.60420E-6	1.00000E+0	4.86607E-9
5.74095E-1	-2.55265E-1	9.88078E-6	1.00001E+0	5.85162E-9
5.74751E-1	-2.54456E-1	2.36425E-5	9.99997E-1	6.32371E-9
5.75406E-1	-2.54996E-1	6.99739E-6	9.99988E-1	4.59983E-9
5.76061E-1	-2.55535E-1	1.06672E-5	1.00005E+0	4.34976E-9
5.76717E-1	-2.56074E-1	1.39438E-5	9.99872E-1	5.27541E-9
5.77372E-1	-2.54996E-1	1.02740E-5	1.00012E+0	4.49572E-9
5.78028E-1	-2.54996E-1	6.21101E-6	9.99906E-1	6.08743E-9
5.78683E-1	-2.56074E-1	9.48759E-6	1.00005E+0	4.22187E-9
5.79338E-1	-2.55535E-1	1.13225E-5	9.99997E-1	6.66697E-9
5.79994E-1	-2.54996E-1	1.06672E-5	1.00001E+0	4.66829E-9
5.80649E-1	-2.56074E-1	1.14535E-5	9.99946E-1	5.13231E-9
5.81304E-1	-2.52568E-1	2.32493E-5	1.00006E+0	4.27797E-9
5.81960E-1	-2.56074E-1	1.02740E-5	1.00003E+0	4.82661E-9
5.82615E-1	-2.57693E-1	9.74972E-6	9.99912E-1	6.31516E-9
5.83270E-1	-2.55535E-1	1.23710E-5	1.00010E+0	4.48811E-9
5.83926E-1	-2.54187E-1	1.09293E-5	9.99906E-1	5.84116E-9
5.84581E-1	-2.55805E-1	7.52164E-6	1.00004E+0	4.92883E-9
5.85236E-1	-2.54726E-1	1.05361E-5	1.00001E+0	5.25116E-9
5.85892E-1	-2.57423E-1	7.12845E-6	1.00004E+0	4.46006E-9
5.86547E-1	-2.54996E-1	8.70121E-6	9.99961E-1	4.60221E-9
5.87203E-1	-2.54996E-1	8.04589E-6	9.99973E-1	5.06622E-9
5.87858E-1	-2.56614E-1	6.21101E-6	1.00004E+0	4.77194E-9
5.88513E-1	-2.56614E-1	1.25021E-5	1.00006E+0	5.73990E-9
5.89169E-1	-2.55265E-1	1.11914E-5	9.99923E-1	4.47908E-9
5.89824E-1	-2.56344E-1	1.77446E-5	9.99959E-1	6.05938E-9
5.90479E-1	-2.56074E-1	1.85310E-5	1.00010E+0	4.41917E-9
5.91135E-1	-2.55265E-1	1.15846E-5	9.99876E-1	5.27065E-9
5.91790E-1	-2.54726E-1	9.88078E-6	1.00007E+0	4.02600E-9
5.92445E-1	-2.56614E-1	1.93174E-5	9.99971E-1	5.73514E-9
5.93101E-1	-2.56614E-1	7.65270E-6	1.00007E+0	4.73628E-9
5.93756E-1	-2.55805E-1	6.07994E-6	1.00003E+0	5.57112E-9
5.94412E-1	-2.56884E-1	1.30263E-5	1.00002E+0	4.35927E-9
5.95067E-1	-2.54187E-1	8.57015E-6	9.99925E-1	4.77146E-9
5.95722E-1	-2.55805E-1	1.21089E-5	9.99912E-1	5.17604E-9
5.96378E-1	-2.54996E-1	7.78377E-6	1.00012E+0	5.18603E-9
5.97033E-1	-2.56344E-1	8.43908E-6	9.99889E-1	4.79761E-9
5.97688E-1	-2.55805E-1	2.41016E-6	1.00011E+0	5.06622E-9
5.98344E-1	-2.54726E-1	1.09293E-5	9.99921E-1	5.64671E-9
5.98999E-1	-2.55535E-1	1.04050E-5	1.00002E+0	4.01697E-9
5.99654E-1	-2.55805E-1	9.61866E-6	1.09642E+0	-4.02170E-7
