## Header ##
[General info]
User	Giorgos_Psaltakis
Device	Sample
Cell area (cm2)	1
Test	Pulsed
Date	2024-03-03
Time	04:05:35
Temperature	21.35
Note	

[Acquisition Settings]
Amplitude (V)	2.000
Frequency (Hz)	5.0
DC Offset (V)	1.000
Duty Cycle (%)	50
Phase (°)	0
Cycles	3

## Data ##
Time (s)	DC Channel Voltage (V)	DC Channel Current (A)	Pulse Channel Voltage (V)	Pulse Channel Current (A)
0.00000E+0	1.99211E+0	9.48759E-6	1.00434E+0	-1.66842E-7
6.55360E-4	1.99238E+0	1.15846E-5	9.99925E-1	-1.48739E-8
1.31072E-3	1.99238E+0	1.43369E-5	1.00001E+0	-8.04496E-9
1.96608E-3	1.99238E+0	7.65270E-6	9.99893E-1	-7.29427E-9
2.62144E-3	1.99481E+0	9.48759E-6	1.00007E+0	-5.29560E-9
3.27680E-3	1.99211E+0	9.09440E-6	9.99988E-1	-4.43841E-9
3.93216E-3	1.99157E+0	6.34207E-6	1.00003E+0	-3.59169E-9
4.58752E-3	1.99292E+0	1.13225E-5	9.99910E-1	-4.44459E-9
5.24288E-3	1.99373E+0	1.15846E-5	1.00004E+0	-2.93370E-9
5.89824E-3	1.99130E+0	6.86632E-6	9.99954E-1	-2.90660E-9
6.55360E-3	1.99346E+0	5.81781E-6	1.00005E+0	-1.10095E-9
7.20896E-3	1.99211E+0	1.18467E-5	9.99986E-1	-2.25290E-9
7.86432E-3	1.98969E+0	6.86632E-6	1.00010E+0	-1.41996E-9
8.51968E-3	1.99184E+0	1.17157E-5	9.99950E-1	-1.78413E-9
9.17504E-3	1.99373E+0	8.04589E-6	9.99978E-1	-1.16038E-9
9.83040E-3	1.99104E+0	7.65270E-6	1.00004E+0	-2.78947E-10
1.04858E-2	1.99238E+0	1.13225E-5	9.99950E-1	-1.84261E-9
1.11411E-2	1.99184E+0	9.35653E-6	9.99927E-1	-1.64370E-10
1.17965E-2	1.99562E+0	9.48759E-6	1.00005E+0	-7.05400E-10
1.24518E-2	1.99130E+0	1.10604E-5	9.99992E-1	-1.82436E-10
1.31072E-2	1.99157E+0	1.00118E-5	1.00004E+0	-3.82589E-10
1.37626E-2	1.99157E+0	1.62378E-6	9.99952E-1	-3.54539E-10
1.44179E-2	1.99184E+0	1.05361E-5	1.00006E+0	-1.51267E-9
1.50733E-2	1.99292E+0	9.09440E-6	1.00001E+0	-5.05723E-10
1.57286E-2	1.99319E+0	8.83228E-6	9.99967E-1	2.76822E-10
1.63840E-2	1.99265E+0	9.22547E-6	1.00002E+0	-2.74483E-11
1.70394E-2	1.99346E+0	6.86632E-6	9.99992E-1	4.19448E-10
1.76947E-2	1.99265E+0	9.35653E-6	1.00004E+0	-7.75287E-10
1.83501E-2	1.99427E+0	1.01429E-5	9.99973E-1	6.00109E-10
1.90054E-2	1.99292E+0	9.09440E-6	9.99908E-1	-8.09993E-10
1.96608E-2	1.99265E+0	1.07982E-5	1.00008E+0	-4.50389E-11
2.03162E-2	1.99184E+0	8.17696E-6	1.00003E+0	-2.85602E-10
2.09715E-2	1.99157E+0	9.09440E-6	1.00003E+0	9.64282E-10
2.16269E-2	1.99211E+0	9.35653E-6	9.99900E-1	-1.22057E-10
2.22822E-2	1.99265E+0	9.22547E-6	1.00002E+0	1.72704E-10
2.29376E-2	1.99319E+0	8.57015E-6	9.99976E-1	4.74122E-10
2.35930E-2	1.99184E+0	5.16250E-6	1.00005E+0	-2.86078E-10
2.42483E-2	1.98996E+0	2.46910E-5	9.99984E-1	1.10215E-9
2.49037E-2	1.99292E+0	1.00118E-5	9.99988E-1	-3.81162E-10
2.55590E-2	1.99319E+0	8.04589E-6	1.00003E+0	-6.63563E-10
2.62144E-2	1.99346E+0	7.91483E-6	9.99957E-1	6.50979E-10
2.68698E-2	1.99211E+0	1.35506E-5	9.99984E-1	8.64443E-10
2.75251E-2	1.99292E+0	1.05361E-5	9.99990E-1	7.15161E-10
2.81805E-2	1.99373E+0	1.44680E-5	1.00007E+0	-5.59736E-11
2.88358E-2	1.99292E+0	1.27642E-5	1.00002E+0	7.79343E-10
2.94912E-2	1.99373E+0	8.30802E-6	9.99910E-1	4.42744E-10
3.01466E-2	1.99427E+0	1.95795E-5	9.99965E-1	7.71445E-11
3.08019E-2	1.99319E+0	1.57786E-5	1.00009E+0	1.07791E-9
3.14573E-2	1.99346E+0	1.15846E-5	9.99965E-1	-5.63724E-10
3.21126E-2	1.99373E+0	1.05361E-5	1.00002E+0	3.08675E-10
3.27680E-2	1.99346E+0	6.86632E-6	1.00005E+0	2.80150E-10
3.34234E-2	1.99184E+0	9.09440E-6	9.99959E-1	1.46966E-9
3.40787E-2	1.99238E+0	1.18467E-5	9.99971E-1	-9.21057E-11
3.47341E-2	1.99454E+0	1.30263E-5	1.00005E+0	1.34842E-9
3.53894E-2	1.99346E+0	1.36816E-5	9.99990E-1	-4.94313E-10
3.60448E-2	1.99238E+0	9.09440E-6	9.99990E-1	1.34652E-9
3.67002E-2	1.99427E+0	-4.14301E-6	1.00002E+0	-5.51363E-10
3.73555E-2	1.99346E+0	5.42462E-6	9.99906E-1	6.40044E-10
3.80109E-2	1.99211E+0	9.48759E-6	1.00012E+0	1.54335E-9
3.86662E-2	1.99319E+0	8.30802E-6	9.99959E-1	-6.35988E-10
3.93216E-2	1.99319E+0	1.47301E-5	9.99992E-1	1.81148E-9
3.99770E-2	1.99238E+0	1.05361E-5	9.99967E-1	1.61294E-10
4.06323E-2	1.99292E+0	5.16250E-6	9.99944E-1	2.54477E-10
4.12877E-2	1.99238E+0	1.11914E-5	1.00006E+0	1.79360E-10
4.19430E-2	1.99130E+0	1.00118E-5	1.00006E+0	3.89497E-10
4.25984E-2	1.99319E+0	8.17696E-6	1.00001E+0	6.23880E-10
4.32538E-2	1.99104E+0	1.40748E-5	1.00002E+0	1.56474E-9
4.39091E-2	1.99238E+0	7.12845E-6	1.00000E+0	-4.54853E-10
4.45645E-2	1.99265E+0	9.88078E-6	9.99923E-1	8.48279E-10
4.52198E-2	1.99211E+0	1.05361E-5	9.99976E-1	1.37219E-9
4.58752E-2	1.99265E+0	2.01697E-6	1.00009E+0	4.18497E-10
4.65306E-2	1.99184E+0	2.96714E-5	9.99986E-1	8.34016E-10
4.71859E-2	1.99265E+0	7.39058E-6	9.99990E-1	1.12450E-9
4.78413E-2	1.99184E+0	1.01429E-5	9.99973E-1	3.24839E-10
4.84966E-2	1.99292E+0	1.07982E-5	9.99982E-1	1.13211E-9
4.91520E-2	1.99104E+0	1.11914E-5	9.99961E-1	1.38170E-9
4.98074E-2	1.99427E+0	1.00118E-5	1.00002E+0	4.28006E-10
5.04627E-2	1.99346E+0	-1.12855E-6	1.00002E+0	9.21018E-10
5.11181E-2	1.99319E+0	6.34207E-6	1.00012E+0	4.87909E-10
5.17734E-2	1.99184E+0	8.04589E-6	9.99781E-1	5.39046E-9
5.24288E-2	1.99157E+0	9.74972E-6	9.98846E-1	7.27040E-8
5.30842E-2	1.99238E+0	1.14535E-5	1.00016E+0	2.24014E-7
5.37395E-2	1.99427E+0	8.37401E-7	1.00060E+0	1.40547E-7
5.43949E-2	1.99319E+0	9.22547E-6	1.00022E+0	7.51158E-8
5.50502E-2	1.99292E+0	1.15846E-5	1.00011E+0	4.45529E-8
5.57056E-2	1.99077E+0	1.22399E-5	1.00007E+0	2.87213E-8
5.63610E-2	1.99238E+0	1.43369E-5	1.00007E+0	1.53477E-8
5.70163E-2	1.99157E+0	9.22547E-6	1.00005E+0	8.19450E-9
5.76717E-2	1.99265E+0	8.70121E-6	9.99969E-1	7.61068E-9
5.83270E-2	1.99211E+0	1.15846E-5	1.00001E+0	6.57616E-9
5.89824E-2	1.99211E+0	9.22547E-6	1.00003E+0	5.53404E-9
5.96378E-2	1.99211E+0	1.13225E-5	9.99990E-1	4.73248E-9
6.02931E-2	1.99211E+0	1.13225E-5	9.99990E-1	5.01963E-9
6.09485E-2	1.99292E+0	9.22547E-6	9.99952E-1	5.25639E-9
6.16038E-2	1.99050E+0	9.61866E-6	1.00007E+0	4.90315E-9
6.22592E-2	1.99238E+0	6.34207E-6	1.00001E+0	3.86150E-9
6.29146E-2	1.99238E+0	1.23710E-5	9.99938E-1	4.33835E-9
6.35699E-2	1.99184E+0	1.21089E-5	1.00005E+0	3.59859E-9
6.42253E-2	1.99184E+0	-5.06046E-6	1.00003E+0	2.66962E-9
6.48806E-2	1.99319E+0	1.97105E-5	9.99986E-1	4.73866E-9
6.55360E-2	1.99050E+0	8.30802E-6	9.99963E-1	3.46072E-9
6.61914E-2	1.99184E+0	1.72203E-5	9.99973E-1	3.24868E-9
6.68467E-2	1.99373E+0	1.44680E-5	9.99999E-1	3.70556E-9
6.75021E-2	1.99292E+0	1.39438E-5	1.00004E+0	3.19163E-9
6.81574E-2	1.99211E+0	9.74972E-6	9.99988E-1	1.93272E-9
6.88128E-2	1.99077E+0	9.35653E-6	9.99967E-1	3.95659E-9
6.94682E-2	1.99157E+0	6.47313E-6	9.99986E-1	2.74093E-9
7.01235E-2	1.99346E+0	1.05361E-5	1.00008E+0	2.79180E-9
7.07789E-2	1.99292E+0	5.94888E-6	1.00001E+0	3.90191E-9
7.14342E-2	1.99130E+0	-1.91493E-6	1.00002E+0	2.10957E-9
7.20896E-2	1.99319E+0	1.06672E-5	9.99940E-1	3.01525E-9
7.27450E-2	1.99292E+0	1.36166E-6	1.00001E+0	3.36469E-9
7.34003E-2	1.99211E+0	2.27910E-6	1.00001E+0	2.70005E-9
7.40557E-2	1.99211E+0	7.65270E-6	9.99995E-1	2.43286E-9
7.47110E-2	1.99238E+0	3.98293E-6	9.99997E-1	2.54744E-9
7.53664E-2	1.99211E+0	8.17696E-6	9.99944E-1	2.68531E-9
7.60218E-2	1.99292E+0	1.06672E-5	1.00011E+0	1.89183E-9
7.66771E-2	1.99427E+0	1.44680E-5	9.99963E-1	2.53127E-9
7.73325E-2	1.99211E+0	-1.78387E-6	9.99984E-1	3.41603E-9
7.79878E-2	1.99238E+0	9.48759E-6	1.00006E+0	2.19135E-9
7.86432E-2	1.99238E+0	1.04050E-5	9.99957E-1	3.09417E-9
7.92986E-2	1.99238E+0	6.60420E-6	9.99986E-1	2.88261E-9
7.99539E-2	1.99157E+0	9.48759E-6	9.99933E-1	2.15616E-9
8.06093E-2	1.99346E+0	6.07994E-6	1.00013E+0	1.95886E-9
8.12646E-2	1.99265E+0	9.74972E-6	9.99933E-1	2.68246E-9
8.19200E-2	1.99211E+0	1.17157E-5	1.00006E+0	2.07487E-9
8.25754E-2	1.99130E+0	8.43908E-6	9.99942E-1	2.96723E-9
8.32307E-2	1.99130E+0	1.02740E-5	1.00007E+0	1.91180E-9
8.38861E-2	1.99104E+0	7.25951E-6	9.99902E-1	1.56997E-9
8.45414E-2	1.99130E+0	7.12845E-6	9.99967E-1	3.26580E-9
8.51968E-2	1.99265E+0	5.42462E-6	1.00016E+0	2.33683E-9
8.58522E-2	1.99157E+0	1.04050E-5	9.99984E-1	2.80131E-9
8.65075E-2	1.99184E+0	1.14535E-5	9.99940E-1	2.24697E-9
8.71629E-2	1.99238E+0	5.81781E-6	9.99935E-1	2.29879E-9
8.78182E-2	1.99184E+0	1.07982E-5	1.00001E+0	1.73779E-9
8.84736E-2	1.99265E+0	1.09293E-5	1.00006E+0	2.18897E-9
8.91290E-2	1.99292E+0	8.57015E-6	1.00001E+0	2.33255E-9
8.97843E-2	1.99157E+0	1.14535E-5	9.99997E-1	2.35584E-9
9.04397E-2	1.99292E+0	1.01429E-5	9.99992E-1	2.23889E-9
9.10950E-2	1.99373E+0	2.41016E-6	9.99906E-1	2.96248E-9
9.17504E-2	1.99373E+0	1.26331E-5	1.00009E+0	2.92445E-9
9.24058E-2	1.99373E+0	5.94888E-6	9.99954E-1	1.90562E-9
9.30611E-2	1.99238E+0	9.35653E-6	1.00007E+0	1.88708E-9
9.37165E-2	1.99346E+0	1.00118E-5	9.99984E-1	2.48944E-9
9.43718E-2	1.99238E+0	5.94888E-6	9.99959E-1	1.50341E-9
9.50272E-2	1.99184E+0	6.86632E-6	9.99992E-1	2.42193E-9
9.56826E-2	1.99373E+0	1.48612E-5	1.00002E+0	3.07040E-9
9.63379E-2	1.99292E+0	9.22547E-6	1.00002E+0	1.77725E-9
9.69933E-2	1.99346E+0	1.07982E-5	1.00002E+0	1.68930E-9
9.76486E-2	1.99373E+0	7.78377E-6	9.99954E-1	2.15426E-9
9.83040E-2	1.99319E+0	6.99739E-6	9.99952E-1	3.28054E-9
9.89594E-2	1.99238E+0	2.88850E-5	1.00006E+0	1.14732E-9
9.96147E-2	1.99346E+0	-8.00432E-8	9.76446E-1	2.40158E-7
1.00270E-1	-6.06598E-3	8.96334E-6	9.99969E-1	4.85459E-8
1.00925E-1	-5.25689E-3	6.60420E-6	1.00002E+0	2.95115E-8
1.01581E-1	-6.87507E-3	6.99739E-6	1.00002E+0	2.13542E-8
1.02236E-1	-5.79628E-3	8.17696E-6	1.00005E+0	1.96103E-8
1.02892E-1	-6.87507E-3	5.94888E-6	9.99973E-1	1.60623E-8
1.03547E-1	-6.06598E-3	9.48759E-6	9.99931E-1	1.53277E-8
1.04202E-1	-7.14476E-3	5.68675E-6	1.00009E+0	1.47577E-8
1.04858E-1	-7.41446E-3	8.04589E-6	9.99931E-1	1.27709E-8
1.05513E-1	-7.68415E-3	1.47301E-5	1.00008E+0	1.10679E-8
1.06168E-1	-6.87507E-3	3.45867E-6	9.99988E-1	1.27576E-8
1.06824E-1	-6.06598E-3	1.44680E-5	1.00001E+0	1.01385E-8
1.07479E-1	-6.60537E-3	6.86632E-6	9.99990E-1	1.20022E-8
1.08134E-1	-6.33567E-3	9.61866E-6	1.00005E+0	9.68637E-9
1.08790E-1	-6.06598E-3	7.65270E-6	9.99946E-1	1.02112E-8
1.09445E-1	-6.33567E-3	1.61718E-5	1.00001E+0	8.91952E-9
1.10100E-1	-6.06598E-3	1.27642E-5	1.00009E+0	9.31127E-9
1.10756E-1	-5.25689E-3	8.70121E-6	9.99959E-1	8.49782E-9
1.11411E-1	-6.60537E-3	9.61866E-6	9.99925E-1	9.82615E-9
1.12067E-1	-6.60537E-3	1.05361E-5	1.00001E+0	9.15533E-9
1.12722E-1	-6.60537E-3	-9.97488E-7	9.99976E-1	7.99244E-9
1.13377E-1	-5.52658E-3	1.09293E-5	1.00006E+0	8.80019E-9
1.14033E-1	-4.98719E-3	9.35653E-6	1.00001E+0	8.33760E-9
1.14688E-1	-6.33567E-3	2.54123E-6	9.99997E-1	6.28711E-9
1.15343E-1	-5.79628E-3	1.01429E-5	1.00001E+0	8.66231E-9
1.15999E-1	-7.95385E-3	-1.12855E-6	1.00001E+0	7.91875E-9
1.16654E-1	-6.87507E-3	-5.19152E-6	9.99980E-1	7.62066E-9
1.17309E-1	-7.41446E-3	8.04589E-6	9.99916E-1	8.93996E-9
1.17965E-1	-6.06598E-3	8.96334E-6	1.00014E+0	7.36251E-9
1.18620E-1	-6.06598E-3	9.74972E-6	9.99828E-1	7.09770E-9
1.19276E-1	-7.14476E-3	8.04589E-6	1.00012E+0	8.48070E-9
1.19931E-1	-7.68415E-3	1.02740E-5	9.99950E-1	7.04065E-9
1.20586E-1	-5.79628E-3	1.00118E-5	1.00002E+0	7.69768E-9
1.21242E-1	-5.52658E-3	1.97105E-5	9.99986E-1	5.84972E-9
1.21897E-1	-6.87507E-3	7.52164E-6	1.00009E+0	8.06994E-9
1.22552E-1	-4.71749E-3	1.06672E-5	9.99919E-1	7.38818E-9
1.23208E-1	-6.06598E-3	8.96334E-6	1.00001E+0	7.05777E-9
1.23863E-1	-4.71749E-3	8.17696E-6	9.99976E-1	5.85637E-9
1.24518E-1	-6.87507E-3	9.88078E-6	1.00012E+0	8.20353E-9
1.25174E-1	-7.41446E-3	1.06672E-5	9.99973E-1	6.89232E-9
1.25829E-1	-6.60537E-3	1.62378E-6	9.99973E-1	6.70595E-9
1.26484E-1	-6.33567E-3	1.27642E-5	9.99942E-1	7.15713E-9
1.27140E-1	-5.25689E-3	1.34195E-5	1.00001E+0	6.92797E-9
1.27795E-1	-5.52658E-3	1.00118E-5	1.00002E+0	6.65080E-9
1.28451E-1	-4.98719E-3	8.57015E-6	1.00004E+0	7.30023E-9
1.29106E-1	-6.60537E-3	1.11914E-5	9.99963E-1	6.97694E-9
1.29761E-1	-5.79628E-3	9.09440E-6	9.99961E-1	6.72972E-9
1.30417E-1	-4.71749E-3	1.00118E-5	9.99995E-1	6.85476E-9
1.31072E-1	-6.87507E-3	8.83228E-6	9.99997E-1	6.43449E-9
1.31727E-1	-6.60537E-3	8.83228E-6	9.99982E-1	6.71023E-9
1.32383E-1	-6.33567E-3	5.55569E-6	1.00012E+0	5.97000E-9
1.33038E-1	-6.06598E-3	1.17157E-5	9.99929E-1	8.03809E-9
1.33693E-1	-5.25689E-3	1.10604E-5	9.99971E-1	6.07935E-9
1.34349E-1	-5.79628E-3	1.10604E-5	9.99971E-1	6.68931E-9
1.35004E-1	-6.60537E-3	8.57015E-6	1.00015E+0	5.58824E-9
1.35660E-1	-6.60537E-3	1.36816E-5	9.99910E-1	6.07459E-9
1.36315E-1	-5.25689E-3	1.09953E-6	9.99969E-1	7.32923E-9
1.36970E-1	-6.33567E-3	1.10604E-5	1.00001E+0	5.60820E-9
1.37626E-1	-6.06598E-3	9.22547E-6	1.00003E+0	7.57978E-9
1.38281E-1	-5.52658E-3	7.65270E-6	9.99965E-1	5.45512E-9
1.38936E-1	-5.79628E-3	1.17157E-5	1.00002E+0	6.24099E-9
1.39592E-1	-6.60537E-3	1.30263E-5	9.99957E-1	6.76395E-9
1.40247E-1	-6.06598E-3	8.57015E-6	1.00005E+0	7.34587E-9
1.40902E-1	-4.44780E-3	5.68675E-6	1.00001E+0	5.31629E-9
1.41558E-1	-5.52658E-3	8.96334E-6	9.99986E-1	6.09171E-9
1.42213E-1	-5.79628E-3	1.44680E-5	1.00001E+0	7.80941E-9
1.42868E-1	-6.06598E-3	1.32884E-5	1.00002E+0	5.13326E-9
1.43524E-1	-6.87507E-3	6.86632E-6	9.99961E-1	6.81863E-9
1.44179E-1	-6.06598E-3	1.31574E-5	9.99988E-1	6.49059E-9
1.44835E-1	-5.25689E-3	1.00118E-5	1.00007E+0	5.33484E-9
1.45490E-1	-5.52658E-3	1.06672E-5	1.00001E+0	7.00880E-9
1.46145E-1	-5.52658E-3	8.57015E-6	9.99986E-1	5.77650E-9
1.46801E-1	-6.87507E-3	1.00118E-5	9.99919E-1	6.03513E-9
1.47456E-1	-4.98719E-3	7.39058E-6	1.00007E+0	5.94005E-9
1.48111E-1	-5.52658E-3	2.46910E-5	1.00001E+0	6.57283E-9
1.48767E-1	-6.06598E-3	8.04589E-6	1.00003E+0	5.12565E-9
1.49422E-1	-5.25689E-3	9.35653E-6	9.99952E-1	7.20847E-9
1.50077E-1	-6.87507E-3	3.45867E-6	9.99992E-1	6.31421E-9
1.50733E-1	-5.52658E-3	3.45867E-6	1.00003E+0	5.84401E-9
1.51388E-1	-4.71749E-3	1.05361E-5	9.99978E-1	6.26143E-9
1.52044E-1	-6.60537E-3	1.63029E-5	9.99935E-1	4.89697E-9
1.52699E-1	-5.25689E-3	1.60408E-5	1.00001E+0	6.67980E-9
1.53354E-1	-6.06598E-3	1.17157E-5	1.00008E+0	5.30013E-9
1.54010E-1	-5.25689E-3	8.83228E-6	9.99976E-1	5.10235E-9
1.54665E-1	-5.79628E-3	9.35653E-6	9.99963E-1	7.36441E-9
1.55320E-1	-5.25689E-3	1.15846E-5	1.00005E+0	4.95783E-9
1.55976E-1	-5.25689E-3	1.09293E-5	9.99984E-1	6.13830E-9
1.56631E-1	-5.25689E-3	1.13225E-5	9.99997E-1	5.95098E-9
1.57286E-1	-5.79628E-3	7.25951E-6	9.99933E-1	5.51597E-9
1.57942E-1	-5.79628E-3	1.88591E-6	1.00013E+0	5.96810E-9
1.58597E-1	-5.25689E-3	7.91483E-6	9.99965E-1	5.99567E-9
1.59252E-1	-5.79628E-3	7.39058E-6	9.99963E-1	4.69254E-9
1.59908E-1	-5.25689E-3	1.27642E-5	1.00003E+0	6.02087E-9
1.60563E-1	-5.25689E-3	8.57015E-6	9.99931E-1	5.45987E-9
1.61219E-1	-5.52658E-3	9.35653E-6	1.00003E+0	7.37202E-9
1.61874E-1	-6.33567E-3	7.78377E-6	9.99971E-1	4.42060E-9
1.62529E-1	-6.06598E-3	4.11399E-6	1.00005E+0	6.79438E-9
1.63185E-1	-5.79628E-3	1.00118E-5	9.99982E-1	5.25734E-9
1.63840E-1	-6.33567E-3	6.99739E-6	1.00002E+0	6.05035E-9
1.64495E-1	-5.79628E-3	1.99727E-5	9.99959E-1	4.16387E-9
1.65151E-1	-4.44780E-3	-7.35361E-7	1.00005E+0	5.74180E-9
1.65806E-1	-6.60537E-3	2.35114E-5	9.99963E-1	6.26524E-9
1.66461E-1	-4.98719E-3	1.02740E-5	1.00006E+0	4.91314E-9
1.67117E-1	-5.25689E-3	4.44211E-7	9.99980E-1	6.82433E-9
1.67772E-1	-6.87507E-3	9.22547E-6	1.00004E+0	4.26276E-9
1.68428E-1	-5.52658E-3	1.17157E-5	9.99931E-1	6.62323E-9
1.69083E-1	-6.60537E-3	1.32884E-5	1.00002E+0	4.49762E-9
1.69738E-1	-6.60537E-3	1.01429E-5	1.00001E+0	6.32942E-9
1.70394E-1	-7.41446E-3	7.12845E-6	1.00003E+0	6.74399E-9
1.71049E-1	-6.06598E-3	6.99739E-6	1.00003E+0	4.99634E-9
1.71704E-1	-6.60537E-3	9.88078E-6	9.99946E-1	5.95954E-9
1.72360E-1	-6.33567E-3	1.05361E-5	9.99944E-1	4.48716E-9
1.73015E-1	-4.98719E-3	9.88078E-6	1.00011E+0	5.45940E-9
1.73670E-1	-5.25689E-3	8.96334E-6	9.99900E-1	5.31297E-9
1.74326E-1	-7.68415E-3	1.22399E-5	1.00003E+0	6.66602E-9
1.74981E-1	-6.60537E-3	1.68271E-5	9.99971E-1	5.30631E-9
1.75636E-1	-5.25689E-3	1.05361E-5	1.00000E+0	5.13944E-9
1.76292E-1	-5.79628E-3	1.01429E-5	9.99986E-1	5.11709E-9
1.76947E-1	-5.79628E-3	9.35653E-6	1.00003E+0	5.95193E-9
1.77603E-1	-6.60537E-3	1.47301E-5	9.99997E-1	4.67638E-9
1.78258E-1	-5.25689E-3	8.96334E-6	9.99965E-1	6.13497E-9
1.78913E-1	-6.06598E-3	1.27642E-5	1.00004E+0	4.84800E-9
1.79569E-1	-4.44780E-3	9.61866E-6	1.00007E+0	5.40282E-9
1.80224E-1	-7.95385E-3	9.09440E-6	9.99973E-1	5.67096E-9
1.80879E-1	-5.52658E-3	8.83228E-6	9.99927E-1	6.13069E-9
1.81535E-1	-4.17810E-3	1.07982E-5	9.99978E-1	5.06194E-9
1.82190E-1	-5.52658E-3	1.00118E-5	1.00002E+0	5.04007E-9
1.82845E-1	-6.06598E-3	8.96334E-6	1.00003E+0	6.67457E-9
1.83501E-1	-6.60537E-3	8.57015E-6	9.99995E-1	4.64928E-9
1.84156E-1	-5.79628E-3	8.96334E-6	9.99990E-1	5.67476E-9
1.84812E-1	-4.71749E-3	1.04050E-5	1.00006E+0	4.53232E-9
1.85467E-1	-4.71749E-3	-1.06962E-5	9.99984E-1	5.28301E-9
1.86122E-1	-5.25689E-3	1.18467E-5	9.99931E-1	6.60184E-9
1.86778E-1	-6.33567E-3	1.18467E-5	1.00001E+0	4.76005E-9
1.87433E-1	-4.71749E-3	6.99739E-6	1.00006E+0	5.30584E-9
1.88088E-1	-5.79628E-3	3.58973E-6	9.99986E-1	5.05434E-9
1.88744E-1	-6.60537E-3	1.02740E-5	1.00002E+0	4.98493E-9
1.89399E-1	-6.33567E-3	1.05361E-5	9.99967E-1	7.00262E-9
1.90054E-1	-4.71749E-3	8.57015E-6	1.00002E+0	3.54725E-9
1.90710E-1	-7.14476E-3	7.78377E-6	9.99938E-1	6.12927E-9
1.91365E-1	-6.06598E-3	6.47313E-6	1.00009E+0	5.14134E-9
1.92020E-1	-6.60537E-3	1.07982E-5	9.99944E-1	5.61391E-9
1.92676E-1	-5.79628E-3	1.10604E-5	9.99992E-1	5.65765E-9
1.93331E-1	-5.25689E-3	1.18467E-5	9.99946E-1	5.79837E-9
1.93987E-1	-4.71749E-3	9.35653E-6	1.00013E+0	5.04673E-9
1.94642E-1	-5.25689E-3	7.52164E-6	9.99978E-1	5.27874E-9
1.95297E-1	-5.79628E-3	9.48759E-6	1.00003E+0	5.03675E-9
1.95953E-1	-5.52658E-3	1.06672E-5	9.99938E-1	4.84277E-9
1.96608E-1	-5.79628E-3	1.15846E-5	9.99988E-1	5.55448E-9
1.97263E-1	-5.79628E-3	8.83228E-6	9.99952E-1	5.31820E-9
1.97919E-1	-6.06598E-3	8.04589E-6	1.00005E+0	5.64291E-9
1.98574E-1	-5.52658E-3	1.42059E-5	1.00006E+0	5.33151E-9
1.99229E-1	-6.06598E-3	8.43908E-6	9.99948E-1	5.31962E-9
1.99885E-1	1.99454E+0	8.17696E-6	1.05253E+0	-3.29811E-7
2.00540E-1	1.99319E+0	1.53855E-5	9.99912E-1	-2.84163E-8
2.01196E-1	1.99373E+0	1.72203E-5	9.99957E-1	-1.84229E-8
2.01851E-1	1.99265E+0	1.68271E-5	9.99976E-1	-1.46828E-8
2.02506E-1	1.99292E+0	1.05361E-5	9.99999E-1	-1.14547E-8
2.03162E-1	1.99373E+0	9.22547E-6	9.99967E-1	-8.88979E-9
2.03817E-1	1.99238E+0	1.11914E-5	1.00003E+0	-6.37195E-9
2.04472E-1	1.99400E+0	1.47301E-5	1.00005E+0	-5.90176E-9
2.05128E-1	1.99373E+0	7.25951E-6	9.99908E-1	-5.42301E-9
2.05783E-1	1.99319E+0	1.43369E-5	9.99999E-1	-6.36672E-9
2.06438E-1	1.99292E+0	5.03143E-6	1.00003E+0	-3.54177E-9
2.07094E-1	1.99427E+0	9.61866E-6	1.00004E+0	-3.83130E-9
2.07749E-1	1.99427E+0	1.14535E-5	9.99893E-1	-2.35131E-9
2.08404E-1	1.99346E+0	5.81781E-6	1.00013E+0	-3.62116E-9
2.09060E-1	1.99400E+0	9.88078E-6	9.99849E-1	-1.44278E-9
2.09715E-1	1.99238E+0	9.88078E-6	1.00014E+0	-3.25176E-9
2.10371E-1	1.99373E+0	-4.73234E-7	9.99923E-1	-1.44183E-9
2.11026E-1	1.99292E+0	1.27642E-5	1.00000E+0	-2.08840E-9
2.11681E-1	1.99184E+0	1.11914E-5	9.99995E-1	-1.17749E-9
2.12337E-1	1.99319E+0	1.25021E-5	9.99995E-1	-3.47407E-10
2.12992E-1	1.99238E+0	1.34195E-5	1.00001E+0	-1.72708E-9
2.13647E-1	1.99346E+0	1.15846E-5	1.00004E+0	-1.01139E-10
2.14303E-1	1.99265E+0	9.35653E-6	1.00001E+0	-1.66242E-9
2.14958E-1	1.99373E+0	5.29356E-6	9.99978E-1	-3.26964E-10
2.15613E-1	1.99238E+0	-2.17706E-6	9.99965E-1	-7.44860E-10
2.16269E-1	1.99400E+0	1.02740E-5	1.00001E+0	-5.13330E-10
2.16924E-1	1.99238E+0	2.52152E-5	1.00002E+0	6.10093E-10
2.17580E-1	1.99319E+0	6.73526E-6	9.99982E-1	-6.70694E-10
2.18235E-1	1.99104E+0	1.57786E-5	1.00002E+0	-9.74964E-10
2.18890E-1	1.99211E+0	1.47301E-5	9.99963E-1	1.06840E-9
2.19546E-1	1.99481E+0	8.83228E-6	1.00000E+0	-8.44223E-10
2.20201E-1	1.99346E+0	1.07982E-5	1.00003E+0	3.46709E-10
2.20856E-1	1.99130E+0	7.91483E-6	1.00003E+0	1.68901E-10
2.21512E-1	1.99184E+0	1.10604E-5	9.99933E-1	-2.76094E-10
2.22167E-1	1.99211E+0	1.05361E-5	1.00001E+0	-2.49470E-10
2.22822E-1	1.99346E+0	1.11914E-5	1.00002E+0	4.86958E-10
2.23478E-1	1.99265E+0	5.68675E-6	9.99950E-1	1.18725E-9
2.24133E-1	1.99292E+0	1.26331E-5	1.00002E+0	-3.54539E-10
2.24788E-1	1.99427E+0	1.39438E-5	1.00008E+0	1.13258E-9
2.25444E-1	1.99292E+0	3.19654E-6	9.99900E-1	6.33388E-10
2.26099E-1	1.99346E+0	1.13225E-5	1.00002E+0	5.48763E-10
2.26755E-1	1.99238E+0	1.19778E-5	9.99982E-1	1.72704E-10
2.27410E-1	1.99292E+0	1.04050E-5	1.00010E+0	-8.49744E-11
2.28065E-1	1.99238E+0	7.91483E-6	9.99921E-1	4.02809E-10
2.28721E-1	1.99319E+0	1.49923E-5	1.00007E+0	8.39721E-10
2.29376E-1	1.99130E+0	1.21089E-5	9.99826E-1	4.18022E-10
2.30031E-1	1.99373E+0	9.74972E-6	1.00014E+0	1.87424E-9
2.30687E-1	1.99211E+0	1.06672E-5	9.99957E-1	-5.16948E-11
2.31342E-1	1.99265E+0	8.96334E-6	1.00007E+0	4.15170E-10
2.31997E-1	1.99184E+0	6.99739E-6	9.99916E-1	1.07553E-9
2.32653E-1	1.99238E+0	1.18467E-5	1.00000E+0	8.40197E-10
2.33308E-1	1.99157E+0	3.72080E-6	1.00009E+0	-2.47569E-10
2.33964E-1	1.99373E+0	7.52164E-6	9.99935E-1	1.15112E-9
2.34619E-1	1.99238E+0	1.90552E-5	9.99990E-1	1.42782E-9
2.35274E-1	1.99427E+0	9.61866E-6	1.00008E+0	-6.16787E-11
2.35930E-1	1.99265E+0	9.35653E-6	9.99902E-1	1.89373E-9
2.36585E-1	1.99211E+0	2.27910E-6	1.00010E+0	-2.18568E-10
2.37240E-1	1.99211E+0	4.90037E-6	9.99891E-1	8.12147E-10
2.37896E-1	1.99265E+0	1.07982E-5	1.00005E+0	1.65840E-9
2.38551E-1	1.99184E+0	5.94888E-6	9.99997E-1	1.33796E-9
2.39206E-1	1.99373E+0	1.36166E-6	1.00008E+0	-9.92370E-11
2.39862E-1	1.99211E+0	1.10604E-5	9.99872E-1	1.76061E-9
2.40517E-1	1.99319E+0	7.91483E-6	1.00002E+0	7.49391E-10
2.41172E-1	1.99238E+0	1.44680E-5	1.00007E+0	-3.25538E-10
2.41828E-1	1.99373E+0	7.39058E-6	9.99935E-1	2.37438E-9
2.42483E-1	1.99346E+0	7.39058E-6	1.00006E+0	2.44493E-10
2.43139E-1	1.99157E+0	9.74972E-6	9.99950E-1	1.06127E-9
2.43794E-1	1.99265E+0	2.50842E-5	1.00001E+0	6.00584E-10
2.44449E-1	1.99265E+0	8.30802E-6	9.99944E-1	8.14049E-10
2.45105E-1	1.99346E+0	1.49923E-5	1.00007E+0	9.98512E-10
2.45760E-1	1.99265E+0	5.16250E-6	1.00002E+0	1.07791E-9
2.46415E-1	1.99211E+0	9.35653E-6	1.00001E+0	1.32608E-9
2.47071E-1	1.99346E+0	6.07994E-6	9.99921E-1	2.66362E-10
2.47726E-1	1.99400E+0	1.75485E-6	1.00007E+0	1.93890E-9
2.48381E-1	1.99346E+0	6.99739E-6	1.00001E+0	1.31514E-9
2.49037E-1	1.99238E+0	9.61866E-6	9.99995E-1	1.15017E-9
2.49692E-1	1.99265E+0	1.26331E-5	9.99995E-1	1.22149E-9
2.50348E-1	1.99319E+0	1.28952E-5	9.99963E-1	7.52428E-11
2.51003E-1	1.99211E+0	8.30802E-6	9.99957E-1	1.75919E-9
2.51658E-1	1.99292E+0	8.57015E-6	1.00008E+0	5.70632E-10
2.52314E-1	1.99104E+0	1.01429E-5	9.99982E-1	1.62987E-9
2.52969E-1	1.99238E+0	1.05361E-5	9.99963E-1	1.32465E-9
2.53624E-1	1.99184E+0	6.21101E-6	1.00007E+0	-7.87939E-11
2.54280E-1	1.99373E+0	9.35653E-6	1.00001E+0	1.96505E-9
2.54935E-1	1.99319E+0	7.52164E-6	9.99914E-1	1.43162E-9
2.55590E-1	1.99427E+0	1.52544E-5	1.00011E+0	7.02800E-10
2.56246E-1	1.99265E+0	1.39438E-5	9.99942E-1	1.97646E-9
2.56901E-1	1.99157E+0	2.27910E-6	9.99940E-1	4.18022E-10
2.57556E-1	1.99292E+0	6.86632E-6	1.00005E+0	1.81291E-9
2.58212E-1	1.99319E+0	6.47313E-6	1.00006E+0	4.23727E-10
2.58867E-1	1.99292E+0	8.30802E-6	9.99885E-1	1.51054E-9
2.59523E-1	1.99238E+0	8.57015E-6	1.00002E+0	3.29118E-10
2.60178E-1	1.99427E+0	6.34207E-6	1.00001E+0	9.49544E-10
2.60833E-1	1.99238E+0	1.75485E-6	9.99984E-1	2.12241E-9
2.61489E-1	1.99508E+0	1.32884E-5	1.00006E+0	8.87739E-10
2.62144E-1	1.99238E+0	4.37612E-6	1.00006E+0	1.04891E-9
2.62799E-1	1.99238E+0	1.05361E-5	9.99954E-1	1.69596E-9
2.63455E-1	1.99319E+0	1.23710E-5	9.99919E-1	8.01212E-10
2.64110E-1	1.99292E+0	8.43908E-6	9.99948E-1	8.41148E-10
2.64765E-1	1.99427E+0	1.04050E-5	1.00007E+0	2.07629E-9
2.65421E-1	1.99157E+0	1.60408E-5	9.99984E-1	4.46547E-10
2.66076E-1	1.99319E+0	7.06338E-7	1.00008E+0	1.58376E-9
2.66732E-1	1.99238E+0	1.19778E-5	9.99944E-1	2.12716E-9
2.67387E-1	1.99130E+0	1.01429E-5	1.00006E+0	9.47351E-11
2.68042E-1	1.99319E+0	9.74972E-6	9.99984E-1	1.60230E-9
2.68698E-1	1.99077E+0	1.02740E-5	1.00002E+0	4.61761E-10
2.69353E-1	1.99319E+0	1.01429E-5	9.99916E-1	1.62464E-9
2.70008E-1	1.99319E+0	2.14144E-5	1.00005E+0	2.32399E-9
2.70664E-1	1.99238E+0	8.57015E-6	9.99921E-1	6.46700E-10
2.71319E-1	1.99238E+0	6.86632E-6	1.00005E+0	1.46443E-9
2.71974E-1	1.98969E+0	1.13225E-5	9.99935E-1	7.01849E-10
2.72630E-1	1.99238E+0	1.34195E-5	1.00007E+0	1.84381E-9
2.73285E-1	1.99130E+0	7.78377E-6	9.99963E-1	3.06773E-10
2.73940E-1	1.99184E+0	1.05361E-5	1.00005E+0	2.19658E-9
2.74596E-1	1.99130E+0	1.15846E-5	1.00003E+0	1.56141E-9
2.75251E-1	1.99238E+0	1.02740E-5	9.99944E-1	8.59214E-10
2.75907E-1	1.99077E+0	1.88591E-6	9.99950E-1	1.12450E-9
2.76562E-1	1.99400E+0	1.21089E-5	1.00012E+0	1.79152E-9
2.77217E-1	1.99211E+0	1.00118E-5	9.99933E-1	9.50970E-10
2.77873E-1	1.99292E+0	8.70121E-6	1.00006E+0	5.75387E-10
2.78528E-1	1.99373E+0	2.08901E-5	9.99986E-1	1.73684E-9
2.79183E-1	1.99292E+0	9.09440E-6	1.00001E+0	1.49295E-9
2.79839E-1	1.99508E+0	1.02740E-5	9.99929E-1	1.31182E-9
2.80494E-1	1.99319E+0	5.94888E-6	1.00010E+0	1.69928E-9
2.81149E-1	1.99211E+0	1.27642E-5	9.99957E-1	3.45410E-12
2.81805E-1	1.99238E+0	8.04589E-6	9.99976E-1	2.69244E-9
2.82460E-1	1.99157E+0	1.07982E-5	1.00002E+0	6.39093E-10
2.83116E-1	1.99157E+0	1.39438E-5	1.00000E+0	2.09864E-9
2.83771E-1	1.99319E+0	8.30802E-6	9.99980E-1	8.18327E-10
2.84426E-1	1.99319E+0	8.57015E-6	9.99992E-1	1.30373E-9
2.85082E-1	1.99265E+0	1.18467E-5	1.00002E+0	5.87272E-10
2.85737E-1	1.99265E+0	7.65270E-6	9.99976E-1	2.48991E-9
2.86392E-1	1.99319E+0	8.43908E-6	1.00001E+0	6.07240E-10
2.87048E-1	1.99346E+0	6.86632E-6	9.99992E-1	1.95126E-9
2.87703E-1	1.99319E+0	7.12845E-6	1.00003E+0	7.44637E-10
2.88358E-1	1.99184E+0	2.10212E-5	1.00004E+0	9.03428E-10
2.89014E-1	1.99211E+0	9.48759E-6	9.99940E-1	2.93015E-9
2.89669E-1	1.99211E+0	9.22547E-6	1.00012E+0	6.50979E-10
2.90324E-1	1.99184E+0	1.81378E-5	9.99887E-1	1.38075E-9
2.90980E-1	1.99292E+0	-7.94385E-6	1.00010E+0	1.06935E-9
2.91635E-1	1.99211E+0	1.78757E-5	9.99919E-1	1.59945E-9
2.92291E-1	1.99292E+0	1.27642E-5	9.99982E-1	1.54620E-9
2.92946E-1	1.99077E+0	3.58973E-6	1.00008E+0	1.39121E-9
2.93601E-1	1.99238E+0	1.26331E-5	1.00002E+0	1.49010E-9
2.94257E-1	1.99292E+0	1.02740E-5	9.99927E-1	1.12355E-9
2.94912E-1	1.99238E+0	1.05361E-5	1.00001E+0	1.76204E-9
2.95567E-1	1.99265E+0	1.25021E-5	1.00002E+0	1.02133E-9
2.96223E-1	1.99130E+0	1.26331E-5	1.00004E+0	9.78069E-10
2.96878E-1	1.99157E+0	1.10604E-5	9.99904E-1	1.28947E-9
2.97533E-1	1.99265E+0	5.16250E-6	1.00005E+0	8.91067E-10
2.98189E-1	1.99211E+0	7.91483E-6	9.99950E-1	2.70718E-9
2.98844E-1	1.98969E+0	1.56476E-5	1.00006E+0	6.32437E-10
2.99500E-1	1.99427E+0	8.30802E-6	9.45835E-1	3.13702E-7
3.00155E-1	-6.60537E-3	8.83228E-6	1.00113E+0	4.19528E-8
3.00810E-1	-6.87507E-3	1.82084E-7	1.00004E+0	3.03458E-8
3.01466E-1	-7.95385E-3	7.25951E-6	1.00007E+0	2.28042E-8
3.02121E-1	-5.79628E-3	1.04050E-5	9.99980E-1	1.97282E-8
3.02776E-1	-6.60537E-3	1.10604E-5	9.99980E-1	1.61245E-8
3.03432E-1	-9.03264E-3	5.94888E-6	1.00005E+0	1.42823E-8
3.04087E-1	-5.52658E-3	1.39438E-5	1.00008E+0	1.41958E-8
3.04742E-1	-6.33567E-3	2.07591E-5	9.99944E-1	1.25332E-8
3.05398E-1	-5.52658E-3	7.65270E-6	9.99988E-1	1.25085E-8
3.06053E-1	-5.25689E-3	1.31574E-5	9.99990E-1	1.01989E-8
3.06708E-1	-7.68415E-3	1.09293E-5	1.00006E+0	1.05806E-8
3.07364E-1	-6.87507E-3	9.22547E-6	1.00002E+0	9.79334E-9
3.08019E-1	-5.79628E-3	1.28952E-5	1.00001E+0	9.55516E-9
3.08675E-1	-6.06598E-3	1.87931E-5	9.99961E-1	9.20667E-9
3.09330E-1	-6.87507E-3	3.72080E-6	9.99973E-1	9.16769E-9
3.09985E-1	-4.71749E-3	1.17157E-5	9.99942E-1	7.40625E-9
3.10641E-1	-6.87507E-3	6.60420E-6	1.00007E+0	7.81226E-9
3.11296E-1	-6.87507E-3	5.68675E-6	9.99976E-1	8.82396E-9
3.11951E-1	-6.06598E-3	9.61866E-6	1.00003E+0	7.25031E-9
3.12607E-1	-7.95385E-3	6.47313E-6	9.99990E-1	8.79353E-9
3.13262E-1	-6.06598E-3	8.83228E-6	1.00008E+0	6.72259E-9
3.13917E-1	-5.52658E-3	6.47313E-6	9.99925E-1	8.02525E-9
3.14573E-1	-5.25689E-3	6.47313E-6	9.99990E-1	7.14857E-9
3.15228E-1	-5.52658E-3	1.07982E-5	1.00003E+0	5.70709E-9
3.15884E-1	-5.52658E-3	8.57015E-6	1.00007E+0	7.34825E-9
3.16539E-1	-6.60537E-3	8.70121E-6	9.99859E-1	6.80341E-9
3.17194E-1	-5.25689E-3	7.52164E-6	1.00009E+0	8.01954E-9
3.17850E-1	-4.98719E-3	2.67229E-6	9.99997E-1	5.99234E-9
3.18505E-1	-4.98719E-3	9.61866E-6	9.99906E-1	6.50770E-9
3.19160E-1	-6.60537E-3	9.22547E-6	1.00004E+0	5.92388E-9
3.19816E-1	-5.25689E-3	1.27642E-5	1.00008E+0	7.14905E-9
3.20471E-1	-5.25689E-3	6.07994E-6	9.99973E-1	6.02230E-9
3.21126E-1	-6.87507E-3	7.65270E-6	1.00001E+0	6.26619E-9
3.21782E-1	-5.25689E-3	6.99739E-6	9.99906E-1	5.98521E-9
3.22437E-1	-7.41446E-3	9.61866E-6	1.00009E+0	7.20610E-9
3.23092E-1	-6.06598E-3	7.65270E-6	9.99938E-1	5.86588E-9
3.23748E-1	-5.52658E-3	4.50718E-6	1.00002E+0	7.07916E-9
3.24403E-1	-6.33567E-3	4.11399E-6	1.00002E+0	4.65070E-9
3.25059E-1	-6.60537E-3	1.06672E-5	1.00002E+0	6.04226E-9
3.25714E-1	-5.79628E-3	5.55569E-6	1.00004E+0	6.40454E-9
3.26369E-1	-7.14476E-3	1.10604E-5	9.99868E-1	6.44114E-9
3.27025E-1	-6.06598E-3	8.30802E-6	1.00006E+0	4.80997E-9
3.27680E-1	-6.60537E-3	4.76931E-6	9.99969E-1	7.01260E-9
3.28335E-1	-7.14476E-3	-1.12855E-6	9.99973E-1	5.57635E-9
3.28991E-1	-5.79628E-3	8.96334E-6	1.00006E+0	6.14353E-9
3.29646E-1	-5.79628E-3	1.05361E-5	1.00002E+0	5.80313E-9
3.30301E-1	-5.52658E-3	1.15846E-5	1.00005E+0	5.59204E-9
3.30957E-1	-5.79628E-3	8.57015E-6	9.99931E-1	6.22102E-9
3.31612E-1	-6.06598E-3	1.68271E-5	1.00000E+0	5.72088E-9
3.32268E-1	-7.41446E-3	1.21089E-5	9.99971E-1	6.35985E-9
3.32923E-1	-6.33567E-3	1.01429E-5	1.00009E+0	5.33484E-9
3.33578E-1	-4.71749E-3	7.78377E-6	9.99921E-1	5.47461E-9
3.34234E-1	-6.87507E-3	4.50718E-6	1.00006E+0	6.13117E-9
3.34889E-1	-6.60537E-3	2.67229E-6	1.00003E+0	5.08476E-9
3.35544E-1	-7.14476E-3	1.07982E-5	9.99891E-1	6.43259E-9
3.36200E-1	-7.41446E-3	1.28952E-5	1.00010E+0	5.07478E-9
3.36855E-1	-5.25689E-3	1.07982E-5	9.99921E-1	5.25069E-9
3.37510E-1	-5.79628E-3	6.99739E-6	1.00012E+0	6.25715E-9
3.38166E-1	-6.60537E-3	8.43908E-6	9.99900E-1	4.83945E-9
3.38821E-1	-7.14476E-3	1.14535E-5	1.00002E+0	6.45398E-9
3.39476E-1	-6.06598E-3	1.04050E-5	9.99870E-1	4.81140E-9
3.40132E-1	-6.60537E-3	8.83228E-6	1.00013E+0	5.23167E-9
3.40787E-1	-6.06598E-3	1.49272E-6	9.99948E-1	6.13877E-9
3.41443E-1	-4.44780E-3	5.68675E-6	1.00006E+0	4.58367E-9
3.42098E-1	-7.41446E-3	8.57015E-6	9.99944E-1	6.98312E-9
3.42753E-1	-5.52658E-3	1.25021E-5	9.99973E-1	4.06166E-9
3.43409E-1	-6.06598E-3	1.02740E-5	1.00003E+0	6.90088E-9
3.44064E-1	-6.87507E-3	8.43908E-6	1.00001E+0	4.19810E-9
3.44719E-1	-6.06598E-3	1.34195E-5	1.00007E+0	6.11786E-9
3.45375E-1	-5.79628E-3	7.91483E-6	9.99927E-1	4.68351E-9
3.46030E-1	-6.87507E-3	1.01429E-5	9.99952E-1	6.47300E-9
3.46685E-1	-8.49324E-3	5.94888E-6	1.00007E+0	4.91219E-9
3.47341E-1	-6.06598E-3	1.36816E-5	1.00003E+0	5.72658E-9
3.47996E-1	-5.79628E-3	6.47313E-6	1.00005E+0	4.47480E-9
3.48652E-1	-5.79628E-3	8.57015E-6	9.99908E-1	6.16730E-9
3.49307E-1	-5.25689E-3	1.30263E-5	1.00010E+0	4.86227E-9
3.49962E-1	-5.25689E-3	2.80335E-6	9.99883E-1	5.85400E-9
3.50618E-1	-6.60537E-3	1.55165E-5	1.00007E+0	4.31648E-9
3.51273E-1	-6.33567E-3	1.18467E-5	9.99923E-1	5.65765E-9
3.51928E-1	-6.33567E-3	5.29356E-6	1.00005E+0	6.14210E-9
3.52584E-1	-6.06598E-3	1.10604E-5	9.99950E-1	5.12090E-9
3.53239E-1	-5.79628E-3	8.04589E-6	1.00006E+0	4.37401E-9
3.53894E-1	-5.79628E-3	9.61866E-6	9.99919E-1	5.55828E-9
3.54550E-1	-6.60537E-3	8.83228E-6	1.00014E+0	5.00965E-9
3.55205E-1	-6.87507E-3	8.30802E-6	9.99874E-1	4.83184E-9
3.55860E-1	-6.87507E-3	6.99739E-6	1.00008E+0	5.92721E-9
3.56516E-1	-6.60537E-3	1.18467E-5	9.99897E-1	4.58890E-9
3.57171E-1	-5.25689E-3	9.74972E-6	1.00007E+0	5.54164E-9
3.57827E-1	-6.33567E-3	2.01697E-6	9.99923E-1	5.60440E-9
3.58482E-1	-7.41446E-3	9.88078E-6	1.00009E+0	5.78554E-9
3.59137E-1	-6.33567E-3	6.07994E-6	9.99940E-1	4.21474E-9
3.59793E-1	-6.06598E-3	8.04589E-6	1.00002E+0	5.61581E-9
3.60448E-1	-6.06598E-3	9.48759E-6	1.00006E+0	5.16036E-9
3.61103E-1	-4.44780E-3	8.96334E-6	1.00004E+0	4.79808E-9
3.61759E-1	-5.79628E-3	9.74972E-6	9.99900E-1	5.78268E-9
3.62414E-1	-5.79628E-3	1.04050E-5	1.00001E+0	5.26780E-9
3.63069E-1	-6.87507E-3	-4.73234E-7	9.99961E-1	4.08067E-9
3.63725E-1	-6.33567E-3	1.35506E-5	1.00003E+0	6.21627E-9
3.64380E-1	-6.87507E-3	9.61866E-6	9.99984E-1	4.65784E-9
3.65036E-1	-5.79628E-3	9.74972E-6	1.00002E+0	4.15817E-9
3.65691E-1	-5.79628E-3	1.17157E-5	9.99954E-1	5.70471E-9
3.66346E-1	-6.06598E-3	-1.91493E-6	1.00003E+0	4.58605E-9
3.67002E-1	-6.33567E-3	8.83228E-6	9.99944E-1	5.36003E-9
3.67657E-1	-5.79628E-3	1.51233E-5	1.00005E+0	5.44181E-9
3.68312E-1	-6.06598E-3	1.07982E-5	9.99973E-1	5.51502E-9
3.68968E-1	-6.06598E-3	6.34207E-6	9.99995E-1	4.26419E-9
3.69623E-1	-5.79628E-3	1.43369E-5	1.00005E+0	5.26828E-9
3.70278E-1	-6.60537E-3	-1.78387E-6	1.00005E+0	4.79904E-9
3.70934E-1	-5.79628E-3	6.34207E-6	9.99944E-1	4.44437E-9
3.71589E-1	-6.87507E-3	1.01429E-5	1.00009E+0	5.54640E-9
3.72244E-1	-4.98719E-3	1.47301E-5	9.99938E-1	4.48573E-9
3.72900E-1	-6.33567E-3	9.74972E-6	1.00006E+0	5.47889E-9
3.73555E-1	-6.60537E-3	4.76931E-6	9.99938E-1	5.25592E-9
3.74211E-1	-6.60537E-3	8.57015E-6	1.00000E+0	5.21123E-9
3.74866E-1	-4.71749E-3	8.17696E-6	1.00002E+0	5.33103E-9
3.75521E-1	-6.06598E-3	1.75485E-6	9.99910E-1	4.27655E-9
3.76177E-1	-6.33567E-3	9.61866E-6	1.00001E+0	4.77384E-9
3.76832E-1	-6.60537E-3	8.30802E-6	1.00014E+0	5.07526E-9
3.77487E-1	-5.79628E-3	8.43908E-6	9.99878E-1	5.19696E-9
3.78143E-1	-6.06598E-3	7.78377E-6	1.00003E+0	5.29205E-9
3.78798E-1	-6.06598E-3	1.48612E-5	1.00002E+0	4.11918E-9
3.79453E-1	-6.33567E-3	1.31574E-5	9.99999E-1	4.71964E-9
3.80109E-1	-4.98719E-3	1.15846E-5	1.00007E+0	4.53565E-9
3.80764E-1	-4.71749E-3	-3.09450E-6	9.99935E-1	5.25829E-9
3.81420E-1	-5.52658E-3	1.43369E-5	9.99995E-1	6.00851E-9
3.82075E-1	-4.71749E-3	9.09440E-6	1.00006E+0	4.54468E-9
3.82730E-1	-5.79628E-3	9.48759E-6	1.00001E+0	3.95326E-9
3.83386E-1	-3.90841E-3	6.73526E-6	9.99885E-1	5.67952E-9
3.84041E-1	-4.44780E-3	6.21101E-6	1.00008E+0	4.80617E-9
3.84696E-1	-6.33567E-3	-7.41960E-6	9.99933E-1	4.65974E-9
3.85352E-1	-5.52658E-3	1.72203E-5	1.00002E+0	5.38903E-9
3.86007E-1	-7.41446E-3	7.91483E-6	9.99997E-1	5.58776E-9
3.86662E-1	-6.87507E-3	1.07982E-5	1.00001E+0	3.33188E-9
3.87318E-1	-5.52658E-3	8.43908E-6	9.99942E-1	6.10740E-9
3.87973E-1	-4.71749E-3	8.37401E-7	1.00005E+0	4.62360E-9
3.88628E-1	-5.25689E-3	9.35653E-6	9.99967E-1	4.02172E-9
3.89284E-1	-5.25689E-3	1.10604E-5	1.00005E+0	5.54402E-9
3.89939E-1	-6.33567E-3	5.68675E-6	1.00003E+0	5.16321E-9
3.90595E-1	-6.60537E-3	7.65270E-6	1.00002E+0	4.12394E-9
3.91250E-1	-6.87507E-3	2.37735E-5	9.99845E-1	5.17747E-9
3.91905E-1	-5.52658E-3	1.38127E-5	1.00012E+0	4.35689E-9
3.92561E-1	-6.60537E-3	-3.48769E-6	9.99990E-1	4.52044E-9
3.93216E-1	-6.33567E-3	5.29356E-6	1.00005E+0	4.75577E-9
3.93871E-1	-7.41446E-3	1.90552E-5	9.99967E-1	5.95479E-9
3.94527E-1	-5.52658E-3	-1.91493E-6	9.99988E-1	3.91142E-9
3.95182E-1	-5.52658E-3	1.30263E-5	1.00005E+0	5.41233E-9
3.95837E-1	-7.41446E-3	1.21089E-5	9.99908E-1	4.49381E-9
3.96493E-1	-6.06598E-3	-2.17706E-6	1.00003E+0	4.48954E-9
3.97148E-1	-6.87507E-3	9.22547E-6	9.99948E-1	5.56779E-9
3.97804E-1	-4.17810E-3	1.60408E-5	1.00003E+0	4.45483E-9
3.98459E-1	-6.06598E-3	9.35653E-6	1.00003E+0	5.38380E-9
3.99114E-1	-6.87507E-3	1.10604E-5	9.99946E-1	3.92569E-9
3.99770E-1	1.99319E+0	8.43908E-6	1.05372E+0	-3.24691E-7
4.00425E-1	1.99400E+0	1.28952E-5	9.99804E-1	-3.16825E-8
4.01080E-1	1.99211E+0	9.22547E-6	1.00011E+0	-1.96619E-8
4.01736E-1	1.99211E+0	1.42059E-5	9.99891E-1	-1.41541E-8
4.02391E-1	1.99346E+0	2.27910E-6	9.99961E-1	-1.09327E-8
4.03046E-1	1.99454E+0	1.27642E-5	1.00006E+0	-1.04349E-8
4.03702E-1	1.99346E+0	1.00118E-5	9.99940E-1	-6.83597E-9
4.04357E-1	1.99373E+0	9.74972E-6	1.00001E+0	-7.72691E-9
4.05012E-1	1.99238E+0	9.35653E-6	1.00005E+0	-5.33839E-9
4.05668E-1	1.99292E+0	1.05361E-5	9.99925E-1	-3.93779E-9
4.06323E-1	1.99454E+0	1.14535E-5	1.00002E+0	-5.78956E-9
4.06979E-1	1.99508E+0	1.42059E-5	1.00003E+0	-3.91688E-9
4.07634E-1	1.99427E+0	9.61866E-6	9.99980E-1	-3.56982E-9
4.08289E-1	1.99319E+0	6.21101E-6	9.99912E-1	-2.23198E-9
4.08945E-1	1.99454E+0	5.81781E-6	1.00009E+0	-3.70864E-9
4.09600E-1	1.99265E+0	1.00118E-5	1.00002E+0	-1.47796E-9
4.10255E-1	1.99508E+0	9.48759E-6	9.99986E-1	-2.94559E-9
4.10911E-1	1.99184E+0	6.47313E-6	9.99942E-1	-2.08365E-9
4.11566E-1	1.99346E+0	-8.00432E-8	1.00005E+0	-2.07604E-9
4.12221E-1	1.99050E+0	1.94484E-5	1.00000E+0	-4.64652E-11
4.12877E-1	1.99346E+0	6.47313E-6	1.00002E+0	-1.98143E-9
4.13532E-1	1.99562E+0	1.01429E-5	9.99933E-1	-1.41568E-9
4.14188E-1	1.99346E+0	9.74972E-6	1.00003E+0	-7.32975E-10
4.14843E-1	1.99427E+0	5.03143E-6	1.00001E+0	-5.74659E-10
4.15498E-1	1.99373E+0	1.25021E-5	9.99976E-1	-8.60863E-10
4.16154E-1	1.99265E+0	1.68271E-5	1.00004E+0	-8.47076E-10
4.16809E-1	1.99373E+0	3.06548E-6	9.99948E-1	-1.12567E-9
4.17464E-1	1.99346E+0	1.35506E-5	1.00003E+0	-5.51363E-10
4.18120E-1	1.99265E+0	9.48759E-6	9.99952E-1	-3.33620E-10
4.18775E-1	1.99265E+0	7.52164E-6	9.99988E-1	1.26145E-13
4.19430E-1	1.99319E+0	1.04050E-5	1.00003E+0	-2.35683E-10
4.20086E-1	1.99319E+0	9.35653E-6	1.00004E+0	-1.27543E-9
4.20741E-1	1.99184E+0	1.18467E-5	9.99957E-1	1.44113E-9
4.21396E-1	1.99023E+0	1.30263E-5	9.99990E-1	-1.41074E-10
4.22052E-1	1.99346E+0	9.74972E-6	1.00005E+0	-1.84153E-11
4.22707E-1	1.99184E+0	9.74972E-6	9.99982E-1	-1.46560E-9
4.23363E-1	1.99373E+0	1.53855E-5	1.00001E+0	1.56046E-9
4.24018E-1	1.99292E+0	1.28952E-5	9.99931E-1	-2.94160E-10
4.24673E-1	1.99265E+0	5.81781E-6	1.00006E+0	7.04701E-10
4.25329E-1	1.99319E+0	4.90037E-6	1.00000E+0	-2.72639E-12
4.25984E-1	1.99535E+0	1.85310E-5	9.99957E-1	-1.17778E-10
4.26639E-1	1.99130E+0	1.32884E-5	9.99997E-1	1.99328E-10
4.27295E-1	1.99265E+0	1.40748E-5	1.00003E+0	-3.57391E-10
4.27950E-1	1.99292E+0	9.48759E-6	9.99978E-1	-6.35804E-11
4.28605E-1	1.99238E+0	8.83228E-6	1.00004E+0	4.28481E-10
4.29261E-1	1.99238E+0	9.48759E-6	9.99980E-1	5.86321E-10
4.29916E-1	1.99373E+0	1.10604E-5	1.00004E+0	1.00041E-9
4.30572E-1	1.99346E+0	1.22399E-5	9.99933E-1	5.36402E-10
4.31227E-1	1.99373E+0	4.24505E-6	1.00010E+0	6.47835E-11
4.31882E-1	1.99157E+0	7.52164E-6	9.99925E-1	1.25001E-9
4.32538E-1	1.99346E+0	7.25951E-6	9.99973E-1	1.46556E-10
4.33193E-1	1.99481E+0	6.73526E-6	1.00001E+0	1.05984E-9
4.33848E-1	1.99319E+0	1.38127E-5	9.99982E-1	2.99167E-10
4.34504E-1	1.99319E+0	1.60408E-5	1.00009E+0	3.69529E-10
4.35159E-1	1.99292E+0	8.43908E-6	9.99938E-1	7.77916E-10
4.35814E-1	1.99211E+0	8.43908E-6	1.00002E+0	1.01896E-9
4.36470E-1	1.99211E+0	-2.30812E-6	9.99944E-1	3.03445E-10
4.37125E-1	1.99373E+0	1.28952E-5	9.99995E-1	8.42098E-10
4.37780E-1	1.99292E+0	1.19778E-5	1.00009E+0	-9.00323E-10
4.38436E-1	1.99373E+0	8.83228E-6	9.99912E-1	7.18489E-10
4.39091E-1	1.99319E+0	8.43908E-6	1.00007E+0	1.28567E-9
4.39747E-1	1.99157E+0	6.73526E-6	1.00000E+0	1.03987E-9
4.40402E-1	1.99319E+0	8.70121E-6	9.99967E-1	1.32769E-10
4.41057E-1	1.99265E+0	1.42059E-5	9.99938E-1	1.30896E-9
4.41713E-1	1.99346E+0	7.39058E-6	1.00011E+0	1.32037E-9
4.42368E-1	1.99346E+0	9.48759E-6	1.00001E+0	-3.28866E-10
4.43023E-1	1.99346E+0	8.96334E-6	9.99912E-1	1.31704E-9
4.43679E-1	1.99508E+0	6.60420E-6	9.99997E-1	1.06460E-9
4.44334E-1	1.99130E+0	1.11914E-5	1.00003E+0	4.66991E-10
4.44989E-1	1.99292E+0	9.88078E-6	1.00001E+0	5.57321E-10
4.45645E-1	1.99211E+0	1.28952E-5	1.00007E+0	1.25096E-9
4.46300E-1	1.99238E+0	8.57015E-6	9.99878E-1	6.26732E-10
4.46956E-1	1.99157E+0	1.31574E-5	1.00006E+0	1.01991E-9
4.47611E-1	1.99238E+0	1.34195E-5	9.99912E-1	9.99939E-10
4.48266E-1	1.99211E+0	1.21089E-5	1.00007E+0	4.48158E-11
4.48922E-1	1.99238E+0	8.17696E-6	9.99984E-1	1.31942E-9
4.49577E-1	1.99130E+0	8.96334E-6	1.00005E+0	2.68264E-10
4.50232E-1	1.99211E+0	8.17696E-6	9.99965E-1	9.58577E-10
4.50888E-1	1.99211E+0	1.11914E-5	1.00001E+0	3.00117E-10
4.51543E-1	1.99346E+0	1.32884E-5	9.99976E-1	1.88232E-9
4.52198E-1	1.99319E+0	4.76931E-6	1.00009E+0	8.27836E-10
4.52854E-1	1.99130E+0	1.42059E-5	9.99874E-1	1.41213E-9
4.53509E-1	1.99265E+0	6.21101E-6	1.00008E+0	1.23622E-9
4.54164E-1	1.99211E+0	2.49531E-5	9.99952E-1	-2.12387E-10
4.54820E-1	1.99265E+0	1.02740E-5	1.00004E+0	1.64936E-9
4.55475E-1	1.99157E+0	7.39058E-6	1.00005E+0	-9.30566E-11
4.56131E-1	1.99265E+0	8.04589E-6	9.99940E-1	6.79980E-10
4.56786E-1	1.99319E+0	1.06672E-5	9.99959E-1	2.45188E-9
4.57441E-1	1.99157E+0	1.04050E-5	1.00000E+0	9.68085E-10
4.58097E-1	1.99319E+0	1.27642E-5	9.99963E-1	-3.69568E-11
4.58752E-1	1.99373E+0	1.10604E-5	1.00014E+0	1.31277E-9
4.59407E-1	1.99373E+0	9.48759E-6	9.99889E-1	1.15873E-9
4.60063E-1	1.99184E+0	1.02740E-5	1.00007E+0	1.93890E-9
4.60718E-1	1.99211E+0	7.25951E-6	1.00000E+0	3.50037E-10
4.61373E-1	1.99319E+0	1.13225E-5	1.00000E+0	7.81720E-10
4.62029E-1	1.99373E+0	4.90037E-6	9.99914E-1	7.18964E-10
4.62684E-1	1.99265E+0	3.85186E-6	1.00006E+0	1.50626E-9
4.63340E-1	1.99292E+0	9.22547E-6	1.00005E+0	5.45435E-10
4.63995E-1	1.99292E+0	8.57015E-6	9.99900E-1	1.59327E-9
4.64650E-1	1.99292E+0	1.73514E-5	1.00005E+0	1.04891E-9
4.65306E-1	1.99238E+0	1.26331E-5	1.00006E+0	6.52590E-11
4.65961E-1	1.99238E+0	1.55165E-5	9.99980E-1	9.13412E-10
4.66616E-1	1.99346E+0	9.09440E-6	9.99971E-1	2.25790E-9
4.67272E-1	1.99319E+0	2.80335E-6	1.00001E+0	9.90139E-11
4.67927E-1	1.99346E+0	9.61866E-6	1.00002E+0	1.08504E-9
4.68582E-1	1.99265E+0	1.09293E-5	9.99980E-1	1.92131E-9
4.69238E-1	1.99050E+0	7.25951E-6	1.00004E+0	8.08819E-10
4.69893E-1	1.99346E+0	1.18467E-5	9.99973E-1	1.39739E-9
4.70548E-1	1.99265E+0	8.43908E-6	9.99976E-1	2.44968E-10
4.71204E-1	1.99319E+0	6.21101E-6	1.00003E+0	1.79247E-9
4.71859E-1	1.99346E+0	9.61866E-6	1.00002E+0	4.69368E-10
4.72515E-1	1.99157E+0	1.02740E-5	9.99887E-1	1.78438E-9
4.73170E-1	1.99238E+0	5.29356E-6	1.00006E+0	6.31486E-10
4.73825E-1	1.99238E+0	6.47313E-6	1.00003E+0	8.05966E-10
4.74481E-1	1.99346E+0	9.88078E-6	9.99944E-1	2.18469E-9
4.75136E-1	1.99346E+0	1.35506E-5	1.00004E+0	-2.17142E-10
4.75791E-1	1.99184E+0	1.63029E-5	9.99999E-1	1.07553E-9
4.76447E-1	1.99319E+0	8.96334E-6	9.99961E-1	2.59022E-9
4.77102E-1	1.99211E+0	1.06672E-5	9.99931E-1	-1.45828E-10
4.77757E-1	1.99238E+0	1.18467E-5	1.00001E+0	1.95934E-9
4.78413E-1	1.99292E+0	-4.27408E-6	1.00008E+0	1.33464E-9
4.79068E-1	1.99292E+0	1.17157E-5	1.00008E+0	7.12308E-10
4.79724E-1	1.99238E+0	1.34195E-5	9.99845E-1	1.19724E-9
4.80379E-1	1.99373E+0	1.05361E-5	1.00007E+0	1.37077E-9
4.81034E-1	1.99319E+0	1.87931E-5	9.99986E-1	4.18497E-10
4.81690E-1	1.99265E+0	9.48759E-6	1.00001E+0	1.40119E-9
4.82345E-1	1.99373E+0	-1.91493E-6	1.00004E+0	5.92977E-10
4.83000E-1	1.99157E+0	1.40748E-5	1.00003E+0	1.28186E-9
4.83656E-1	1.99211E+0	8.70121E-6	9.99870E-1	1.38741E-9
4.84311E-1	1.99346E+0	9.74972E-6	1.00010E+0	5.09303E-10
4.84966E-1	1.99238E+0	1.13225E-5	9.99959E-1	1.64081E-9
4.85622E-1	1.99373E+0	1.45991E-5	1.00004E+0	9.39085E-10
4.86277E-1	1.99211E+0	1.07982E-5	9.99876E-1	1.74730E-9
4.86932E-1	1.99265E+0	8.96334E-6	1.00018E+0	8.57787E-10
4.87588E-1	1.99346E+0	1.22399E-5	9.99889E-1	2.11385E-9
4.88243E-1	1.99319E+0	1.38127E-5	1.00006E+0	1.70803E-10
4.88899E-1	1.99211E+0	1.21089E-5	9.99914E-1	1.72401E-9
4.89554E-1	1.99238E+0	1.81378E-5	1.00006E+0	8.73476E-10
4.90209E-1	1.99265E+0	8.70121E-6	9.99980E-1	1.89706E-9
4.90865E-1	1.99319E+0	8.17696E-6	9.99961E-1	2.14066E-10
4.91520E-1	1.99292E+0	1.57786E-5	1.00001E+0	2.10197E-9
4.92175E-1	1.99211E+0	7.39058E-6	1.00003E+0	1.57015E-10
4.92831E-1	1.99292E+0	6.47313E-6	9.99982E-1	2.73998E-9
4.93486E-1	1.99184E+0	1.00118E-5	9.99990E-1	8.80132E-10
4.94141E-1	1.99157E+0	3.32761E-6	1.00001E+0	1.12593E-9
4.94797E-1	1.99050E+0	4.11399E-6	9.99973E-1	1.10406E-9
4.95452E-1	1.99265E+0	1.21089E-5	9.99984E-1	1.26095E-9
4.96108E-1	1.99265E+0	1.56476E-5	1.00009E+0	4.34662E-10
4.96763E-1	1.99265E+0	1.27642E-5	9.99933E-1	2.29404E-9
4.97418E-1	1.99265E+0	8.96334E-6	9.99997E-1	8.57312E-10
4.98074E-1	1.99373E+0	8.57015E-6	1.00006E+0	1.36364E-9
4.98729E-1	1.99077E+0	1.30263E-5	9.99995E-1	4.29908E-10
4.99384E-1	1.99130E+0	1.00118E-5	9.41409E-1	2.72746E-7
5.00040E-1	-7.68415E-3	1.09293E-5	1.00488E+0	7.99590E-8
5.00695E-1	-6.06598E-3	1.81378E-5	1.00007E+0	3.15624E-8
5.01350E-1	-6.06598E-3	8.17696E-6	9.99891E-1	2.19366E-8
5.02006E-1	-6.60537E-3	1.60408E-5	1.00015E+0	1.96474E-8
5.02661E-1	-6.33567E-3	7.52164E-6	9.99986E-1	1.60589E-8
5.03316E-1	-7.14476E-3	8.04589E-6	1.00006E+0	1.49655E-8
5.03972E-1	-6.33567E-3	1.19778E-5	9.99897E-1	1.33894E-8
5.04627E-1	-6.06598E-3	4.50718E-6	9.99954E-1	1.24738E-8
5.05283E-1	-5.52658E-3	9.88078E-6	1.00009E+0	1.09895E-8
5.05938E-1	-8.22355E-3	8.30802E-6	1.00001E+0	1.14906E-8
5.06593E-1	-3.90841E-3	4.11399E-6	9.99946E-1	9.21808E-9
5.07249E-1	-6.06598E-3	1.30263E-5	1.00010E+0	1.00377E-8
5.07904E-1	-6.06598E-3	7.91483E-6	9.99864E-1	9.49811E-9
5.08559E-1	-6.33567E-3	8.57015E-6	1.00013E+0	8.70748E-9
5.09215E-1	-4.98719E-3	6.07994E-6	9.99990E-1	7.81416E-9
5.09870E-1	-5.52658E-3	9.48759E-6	9.99933E-1	8.42888E-9
5.10525E-1	-6.87507E-3	1.85310E-5	9.99999E-1	7.76995E-9
5.11181E-1	-6.87507E-3	9.35653E-6	1.00005E+0	6.97314E-9
5.11836E-1	-6.06598E-3	7.91483E-6	1.00003E+0	8.56200E-9
5.12492E-1	-5.79628E-3	8.43908E-6	9.99942E-1	6.94842E-9
5.13147E-1	-5.25689E-3	2.44288E-5	1.00006E+0	7.14572E-9
5.13802E-1	-6.33567E-3	1.32884E-5	1.00007E+0	6.09504E-9
5.14458E-1	-6.87507E-3	1.00118E-5	9.99891E-1	6.69264E-9
5.15113E-1	-5.79628E-3	7.12845E-6	1.00003E+0	7.13906E-9
5.15768E-1	-6.87507E-3	1.65650E-5	1.00003E+0	6.23148E-9
5.16424E-1	-6.87507E-3	8.83228E-6	9.99923E-1	6.02325E-9
5.17079E-1	-8.49324E-3	1.30263E-5	1.00009E+0	7.40720E-9
5.17734E-1	-6.06598E-3	9.22547E-6	9.99893E-1	5.91580E-9
5.18390E-1	-5.79628E-3	7.25951E-6	1.00005E+0	6.75635E-9
5.19045E-1	-5.52658E-3	1.04050E-5	9.99952E-1	6.23101E-9
5.19700E-1	-6.06598E-3	6.99739E-6	1.00005E+0	6.41357E-9
5.20356E-1	-6.60537E-3	7.52164E-6	9.99921E-1	5.07430E-9
5.21011E-1	-5.79628E-3	1.32884E-5	1.00013E+0	6.09076E-9
5.21667E-1	-4.71749E-3	1.04050E-5	9.99895E-1	5.59251E-9
5.22322E-1	-7.41446E-3	7.25951E-6	1.00000E+0	6.60516E-9
5.22977E-1	-6.87507E-3	1.04050E-5	1.00004E+0	5.78411E-9
5.23633E-1	-5.52658E-3	2.24629E-5	1.00009E+0	5.15798E-9
5.24288E-1	-6.60537E-3	2.84918E-5	9.99876E-1	5.54117E-9
5.24943E-1	-5.79628E-3	5.81781E-6	1.00004E+0	5.30061E-9
5.25599E-1	-6.06598E-3	7.78377E-6	9.99965E-1	6.34083E-9
5.26254E-1	-5.79628E-3	5.55569E-6	1.00006E+0	6.44304E-9
5.26909E-1	-6.33567E-3	5.68675E-6	9.99952E-1	4.83279E-9
5.27565E-1	-6.33567E-3	1.11914E-5	9.99986E-1	5.78649E-9
5.28220E-1	-4.98719E-3	-3.22557E-6	1.00002E+0	5.91010E-9
5.28876E-1	-5.25689E-3	1.10604E-5	1.00003E+0	5.42612E-9
5.29531E-1	-6.06598E-3	7.52164E-6	9.99914E-1	4.45388E-9
5.30186E-1	-4.71749E-3	2.01697E-6	1.00015E+0	6.28425E-9
5.30842E-1	-6.33567E-3	9.22547E-6	9.99935E-1	4.99158E-9
5.31497E-1	-5.25689E-3	1.43369E-5	1.00001E+0	4.65688E-9
5.32152E-1	-6.60537E-3	2.31182E-5	9.99963E-1	5.98379E-9
5.32808E-1	-5.52658E-3	8.83228E-6	1.00003E+0	4.83041E-9
5.33463E-1	-6.60537E-3	1.09293E-5	9.99999E-1	4.99681E-9
5.34118E-1	-6.87507E-3	8.04589E-6	1.00007E+0	5.96525E-9
5.34774E-1	-4.71749E-3	7.91483E-6	9.99868E-1	5.90677E-9
5.35429E-1	-4.71749E-3	1.14535E-5	1.00006E+0	4.48098E-9
5.36084E-1	-4.98719E-3	1.36816E-5	1.00003E+0	4.89127E-9
5.36740E-1	-6.06598E-3	1.05361E-5	9.99957E-1	4.60078E-9
5.37395E-1	-6.06598E-3	1.23059E-6	9.99984E-1	5.73514E-9
5.38051E-1	-4.71749E-3	2.80335E-6	9.99997E-1	5.38095E-9
5.38706E-1	-6.87507E-3	1.02740E-5	9.99995E-1	5.23975E-9
5.39361E-1	-4.17810E-3	8.17696E-6	1.00004E+0	6.11263E-9
5.40017E-1	-4.71749E-3	8.70121E-6	9.99980E-1	4.08067E-9
5.40672E-1	-6.60537E-3	6.99739E-6	1.00003E+0	5.27065E-9
5.41327E-1	-6.87507E-3	9.88078E-6	9.99948E-1	5.62484E-9
5.41983E-1	-6.33567E-3	8.96334E-6	1.00011E+0	4.83802E-9
5.42638E-1	-6.06598E-3	8.70121E-6	9.99952E-1	4.80617E-9
5.43293E-1	-6.06598E-3	1.09953E-6	9.99954E-1	5.23928E-9
5.43949E-1	-6.06598E-3	8.70121E-6	9.99967E-1	5.60535E-9
5.44604E-1	-6.06598E-3	8.96334E-6	1.00006E+0	5.18888E-9
5.45260E-1	-5.79628E-3	1.01429E-5	9.99938E-1	4.80664E-9
5.45915E-1	-6.60537E-3	6.60420E-6	1.00005E+0	4.77194E-9
5.46570E-1	-6.06598E-3	3.72080E-6	9.99969E-1	5.82975E-9
5.47226E-1	-5.52658E-3	1.22399E-5	9.99973E-1	3.77878E-9
5.47881E-1	-5.52658E-3	1.15846E-5	1.00005E+0	6.23576E-9
5.48536E-1	-5.25689E-3	2.01697E-6	1.00001E+0	3.94613E-9
5.49192E-1	-5.79628E-3	1.05361E-5	9.99931E-1	5.72421E-9
5.49847E-1	-7.41446E-3	8.04589E-6	1.00005E+0	5.03627E-9
5.50502E-1	-6.60537E-3	1.00118E-5	9.99982E-1	4.51426E-9
5.51158E-1	-6.33567E-3	1.13225E-5	1.00003E+0	5.70281E-9
5.51813E-1	-3.63871E-3	-3.22557E-6	1.00002E+0	4.23661E-9
5.52468E-1	-5.25689E-3	1.13225E-5	9.99984E-1	6.02848E-9
5.53124E-1	-5.79628E-3	1.14535E-5	1.00000E+0	4.68969E-9
5.53779E-1	-5.52658E-3	7.25951E-6	9.99980E-1	5.09998E-9
5.54435E-1	-5.79628E-3	5.94888E-6	1.00007E+0	4.14866E-9
5.55090E-1	-5.52658E-3	7.12845E-6	9.99961E-1	5.66098E-9
5.55745E-1	-6.60537E-3	9.35653E-6	1.00004E+0	3.34805E-9
5.56401E-1	-5.52658E-3	7.78377E-6	9.99933E-1	6.16302E-9
5.57056E-1	-5.25689E-3	8.43908E-6	1.00002E+0	5.21408E-9
5.57711E-1	-5.79628E-3	1.02740E-5	1.00001E+0	3.72411E-9
5.58367E-1	-7.68415E-3	1.15846E-5	1.00002E+0	5.72611E-9
5.59022E-1	-4.44780E-3	1.15846E-5	9.99929E-1	4.79428E-9
5.59677E-1	-6.06598E-3	5.94888E-6	1.00007E+0	3.80303E-9
5.60333E-1	-6.33567E-3	9.09440E-6	9.99925E-1	5.77080E-9
5.60988E-1	-4.44780E-3	1.10604E-5	1.00005E+0	4.41062E-9
5.61644E-1	-6.87507E-3	9.61866E-6	9.99940E-1	4.88319E-9
5.62299E-1	-5.79628E-3	8.30802E-6	1.00011E+0	5.29110E-9
5.62954E-1	-6.87507E-3	1.02740E-5	9.99895E-1	4.51711E-9
5.63610E-1	-6.33567E-3	7.52164E-6	1.00005E+0	4.33074E-9
5.64265E-1	-6.06598E-3	9.61866E-6	9.99980E-1	5.93529E-9
5.64920E-1	-7.95385E-3	2.16765E-5	1.00006E+0	4.46101E-9
5.65576E-1	-5.79628E-3	9.61866E-6	9.99954E-1	4.66402E-9
5.66231E-1	-7.14476E-3	6.21101E-6	1.00003E+0	3.85199E-9
5.66886E-1	-4.98719E-3	7.52164E-6	9.99916E-1	5.11376E-9
5.67542E-1	-5.25689E-3	1.51233E-5	9.99995E-1	5.55353E-9
5.68197E-1	-5.25689E-3	7.78377E-6	1.00006E+0	3.98559E-9
5.68852E-1	-5.25689E-3	1.51233E-5	1.00006E+0	5.37239E-9
5.69508E-1	-5.79628E-3	4.63824E-6	9.99876E-1	4.54944E-9
5.70163E-1	-6.33567E-3	1.14535E-5	1.00005E+0	5.08857E-9
5.70819E-1	-4.98719E-3	6.07994E-6	9.99954E-1	4.58795E-9
5.71474E-1	-7.41446E-3	8.04589E-6	1.00005E+0	5.17795E-9
5.72129E-1	-7.68415E-3	6.99739E-6	1.00007E+0	3.32998E-9
5.72785E-1	-4.71749E-3	1.05361E-5	9.99876E-1	5.94623E-9
5.73440E-1	-6.06598E-3	1.05361E-5	1.00008E+0	4.60506E-9
5.74095E-1	-6.87507E-3	8.57015E-6	1.00002E+0	4.58842E-9
5.74751E-1	-7.41446E-3	7.78377E-6	9.99986E-1	5.09998E-9
5.75406E-1	-5.52658E-3	2.42978E-5	9.99995E-1	4.06213E-9
5.76061E-1	-5.52658E-3	1.30263E-5	1.00002E+0	4.32456E-9
5.76717E-1	-4.71749E-3	1.05361E-5	9.99938E-1	5.62579E-9
5.77372E-1	-6.06598E-3	1.07982E-5	9.99982E-1	4.66544E-9
5.78028E-1	-4.17810E-3	1.36166E-6	1.00005E+0	3.72601E-9
5.78683E-1	-6.06598E-3	5.81781E-6	9.99976E-1	5.63245E-9
5.79338E-1	-7.14476E-3	-6.04297E-7	1.00002E+0	4.64880E-9
5.79994E-1	-5.79628E-3	1.39438E-5	9.99935E-1	3.52253E-9
5.80649E-1	-5.79628E-3	1.36816E-5	1.00002E+0	5.20695E-9
5.81304E-1	-5.52658E-3	1.13225E-5	1.00010E+0	4.86179E-9
5.81960E-1	-6.60537E-3	7.65270E-6	9.99908E-1	4.60364E-9
5.82615E-1	-6.60537E-3	9.48759E-6	1.00000E+0	5.09950E-9
5.83270E-1	-6.06598E-3	1.09293E-5	1.00010E+0	4.63644E-9
5.83926E-1	-6.60537E-3	9.48759E-6	9.99853E-1	3.67894E-9
5.84581E-1	-6.06598E-3	1.00118E-5	1.00014E+0	5.32770E-9
5.85236E-1	-7.68415E-3	8.30802E-6	9.99868E-1	4.89887E-9
5.85892E-1	-4.44780E-3	1.15846E-5	1.00011E+0	3.87719E-9
5.86547E-1	-6.60537E-3	1.40748E-5	9.99895E-1	4.86940E-9
5.87203E-1	-6.06598E-3	8.96334E-6	1.00015E+0	4.88461E-9
5.87858E-1	-5.79628E-3	1.22399E-5	9.99904E-1	3.80540E-9
5.88513E-1	-6.60537E-3	1.30263E-5	1.00005E+0	4.31220E-9
5.89169E-1	-7.14476E-3	5.03143E-6	9.99988E-1	5.28682E-9
5.89824E-1	-5.52658E-3	7.78377E-6	1.00001E+0	5.08762E-9
5.90479E-1	-5.79628E-3	2.80335E-6	9.99954E-1	4.78667E-9
5.91135E-1	-4.98719E-3	7.65270E-6	1.00000E+0	4.64215E-9
5.91790E-1	-5.52658E-3	1.09293E-5	1.00001E+0	3.82727E-9
5.92445E-1	-5.25689E-3	6.07994E-6	9.99997E-1	5.66716E-9
5.93101E-1	-5.25689E-3	1.00118E-5	1.00003E+0	4.41157E-9
5.93756E-1	-5.52658E-3	7.91483E-6	9.99940E-1	4.23994E-9
5.94412E-1	-6.06598E-3	9.68465E-7	1.00005E+0	4.28938E-9
5.95067E-1	-6.06598E-3	1.09293E-5	1.00005E+0	4.60839E-9
5.95722E-1	-4.71749E-3	1.23710E-5	9.99967E-1	5.41661E-9
5.96378E-1	-5.25689E-3	1.09953E-6	1.00002E+0	3.60382E-9
5.97033E-1	-5.79628E-3	1.07982E-5	9.99950E-1	4.85989E-9
5.97688E-1	-6.33567E-3	1.00118E-5	1.00003E+0	3.82585E-9
5.98344E-1	-6.60537E-3	9.61866E-6	9.99927E-1	4.58510E-9
5.98999E-1	-5.25689E-3	5.75274E-7	1.00012E+0	5.14704E-9
5.99654E-1	1.99454E+0	1.04050E-5	1.05333E+0	-3.21620E-7
