## Header ##
[General info]
User	Giorgos_Psaltakis
Device	Sample
Cell area (cm2)	1
Test	Pulsed
Date	2024-03-03
Time	04:04:47
Temperature	21.35
Note	

[Acquisition Settings]
Amplitude (V)	2.000
Frequency (Hz)	5.0
DC Offset (V)	1.000
Duty Cycle (%)	50
Phase (°)	0
Cycles	3

## Data ##
Time (s)	DC Channel Voltage (V)	DC Channel Current (A)	Pulse Channel Voltage (V)	Pulse Channel Current (A)
0.00000E+0	1.99211E+0	-2.11107E-7	1.00424E+0	-1.65573E-7
6.55360E-4	1.99265E+0	1.73514E-5	9.99935E-1	-1.30740E-8
1.31072E-3	1.99373E+0	9.88078E-6	1.00002E+0	-8.95112E-9
1.96608E-3	1.99184E+0	7.25951E-6	1.00002E+0	-5.56421E-9
2.62144E-3	1.99292E+0	9.22547E-6	9.99931E-1	-6.05342E-9
3.27680E-3	1.99211E+0	9.22547E-6	9.99978E-1	-2.88283E-9
3.93216E-3	1.99319E+0	1.59097E-5	1.00007E+0	-2.99170E-9
4.58752E-3	1.99211E+0	1.09293E-5	9.99976E-1	-3.41055E-9
5.24288E-3	1.99157E+0	9.09440E-6	9.99948E-1	-1.45324E-9
5.89824E-3	1.99265E+0	6.34207E-6	1.00001E+0	-2.08317E-9
6.55360E-3	1.99373E+0	8.17696E-6	1.00000E+0	-1.20697E-9
7.20896E-3	1.99319E+0	1.11914E-5	1.00001E+0	-1.43850E-9
7.86432E-3	1.99292E+0	1.40748E-5	9.99986E-1	-2.42025E-9
8.51968E-3	1.99373E+0	1.10604E-5	1.00006E+0	3.39102E-10
9.17504E-3	1.99184E+0	4.11399E-6	9.99505E-1	2.72936E-8
9.83040E-3	1.99184E+0	1.07982E-5	9.99921E-1	9.06417E-8
1.04858E-2	1.99346E+0	2.46910E-5	9.99938E-1	1.07155E-7
1.11411E-2	1.99292E+0	1.00118E-5	1.00016E+0	9.16520E-8
1.17965E-2	1.99292E+0	1.13225E-5	1.00017E+0	7.17052E-8
1.24518E-2	1.99077E+0	7.25951E-6	9.99978E-1	5.74886E-8
1.31072E-2	1.99077E+0	1.14535E-5	1.00012E+0	4.55688E-8
1.37626E-2	1.99292E+0	8.70121E-6	9.99995E-1	3.78689E-8
1.44179E-2	1.99238E+0	1.06672E-5	1.00000E+0	2.92913E-8
1.50733E-2	1.99319E+0	1.26331E-5	1.00012E+0	2.42162E-8
1.57286E-2	1.99184E+0	9.74972E-6	9.99965E-1	2.15063E-8
1.63840E-2	1.99481E+0	3.38654E-5	1.00001E+0	1.52864E-8
1.70394E-2	1.99184E+0	8.96334E-6	1.00012E+0	1.36723E-8
1.76947E-2	1.99292E+0	9.88078E-6	9.99876E-1	1.03948E-8
1.83501E-2	1.99373E+0	1.35506E-5	1.00004E+0	1.00548E-8
1.90054E-2	1.99211E+0	9.22547E-6	9.99969E-1	1.05588E-8
1.96608E-2	1.99238E+0	1.34195E-5	1.00009E+0	7.48660E-9
2.03162E-2	1.99050E+0	1.19778E-5	9.99971E-1	7.50514E-9
2.09715E-2	1.99346E+0	7.25951E-6	1.00001E+0	5.63720E-9
2.16269E-2	1.99265E+0	8.83228E-6	9.99992E-1	8.35234E-9
2.22822E-2	1.99211E+0	7.39058E-6	9.99925E-1	5.57065E-9
2.29376E-2	1.99104E+0	4.63824E-6	1.00008E+0	5.49030E-9
2.35930E-2	1.99238E+0	1.00118E-5	9.99995E-1	5.14895E-9
2.42483E-2	1.99238E+0	1.05361E-5	1.00006E+0	4.44675E-9
2.49037E-2	1.99184E+0	6.07994E-6	9.99959E-1	4.90315E-9
2.55590E-2	1.99211E+0	9.35653E-6	1.00007E+0	4.30650E-9
2.62144E-2	1.99104E+0	9.35653E-6	9.99855E-1	3.97893E-9
2.68698E-2	1.99535E+0	4.24505E-6	1.00010E+0	3.61001E-9
2.75251E-2	1.99157E+0	1.15846E-5	9.99963E-1	3.81729E-9
2.81805E-2	1.99211E+0	9.48759E-6	9.99952E-1	4.44294E-9
2.88358E-2	1.99373E+0	1.74825E-5	1.00004E+0	2.90068E-9
2.94912E-2	1.99373E+0	1.95795E-5	9.99986E-1	4.08067E-9
3.01466E-2	1.99211E+0	1.26331E-5	1.00005E+0	3.38513E-9
3.08019E-2	1.99130E+0	6.21101E-6	9.99931E-1	3.11509E-9
3.14573E-2	1.99265E+0	1.17157E-5	1.00002E+0	3.04758E-9
3.21126E-2	1.99211E+0	7.78377E-6	1.00002E+0	2.62873E-9
3.27680E-2	1.98942E+0	1.22399E-5	1.00002E+0	3.86531E-9
3.34234E-2	1.99292E+0	1.55165E-5	9.99986E-1	3.70889E-9
3.40787E-2	1.99184E+0	1.97105E-5	1.00010E+0	1.31990E-9
3.47341E-2	1.99238E+0	9.09440E-6	9.99957E-1	3.28387E-9
3.53894E-2	1.99211E+0	6.47313E-6	9.99961E-1	2.38912E-9
3.60448E-2	1.99238E+0	1.15846E-5	1.00001E+0	2.95868E-9
3.67002E-2	1.99292E+0	1.14535E-5	1.00003E+0	3.28101E-9
3.73555E-2	1.99238E+0	1.31574E-5	9.99952E-1	2.47422E-9
3.80109E-2	1.99238E+0	1.01429E-5	9.99986E-1	3.11081E-9
3.86662E-2	1.99184E+0	7.39058E-6	1.00003E+0	3.13030E-9
3.93216E-2	1.99319E+0	1.91863E-5	1.00006E+0	2.03588E-9
3.99770E-2	1.99319E+0	-1.78387E-6	9.99931E-1	2.40671E-9
4.06323E-2	1.98996E+0	9.48759E-6	9.99992E-1	1.87471E-9
4.12877E-2	1.99238E+0	1.00118E-5	9.99921E-1	3.48307E-9
4.19430E-2	1.99265E+0	2.02348E-5	1.00005E+0	2.85931E-9
4.25984E-2	1.99130E+0	6.73526E-6	1.00003E+0	2.90163E-9
4.32538E-2	1.98996E+0	1.15846E-5	1.00004E+0	2.37438E-9
4.39091E-2	1.99319E+0	1.23710E-5	9.99904E-1	1.77820E-9
4.45645E-2	1.99319E+0	1.05361E-5	1.00009E+0	2.33873E-9
4.52198E-2	1.99130E+0	1.10604E-5	9.99940E-1	3.19877E-9
4.58752E-2	1.99104E+0	1.14535E-5	1.00005E+0	2.90258E-9
4.65306E-2	1.99238E+0	1.11914E-5	1.00003E+0	2.31923E-9
4.71859E-2	1.99077E+0	1.02740E-5	9.99971E-1	2.27407E-9
4.78413E-2	1.99050E+0	1.17157E-5	9.99944E-1	1.50246E-9
4.84966E-2	1.99211E+0	8.96334E-6	9.99992E-1	3.80112E-9
4.91520E-2	1.99265E+0	8.96334E-6	1.00009E+0	2.13667E-9
4.98074E-2	1.99319E+0	4.90037E-6	9.99897E-1	2.00118E-9
5.04627E-2	1.99238E+0	5.42462E-6	1.00002E+0	2.86692E-9
5.11181E-2	1.99211E+0	2.06280E-5	1.00001E+0	2.13952E-9
5.17734E-2	1.99238E+0	7.78377E-6	1.00003E+0	1.75586E-9
5.24288E-2	1.99130E+0	9.61866E-6	1.00003E+0	2.43952E-9
5.30842E-2	1.99346E+0	3.72080E-6	9.99938E-1	3.60097E-9
5.37395E-2	1.99454E+0	7.12845E-6	1.00000E+0	2.42525E-9
5.43949E-2	1.99211E+0	1.47301E-5	9.99971E-1	2.14998E-9
5.50502E-2	1.99238E+0	1.18467E-5	9.99999E-1	2.32827E-9
5.57056E-2	1.99292E+0	-8.66424E-7	1.00001E+0	2.49847E-9
5.63610E-2	1.99157E+0	1.05361E-5	1.00005E+0	1.52861E-9
5.70163E-2	1.99319E+0	1.15846E-5	9.99984E-1	2.34538E-9
5.76717E-2	1.99184E+0	1.47301E-5	1.00001E+0	3.17499E-9
5.83270E-2	1.99265E+0	1.00118E-5	1.00001E+0	2.13905E-9
5.89824E-2	1.99346E+0	6.07994E-6	9.99948E-1	2.84648E-9
5.96378E-2	1.99211E+0	1.10604E-5	1.00006E+0	2.04729E-9
6.02931E-2	1.99265E+0	6.21101E-6	1.00007E+0	2.22130E-9
6.09485E-2	1.99319E+0	1.00118E-5	9.99927E-1	1.84619E-9
6.16038E-2	1.99211E+0	4.37612E-6	9.99967E-1	2.50940E-9
6.22592E-2	1.98996E+0	9.74972E-6	1.00006E+0	1.73637E-9
6.29146E-2	1.99157E+0	8.04589E-6	9.99952E-1	3.20352E-9
6.35699E-2	1.99265E+0	1.23710E-5	1.00000E+0	2.72144E-9
6.42253E-2	1.99265E+0	1.34195E-5	1.00005E+0	1.16586E-9
6.48806E-2	1.99238E+0	1.42059E-5	9.99908E-1	2.14808E-9
6.55360E-2	1.99454E+0	1.15846E-5	1.00006E+0	2.26932E-9
6.61914E-2	1.99184E+0	2.14804E-6	1.00001E+0	3.39321E-9
6.68467E-2	1.99050E+0	9.61866E-6	9.99982E-1	2.14903E-9
6.75021E-2	1.99130E+0	6.99739E-6	1.00001E+0	2.53603E-9
6.81574E-2	1.99157E+0	2.54123E-6	9.99935E-1	1.25952E-9
6.88128E-2	1.99319E+0	8.30802E-6	1.00012E+0	3.10843E-9
6.94682E-2	1.99184E+0	6.34207E-6	9.99997E-1	1.36554E-9
7.01235E-2	1.99265E+0	1.56476E-5	9.99881E-1	2.99338E-9
7.07789E-2	1.99211E+0	-5.58471E-6	1.00014E+0	1.52813E-9
7.14342E-2	1.99184E+0	9.22547E-6	9.99954E-1	2.35679E-9
7.20896E-2	1.99211E+0	6.86632E-6	9.99929E-1	2.34348E-9
7.27450E-2	1.99346E+0	1.00118E-5	1.00011E+0	2.73856E-9
7.34003E-2	1.99211E+0	9.88078E-6	9.99904E-1	2.25077E-9
7.40557E-2	1.99184E+0	8.83228E-6	1.00008E+0	1.67837E-9
7.47110E-2	1.99292E+0	1.36816E-5	9.99984E-1	3.00432E-9
7.53664E-2	1.99077E+0	1.69582E-5	1.00003E+0	2.25505E-9
7.60218E-2	1.99346E+0	1.02740E-5	9.99881E-1	2.44760E-9
7.66771E-2	1.99319E+0	3.58973E-6	1.00012E+0	1.38075E-9
7.73325E-2	1.99130E+0	1.13225E-5	9.99952E-1	2.62208E-9
7.79878E-2	1.99104E+0	5.68675E-6	9.99992E-1	1.88470E-9
7.86432E-2	1.99238E+0	1.05361E-5	9.99925E-1	2.46614E-9
7.92986E-2	1.99238E+0	1.73514E-5	1.00005E+0	3.27008E-9
7.99539E-2	1.99184E+0	1.01429E-5	9.99961E-1	2.10292E-9
8.06093E-2	1.99211E+0	9.48759E-6	9.99988E-1	2.38770E-9
8.12646E-2	1.99265E+0	7.65270E-6	1.00006E+0	1.89706E-9
8.19200E-2	1.99238E+0	1.10604E-5	9.99988E-1	1.62892E-9
8.25754E-2	1.99319E+0	2.06280E-5	1.00007E+0	2.85551E-9
8.32307E-2	1.99130E+0	1.34195E-5	9.99935E-1	2.71003E-9
8.38861E-2	1.99373E+0	1.43369E-5	9.99995E-1	2.04492E-9
8.45414E-2	1.99104E+0	1.09293E-5	9.99919E-1	1.55048E-9
8.51968E-2	1.99427E+0	8.04589E-6	1.00016E+0	2.52604E-9
8.58522E-2	1.99184E+0	1.25021E-5	9.99891E-1	2.30830E-9
8.65075E-2	1.99238E+0	1.11914E-5	9.99997E-1	2.48706E-9
8.71629E-2	1.99184E+0	9.22547E-6	1.00007E+0	1.82004E-9
8.78182E-2	1.99023E+0	1.02740E-5	1.00002E+0	3.02381E-9
8.84736E-2	1.99238E+0	6.21101E-6	9.99923E-1	1.67314E-9
8.91290E-2	1.99184E+0	1.26331E-5	1.00004E+0	2.85979E-9
8.97843E-2	1.99077E+0	1.21089E-5	9.99961E-1	2.34966E-9
9.04397E-2	1.99184E+0	7.52164E-6	1.00010E+0	8.06442E-10
9.10950E-2	1.99184E+0	1.40748E-5	9.99910E-1	3.62189E-9
9.17504E-2	1.99184E+0	1.86620E-5	1.00007E+0	2.05110E-9
9.24058E-2	1.99184E+0	8.96334E-6	9.99944E-1	2.43809E-9
9.30611E-2	1.99265E+0	4.24505E-6	1.00002E+0	1.05794E-9
9.37165E-2	1.99130E+0	1.32884E-5	9.99959E-1	3.14409E-9
9.43718E-2	1.99130E+0	1.06672E-5	1.00007E+0	1.21340E-9
9.50272E-2	1.99211E+0	7.91483E-6	9.99933E-1	2.95725E-9
9.56826E-2	1.99157E+0	1.11914E-5	9.99944E-1	1.20722E-9
9.63379E-2	1.99157E+0	1.18467E-5	1.00017E+0	3.12317E-9
9.69933E-2	1.99211E+0	1.19778E-5	9.99866E-1	1.68360E-9
9.76486E-2	1.99157E+0	6.34207E-6	1.00012E+0	2.65916E-9
9.83040E-2	1.99292E+0	4.90037E-6	9.99965E-1	1.47536E-9
9.89594E-2	1.99265E+0	7.39058E-6	9.99997E-1	2.94061E-9
9.96147E-2	1.99238E+0	1.14535E-5	9.90917E-1	-1.09742E-7
1.00270E-1	-6.33567E-3	7.39058E-6	9.95586E-1	-3.15339E-7
1.00925E-1	-8.22355E-3	1.32884E-5	9.99351E-1	-6.94947E-8
1.01581E-1	-5.79628E-3	1.36166E-6	1.00001E+0	-1.53275E-8
1.02236E-1	-6.87507E-3	1.15846E-5	9.99851E-1	-2.23816E-9
1.02892E-1	-7.14476E-3	7.39058E-6	1.00002E+0	-6.45972E-10
1.03547E-1	-7.14476E-3	7.91483E-6	9.99897E-1	2.60544E-9
1.04202E-1	-5.52658E-3	2.27910E-6	1.00007E+0	2.17471E-9
1.04858E-1	-5.79628E-3	1.27642E-5	9.99971E-1	3.34234E-9
1.05513E-1	-7.41446E-3	8.43908E-6	1.00003E+0	3.14789E-9
1.06168E-1	-6.60537E-3	8.83228E-6	9.99973E-1	3.32665E-9
1.06824E-1	-6.60537E-3	7.12845E-6	1.00010E+0	1.89468E-9
1.07479E-1	-8.49324E-3	1.82688E-5	9.99908E-1	2.93110E-9
1.08134E-1	-7.14476E-3	1.04050E-5	9.99973E-1	3.15027E-9
1.08790E-1	-6.33567E-3	1.04050E-5	1.00010E+0	3.60335E-9
1.09445E-1	-6.87507E-3	8.70121E-6	9.99925E-1	1.72828E-9
1.10100E-1	-5.79628E-3	5.55569E-6	1.00004E+0	3.65707E-9
1.10756E-1	-7.41446E-3	7.25951E-6	1.00005E+0	2.19325E-9
1.11411E-1	-5.25689E-3	1.44680E-5	9.99946E-1	2.73238E-9
1.12067E-1	-6.87507E-3	1.63029E-5	9.99946E-1	2.41670E-9
1.12722E-1	-7.41446E-3	6.60420E-6	1.00005E+0	3.62855E-9
1.13377E-1	-7.14476E-3	1.04050E-5	9.99995E-1	1.55333E-9
1.14033E-1	-6.60537E-3	6.60420E-6	9.99961E-1	2.72620E-9
1.14688E-1	-6.87507E-3	1.09293E-5	1.00011E+0	2.72810E-9
1.15343E-1	-7.41446E-3	1.13225E-5	9.99862E-1	2.63967E-9
1.15999E-1	-6.33567E-3	6.07994E-6	1.00007E+0	3.61001E-9
1.16654E-1	-6.60537E-3	2.50842E-5	9.99988E-1	1.60515E-9
1.17309E-1	-5.25689E-3	9.61866E-6	9.99992E-1	2.95773E-9
1.17965E-1	-8.22355E-3	1.22399E-5	9.99984E-1	3.49305E-9
1.18620E-1	-5.79628E-3	2.15454E-5	9.99995E-1	1.34082E-9
1.19276E-1	-6.87507E-3	8.04589E-6	1.00007E+0	2.08675E-9
1.19931E-1	-6.87507E-3	9.35653E-6	9.99990E-1	3.22159E-9
1.20586E-1	-7.68415E-3	2.18076E-5	9.99948E-1	3.39511E-9
1.21242E-1	-6.60537E-3	6.86632E-6	9.99995E-1	7.36555E-10
1.21897E-1	-7.41446E-3	1.01429E-5	1.00002E+0	3.52253E-9
1.22552E-1	-5.25689E-3	7.91483E-6	9.99967E-1	3.23632E-9
1.23208E-1	-7.41446E-3	8.57015E-6	1.00004E+0	2.31068E-9
1.23863E-1	-5.79628E-3	6.47313E-6	9.99973E-1	2.33017E-9
1.24518E-1	-6.60537E-3	1.13225E-5	1.00005E+0	2.56598E-9
1.25174E-1	-6.33567E-3	8.83228E-6	9.99986E-1	2.43714E-9
1.25829E-1	-7.41446E-3	1.57786E-5	1.00005E+0	2.53080E-9
1.26484E-1	-7.14476E-3	1.04050E-5	9.99984E-1	1.21768E-9
1.27140E-1	-4.98719E-3	2.03659E-5	1.00001E+0	2.33778E-9
1.27795E-1	-7.95385E-3	1.06672E-5	9.99927E-1	3.88765E-9
1.28451E-1	-5.79628E-3	3.45867E-6	1.00002E+0	1.38883E-9
1.29106E-1	-6.06598E-3	9.35653E-6	1.00002E+0	2.86740E-9
1.29761E-1	-5.52658E-3	9.88078E-6	9.99908E-1	2.06441E-9
1.30417E-1	-6.06598E-3	1.00118E-5	1.00013E+0	2.00070E-9
1.31072E-1	-7.95385E-3	1.11914E-5	9.99954E-1	3.36231E-9
1.31727E-1	-6.87507E-3	1.01429E-5	1.00001E+0	1.83811E-9
1.32383E-1	-5.79628E-3	7.65270E-6	9.99978E-1	2.92825E-9
1.33038E-1	-5.79628E-3	9.61866E-6	1.00005E+0	2.43238E-9
1.33693E-1	-6.87507E-3	1.26331E-5	9.99990E-1	1.75871E-9
1.34349E-1	-6.06598E-3	1.47301E-5	1.00001E+0	2.79894E-9
1.35004E-1	-5.25689E-3	9.74972E-6	9.99973E-1	2.31591E-9
1.35660E-1	-6.60537E-3	9.09440E-6	1.00002E+0	2.69149E-9
1.36315E-1	-7.14476E-3	7.25951E-6	9.99965E-1	2.69149E-9
1.36970E-1	-7.41446E-3	9.48759E-6	1.00000E+0	2.03826E-9
1.37626E-1	-6.60537E-3	8.43908E-6	1.00000E+0	2.10767E-9
1.38281E-1	-5.79628E-3	1.21089E-5	9.99976E-1	2.71336E-9
1.38936E-1	-7.68415E-3	1.02740E-5	1.00007E+0	3.17880E-9
1.39592E-1	-6.87507E-3	6.47313E-6	9.99969E-1	1.41498E-9
1.40247E-1	-8.76294E-3	2.49531E-5	9.99961E-1	3.77545E-9
1.40902E-1	-6.33567E-3	8.17696E-6	1.00004E+0	5.98682E-10
1.41558E-1	-6.33567E-3	1.06672E-5	9.99921E-1	3.93995E-9
1.42213E-1	-6.33567E-3	5.29356E-6	1.00010E+0	1.77488E-9
1.42868E-1	-6.06598E-3	7.39058E-6	9.99925E-1	2.91494E-9
1.43524E-1	-5.79628E-3	7.39058E-6	9.99986E-1	2.43334E-9
1.44179E-1	-6.06598E-3	1.05361E-5	9.99971E-1	2.58785E-9
1.44835E-1	-6.33567E-3	1.26331E-5	1.00006E+0	1.25476E-9
1.45490E-1	-7.14476E-3	5.81781E-6	9.99976E-1	3.15122E-9
1.46145E-1	-6.87507E-3	1.13225E-5	1.00001E+0	2.42525E-9
1.46801E-1	-5.79628E-3	6.21101E-6	9.99982E-1	1.92368E-9
1.47456E-1	-5.79628E-3	1.19778E-5	1.00008E+0	2.24269E-9
1.48111E-1	-5.79628E-3	9.09440E-6	9.99859E-1	2.14666E-9
1.48767E-1	-6.33567E-3	5.68675E-6	1.00014E+0	1.82384E-9
1.49422E-1	-6.60537E-3	1.10604E-5	9.99938E-1	3.89573E-9
1.50077E-1	-6.87507E-3	4.90037E-6	1.00006E+0	1.91322E-9
1.50733E-1	-5.52658E-3	-5.06046E-6	9.99921E-1	2.15807E-9
1.51388E-1	-5.52658E-3	8.30802E-6	1.00002E+0	1.75015E-9
1.52044E-1	-7.41446E-3	9.35653E-6	1.00003E+0	2.44807E-9
1.52699E-1	-5.79628E-3	1.32884E-5	9.99999E-1	3.16739E-9
1.53354E-1	-4.98719E-3	9.61866E-6	9.99950E-1	2.23271E-9
1.54010E-1	-6.60537E-3	7.12845E-6	1.00003E+0	2.90971E-9
1.54665E-1	-6.06598E-3	8.57015E-6	1.00005E+0	1.42306E-9
1.55320E-1	-6.33567E-3	7.78377E-6	9.99946E-1	2.90828E-9
1.55976E-1	-6.33567E-3	-5.97790E-6	1.00004E+0	2.99576E-9
1.56631E-1	-7.14476E-3	1.85310E-5	9.99995E-1	1.89944E-9
1.57286E-1	-7.95385E-3	1.11914E-5	9.99967E-1	1.50816E-9
1.57942E-1	-5.79628E-3	1.02740E-5	1.00002E+0	2.98578E-9
1.58597E-1	-6.06598E-3	9.61866E-6	1.00005E+0	2.21987E-9
1.59252E-1	-6.33567E-3	3.98293E-6	1.00003E+0	1.51767E-9
1.59908E-1	-5.52658E-3	8.96334E-6	9.99969E-1	3.60715E-9
1.60563E-1	-6.06598E-3	9.88078E-6	9.99897E-1	1.66268E-9
1.61219E-1	-7.95385E-3	-8.00432E-8	1.00010E+0	2.93063E-9
1.61874E-1	-6.33567E-3	1.32884E-5	9.99887E-1	1.41023E-9
1.62529E-1	-5.25689E-3	9.88078E-6	1.00014E+0	3.04473E-9
1.63185E-1	-6.60537E-3	8.30802E-6	9.99906E-1	1.61133E-9
1.63840E-1	-5.25689E-3	7.78377E-6	1.00003E+0	3.26532E-9
1.64495E-1	-5.79628E-3	9.09440E-6	9.99990E-1	2.19800E-9
1.65151E-1	-4.71749E-3	8.57015E-6	9.99982E-1	1.97741E-9
1.65806E-1	-5.79628E-3	1.83999E-5	1.00003E+0	2.52176E-9
1.66461E-1	-6.33567E-3	1.00118E-5	1.00007E+0	1.73304E-9
1.67117E-1	-4.44780E-3	1.70893E-5	9.99942E-1	2.73808E-9
1.67772E-1	-6.33567E-3	1.36816E-5	9.99982E-1	2.15902E-9
1.68428E-1	-6.33567E-3	1.14535E-5	1.00001E+0	2.41004E-9
1.69083E-1	-4.98719E-3	1.09293E-5	9.99995E-1	1.11166E-9
1.69738E-1	-7.68415E-3	1.11914E-5	9.99952E-1	2.91446E-9
1.70394E-1	-5.25689E-3	1.68271E-5	1.00007E+0	2.65536E-9
1.71049E-1	-5.25689E-3	7.78377E-6	1.00004E+0	1.32085E-9
1.71704E-1	-5.25689E-3	8.43908E-6	9.99963E-1	3.73504E-9
1.72360E-1	-6.33567E-3	8.43908E-6	9.99961E-1	2.33968E-9
1.73015E-1	-6.60537E-3	9.09440E-6	1.00009E+0	1.89611E-9
1.73670E-1	-5.25689E-3	7.65270E-6	9.99954E-1	1.46870E-9
1.74326E-1	-6.87507E-3	1.15846E-5	1.00003E+0	2.08105E-9
1.74981E-1	-6.06598E-3	1.06672E-5	9.99976E-1	2.34348E-9
1.75636E-1	-6.87507E-3	3.98293E-6	9.99944E-1	3.64424E-9
1.76292E-1	-6.06598E-3	9.09440E-6	1.00007E+0	1.06269E-9
1.76947E-1	-5.52658E-3	1.14535E-5	9.99923E-1	2.83887E-9
1.77603E-1	-6.60537E-3	1.22399E-5	1.00001E+0	2.96058E-9
1.78258E-1	-6.60537E-3	6.99739E-6	1.00005E+0	1.22862E-9
1.78913E-1	-7.14476E-3	8.43908E-6	1.00000E+0	2.44902E-9
1.79569E-1	-6.33567E-3	5.42462E-6	9.99969E-1	2.09626E-9
1.80224E-1	-6.33567E-3	8.96334E-6	9.99982E-1	2.25172E-9
1.80879E-1	-5.52658E-3	1.23710E-5	1.00003E+0	3.61238E-9
1.81535E-1	-5.79628E-3	7.78377E-6	1.00001E+0	2.06013E-9
1.82190E-1	-5.52658E-3	1.91863E-5	9.99914E-1	1.93319E-9
1.82845E-1	-4.98719E-3	-3.35663E-6	1.00004E+0	1.27093E-9
1.83501E-1	-6.87507E-3	4.11399E-6	1.00004E+0	2.79561E-9
1.84156E-1	-6.06598E-3	1.30263E-5	9.99948E-1	1.92321E-9
1.84812E-1	-6.60537E-3	1.74825E-5	1.00005E+0	3.57102E-9
1.85467E-1	-6.06598E-3	1.13225E-5	1.00001E+0	2.01211E-9
1.86122E-1	-7.68415E-3	5.29356E-6	9.99912E-1	2.35917E-9
1.86778E-1	-6.06598E-3	1.09293E-5	1.00013E+0	1.76965E-9
1.87433E-1	-6.60537E-3	1.00118E-5	9.99935E-1	1.54572E-9
1.88088E-1	-4.98719E-3	1.32884E-5	9.99944E-1	3.80398E-9
1.88744E-1	-6.33567E-3	1.07982E-5	1.00007E+0	2.15949E-9
1.89399E-1	-5.79628E-3	1.18467E-5	1.00001E+0	2.33017E-9
1.90054E-1	-5.52658E-3	2.14804E-6	1.00000E+0	1.31895E-9
1.90710E-1	-7.14476E-3	4.76931E-6	9.99931E-1	2.82603E-9
1.91365E-1	-5.52658E-3	1.06672E-5	1.00006E+0	2.56455E-9
1.92020E-1	-6.33567E-3	9.88078E-6	9.99916E-1	1.78676E-9
1.92676E-1	-6.06598E-3	1.34195E-5	1.00016E+0	1.81957E-9
1.93331E-1	-6.33567E-3	7.65270E-6	9.99878E-1	1.96409E-9
1.93987E-1	-3.90841E-3	1.95795E-5	1.00008E+0	2.37914E-9
1.94642E-1	-5.79628E-3	1.36816E-5	9.99878E-1	2.82984E-9
1.95297E-1	-6.33567E-3	8.43908E-6	1.00009E+0	2.09103E-9
1.95953E-1	-6.33567E-3	7.65270E-6	9.99929E-1	2.20466E-9
1.96608E-1	-4.71749E-3	1.34195E-5	1.00002E+0	2.73190E-9
1.97263E-1	-6.33567E-3	1.21089E-5	1.00010E+0	2.13905E-9
1.97919E-1	-5.25689E-3	1.61718E-5	9.99904E-1	2.75805E-9
1.98574E-1	-6.33567E-3	6.86632E-6	1.00003E+0	1.11166E-9
1.99229E-1	-5.25689E-3	3.06548E-6	1.00001E+0	2.78515E-9
1.99885E-1	1.99184E+0	1.40748E-5	1.04900E+0	7.18815E-8
2.00540E-1	1.99184E+0	9.48759E-6	1.00270E+0	2.66489E-7
2.01196E-1	1.99319E+0	9.68465E-7	1.00027E+0	8.95939E-8
2.01851E-1	1.99157E+0	8.30802E-6	1.00025E+0	4.66452E-8
2.02506E-1	1.99373E+0	8.17696E-6	1.00010E+0	2.46122E-8
2.03162E-1	1.99292E+0	1.28952E-5	9.99935E-1	1.64255E-8
2.03817E-1	1.99238E+0	1.27642E-5	1.00008E+0	9.70444E-9
2.04472E-1	1.99211E+0	1.25021E-5	1.00001E+0	2.89925E-9
2.05128E-1	1.99238E+0	1.31574E-5	1.00006E+0	2.63111E-9
2.05783E-1	1.99265E+0	1.01429E-5	9.99925E-1	2.09198E-9
2.06438E-1	1.99319E+0	4.76931E-6	1.00002E+0	2.46947E-9
2.07094E-1	1.99346E+0	8.96334E-6	9.99944E-1	1.54572E-9
2.07749E-1	1.99077E+0	7.25951E-6	1.00004E+0	2.03160E-9
2.08404E-1	1.99427E+0	7.52164E-6	1.00001E+0	2.14285E-9
2.09060E-1	1.99292E+0	9.09440E-6	1.00003E+0	4.57007E-10
2.09715E-1	1.99238E+0	7.25951E-6	9.99906E-1	2.62683E-9
2.10371E-1	1.99346E+0	9.74972E-6	1.00001E+0	1.06460E-9
2.11026E-1	1.99427E+0	9.61866E-6	1.00012E+0	2.41099E-9
2.11681E-1	1.99319E+0	1.91863E-5	9.99986E-1	8.68247E-10
2.12337E-1	1.99346E+0	1.09293E-5	1.00001E+0	1.77820E-9
2.12992E-1	1.99346E+0	1.06672E-5	9.99973E-1	2.43381E-9
2.13647E-1	1.99184E+0	9.48759E-6	1.00000E+0	1.16871E-9
2.14303E-1	1.99211E+0	8.57015E-6	9.99984E-1	2.53793E-9
2.14958E-1	1.99157E+0	2.35114E-5	9.99976E-1	2.69690E-10
2.15613E-1	1.99319E+0	5.55569E-6	1.00001E+0	2.48611E-9
2.16269E-1	1.99346E+0	1.15846E-5	1.00003E+0	2.17756E-9
2.16924E-1	1.99130E+0	9.88078E-6	9.99980E-1	7.68883E-10
2.17580E-1	1.99104E+0	9.61866E-6	9.99982E-1	1.43352E-9
2.18235E-1	1.99238E+0	8.83228E-6	1.00001E+0	2.91161E-9
2.18890E-1	1.99104E+0	1.19778E-5	1.00006E+0	6.84734E-10
2.19546E-1	1.99157E+0	1.85310E-5	9.99952E-1	1.22291E-9
2.20201E-1	1.99373E+0	2.02348E-5	9.99973E-1	2.28548E-9
2.20856E-1	1.99157E+0	-7.35361E-7	9.99952E-1	2.27930E-9
2.21512E-1	1.99238E+0	7.25951E-6	1.00007E+0	1.34842E-9
2.22167E-1	1.99238E+0	9.22547E-6	9.99933E-1	2.65298E-9
2.22822E-1	1.99130E+0	-8.66424E-7	1.00001E+0	1.93414E-9
2.23478E-1	1.99211E+0	6.21101E-6	1.00007E+0	1.68122E-9
2.24133E-1	1.99130E+0	6.99739E-6	9.99971E-1	1.30611E-9
2.24788E-1	1.99265E+0	1.62378E-6	1.00006E+0	5.99633E-10
2.25444E-1	1.99562E+0	5.81781E-6	9.99967E-1	2.61827E-9
2.26099E-1	1.99265E+0	7.52164E-6	9.99957E-1	2.55172E-9
2.26755E-1	1.99265E+0	1.00118E-5	9.99997E-1	1.92749E-9
2.27410E-1	1.99184E+0	9.88078E-6	1.00007E+0	1.19486E-9
2.28065E-1	1.99184E+0	1.60408E-5	9.99923E-1	2.43666E-9
2.28721E-1	1.99184E+0	8.57015E-6	9.99992E-1	1.10643E-9
2.29376E-1	1.99238E+0	1.22399E-5	1.00001E+0	2.12954E-9
2.30031E-1	1.99104E+0	8.30802E-6	9.99990E-1	1.77916E-9
2.30687E-1	1.99238E+0	8.43908E-6	1.00002E+0	9.08657E-10
2.31342E-1	1.99292E+0	5.81781E-6	1.00004E+0	2.74284E-9
2.31997E-1	1.99238E+0	1.07982E-5	9.99963E-1	1.10025E-9
2.32653E-1	1.99346E+0	1.07982E-5	1.00005E+0	2.58737E-9
2.33308E-1	1.99211E+0	1.19778E-5	9.99891E-1	1.48915E-9
2.33964E-1	1.99265E+0	6.86632E-6	1.00008E+0	2.03731E-9
2.34619E-1	1.99211E+0	9.35653E-6	1.00002E+0	1.80150E-9
2.35274E-1	1.99184E+0	1.45991E-5	9.99988E-1	3.94251E-10
2.35930E-1	1.99184E+0	1.27642E-5	1.00001E+0	3.23727E-9
2.36585E-1	1.99157E+0	1.23710E-5	1.00007E+0	1.63273E-9
2.37240E-1	1.99265E+0	1.72203E-5	9.99914E-1	7.83146E-10
2.37896E-1	1.99157E+0	6.21101E-6	1.00002E+0	2.02114E-9
2.38551E-1	1.99157E+0	1.31574E-5	1.00001E+0	2.24174E-9
2.39206E-1	1.99265E+0	9.09440E-6	9.99938E-1	1.90847E-9
2.39862E-1	1.99157E+0	1.40748E-5	1.00008E+0	2.18897E-9
2.40517E-1	1.99184E+0	1.36816E-5	9.99982E-1	3.48135E-10
2.41172E-1	1.99184E+0	9.61866E-6	9.99961E-1	3.65422E-9
2.41828E-1	1.99023E+0	1.82084E-7	1.00008E+0	8.61591E-10
2.42483E-1	1.99373E+0	4.76931E-6	9.99961E-1	1.28424E-9
2.43139E-1	1.99292E+0	1.18467E-5	9.99990E-1	1.44921E-9
2.43794E-1	1.99319E+0	9.74972E-6	1.00005E+0	3.14124E-9
2.44449E-1	1.99427E+0	4.63824E-6	9.99919E-1	1.96885E-9
2.45105E-1	1.99184E+0	3.85186E-6	1.00008E+0	1.54905E-9
2.45760E-1	1.99077E+0	-2.04600E-6	9.99919E-1	1.09788E-9
2.46415E-1	1.99346E+0	1.23059E-6	9.99980E-1	2.38484E-9
2.47071E-1	1.99265E+0	1.21089E-5	9.99969E-1	1.02656E-9
2.47726E-1	1.99319E+0	1.18467E-5	1.00010E+0	2.12716E-9
2.48381E-1	1.99104E+0	8.30802E-6	1.00005E+0	1.78914E-9
2.49037E-1	1.99292E+0	2.67229E-6	9.99891E-1	2.40719E-9
2.49692E-1	1.99184E+0	8.83228E-6	1.00011E+0	1.11119E-9
2.50348E-1	1.99454E+0	9.61866E-6	9.99925E-1	1.87519E-9
2.51003E-1	1.99346E+0	7.78377E-6	9.99978E-1	2.70242E-9
2.51658E-1	1.99265E+0	6.86632E-6	1.00003E+0	2.37438E-9
2.52314E-1	1.99077E+0	2.25939E-5	9.99931E-1	8.27360E-10
2.52969E-1	1.99184E+0	1.00118E-5	1.00015E+0	2.00831E-9
2.53624E-1	1.99265E+0	1.14535E-5	9.99933E-1	9.30051E-10
2.54280E-1	1.99211E+0	1.18467E-5	1.00002E+0	1.67504E-9
2.54935E-1	1.99292E+0	8.83228E-6	9.99988E-1	3.09607E-9
2.55590E-1	1.99265E+0	9.22547E-6	1.00003E+0	2.05157E-9
2.56246E-1	1.99373E+0	1.40748E-5	9.99952E-1	1.22719E-9
2.56901E-1	1.99265E+0	1.28952E-5	9.99963E-1	2.18279E-9
2.57556E-1	1.99265E+0	6.99739E-6	1.00005E+0	1.77202E-9
2.58212E-1	1.99265E+0	1.01429E-5	9.99997E-1	1.49485E-9
2.58867E-1	1.99319E+0	8.96334E-6	9.99988E-1	1.67409E-9
2.59523E-1	1.99238E+0	1.82084E-7	1.00005E+0	2.10149E-9
2.60178E-1	1.99104E+0	1.47301E-5	9.99919E-1	1.33701E-9
2.60833E-1	1.99319E+0	5.94888E-6	1.00004E+0	1.61704E-9
2.61489E-1	1.99130E+0	1.02740E-5	9.99969E-1	3.02904E-9
2.62144E-1	1.99211E+0	1.17157E-5	1.00004E+0	1.79360E-10
2.62799E-1	1.98969E+0	1.42059E-5	9.99976E-1	3.89716E-9
2.63455E-1	1.99373E+0	1.49272E-6	9.99982E-1	1.08647E-9
2.64110E-1	1.99211E+0	1.27642E-5	1.00007E+0	1.80245E-9
2.64765E-1	1.99184E+0	8.43908E-6	9.99900E-1	2.14713E-9
2.65421E-1	1.99265E+0	1.09953E-6	1.00006E+0	7.78867E-10
2.66076E-1	1.99427E+0	1.56476E-5	9.99986E-1	2.13715E-9
2.66732E-1	1.99319E+0	7.25951E-6	9.99963E-1	2.62588E-9
2.67387E-1	1.99157E+0	8.30802E-6	1.00002E+0	9.81397E-10
2.68042E-1	1.99184E+0	6.34207E-6	1.00003E+0	2.57977E-9
2.68698E-1	1.99427E+0	7.25951E-6	9.99916E-1	1.32513E-9
2.69353E-1	1.99184E+0	1.32884E-5	1.00007E+0	1.31467E-9
2.70008E-1	1.99265E+0	8.70121E-6	9.99967E-1	2.37581E-9
2.70664E-1	1.99292E+0	3.32761E-6	1.00002E+0	1.39787E-9
2.71319E-1	1.99211E+0	1.99727E-5	9.99992E-1	2.06013E-9
2.71974E-1	1.99373E+0	9.09440E-6	1.00012E+0	1.84334E-9
2.72630E-1	1.99157E+0	1.30263E-5	9.99855E-1	2.61019E-9
2.73285E-1	1.99211E+0	6.21101E-6	1.00009E+0	1.15350E-9
2.73940E-1	1.99265E+0	8.70121E-6	9.99984E-1	2.24317E-9
2.74596E-1	1.99319E+0	1.32884E-5	9.99986E-1	2.10910E-9
2.75251E-1	1.99346E+0	6.07994E-6	9.99959E-1	1.42354E-9
2.75907E-1	1.99265E+0	1.52544E-5	9.99990E-1	2.25410E-9
2.76562E-1	1.99077E+0	2.27910E-6	1.00002E+0	1.72353E-9
2.77217E-1	1.99104E+0	7.91483E-6	1.00001E+0	1.11404E-9
2.77873E-1	1.99238E+0	9.61866E-6	1.00002E+0	1.09597E-9
2.78528E-1	1.99265E+0	8.96334E-6	9.99999E-1	3.55010E-9
2.79183E-1	1.99077E+0	2.41667E-5	9.99969E-1	1.72020E-9
2.79839E-1	1.99238E+0	1.27642E-5	1.00004E+0	1.86426E-9
2.80494E-1	1.99050E+0	7.91483E-6	9.99995E-1	2.08057E-9
2.81149E-1	1.99184E+0	7.65270E-6	9.99988E-1	1.23194E-9
2.81805E-1	1.99454E+0	1.09293E-5	9.99995E-1	2.07344E-9
2.82460E-1	1.99211E+0	1.04050E-5	1.00004E+0	9.28625E-10
2.83116E-1	1.99130E+0	1.14535E-5	9.99912E-1	2.58357E-9
2.83771E-1	1.99265E+0	7.12845E-6	1.00008E+0	1.89563E-9
2.84426E-1	1.99157E+0	7.91483E-6	9.99988E-1	2.21274E-9
2.85082E-1	1.99238E+0	1.01429E-5	9.99908E-1	1.19581E-9
2.85737E-1	1.99265E+0	9.22547E-6	1.00009E+0	2.47898E-9
2.86392E-1	1.99373E+0	8.70121E-6	1.00002E+0	1.84809E-9
2.87048E-1	1.99157E+0	1.04050E-5	9.99999E-1	2.02019E-9
2.87703E-1	1.99184E+0	5.55569E-6	9.99948E-1	1.76204E-9
2.88358E-1	1.99130E+0	7.78377E-6	9.99959E-1	7.66982E-10
2.89014E-1	1.99292E+0	7.91483E-6	1.00005E+0	2.89830E-9
2.89669E-1	1.99373E+0	1.45991E-5	9.99992E-1	1.18678E-9
2.90324E-1	1.99238E+0	1.25021E-5	1.00002E+0	2.65203E-9
2.90980E-1	1.99292E+0	1.18467E-5	1.00003E+0	3.23888E-10
2.91635E-1	1.99238E+0	8.83228E-6	1.00005E+0	2.95155E-9
2.92291E-1	1.99077E+0	1.36816E-5	9.99976E-1	1.01705E-9
2.92946E-1	1.99265E+0	1.35506E-5	9.99919E-1	2.59641E-9
2.93601E-1	1.99211E+0	1.19778E-5	1.00003E+0	2.00403E-9
2.94257E-1	1.99211E+0	1.13225E-5	1.00004E+0	1.05319E-9
2.94912E-1	1.99104E+0	7.65270E-6	9.99933E-1	1.84714E-9
2.95567E-1	1.99238E+0	1.00118E-5	1.00001E+0	2.57026E-9
2.96223E-1	1.99265E+0	7.78377E-6	9.99980E-1	2.07582E-9
2.96878E-1	1.99265E+0	9.48759E-6	1.00008E+0	-6.31050E-11
2.97533E-1	1.99130E+0	8.04589E-6	9.99954E-1	2.30355E-9
2.98189E-1	1.99319E+0	7.39058E-6	9.99988E-1	2.88213E-9
2.98844E-1	1.99157E+0	1.02740E-5	1.00004E+0	1.02656E-9
2.99500E-1	1.99157E+0	1.15846E-5	9.81664E-1	4.15791E-8
3.00155E-1	-8.22355E-3	1.17157E-5	9.96929E-1	-3.46163E-7
3.00810E-1	-5.25689E-3	2.74433E-5	9.99452E-1	-1.17584E-7
3.01466E-1	-7.41446E-3	5.16250E-6	9.99853E-1	-6.45451E-8
3.02121E-1	-6.87507E-3	9.88078E-6	9.99661E-1	-8.52466E-9
3.02776E-1	-6.60537E-3	1.17157E-5	1.00006E+0	1.56379E-9
3.03432E-1	-6.33567E-3	1.93174E-5	9.99847E-1	1.90181E-9
3.04087E-1	-6.87507E-3	1.05361E-5	1.00006E+0	2.94917E-9
3.04742E-1	-6.60537E-3	9.88078E-6	9.99980E-1	3.35185E-9
3.05398E-1	-6.60537E-3	6.21101E-6	1.00006E+0	2.55552E-9
3.06053E-1	-6.87507E-3	8.17696E-6	9.99938E-1	1.90086E-9
3.06708E-1	-6.33567E-3	1.44680E-5	1.00006E+0	2.03731E-9
3.07364E-1	-7.14476E-3	9.61866E-6	9.99999E-1	2.39340E-9
3.08019E-1	-5.79628E-3	1.06672E-5	1.00001E+0	2.75329E-9
3.08675E-1	-7.68415E-3	1.05361E-5	9.99925E-1	3.58386E-9
3.09330E-1	-6.87507E-3	7.25951E-6	9.99999E-1	2.01924E-9
3.09985E-1	-6.33567E-3	9.88078E-6	1.00008E+0	2.02352E-9
3.10641E-1	-6.87507E-3	7.52164E-6	9.99984E-1	3.21588E-9
3.11296E-1	-5.79628E-3	8.43908E-6	1.00002E+0	2.84362E-9
3.11951E-1	-5.52658E-3	1.47301E-5	9.99969E-1	2.92587E-9
3.12607E-1	-6.60537E-3	8.83228E-6	9.99976E-1	1.44065E-9
3.13262E-1	-7.14476E-3	9.61866E-6	1.00002E+0	2.38247E-9
3.13917E-1	-7.14476E-3	1.32884E-5	1.00007E+0	3.16073E-9
3.14573E-1	-4.98719E-3	9.22547E-6	9.99933E-1	1.17299E-9
3.15228E-1	-4.44780E-3	1.07982E-5	1.00008E+0	3.80255E-9
3.15884E-1	-6.60537E-3	1.06672E-5	9.99931E-1	2.05490E-9
3.16539E-1	-6.06598E-3	9.74972E-6	1.00006E+0	2.75044E-9
3.17194E-1	-6.87507E-3	1.05361E-5	9.99876E-1	1.85332E-9
3.17850E-1	-6.60537E-3	7.91483E-6	1.00003E+0	2.81653E-9
3.18505E-1	-6.87507E-3	7.52164E-6	9.99988E-1	1.46395E-9
3.19160E-1	-7.68415E-3	9.61866E-6	1.00011E+0	2.93966E-9
3.19816E-1	-6.06598E-3	9.09440E-6	9.99855E-1	2.44950E-9
3.20471E-1	-7.95385E-3	4.90037E-6	1.00004E+0	2.64918E-9
3.21126E-1	-6.60537E-3	2.16765E-5	9.99995E-1	1.90039E-9
3.21782E-1	-6.60537E-3	8.70121E-6	9.99978E-1	2.82413E-9
3.22437E-1	-4.98719E-3	1.09293E-5	1.00003E+0	2.59831E-9
3.23092E-1	-5.79628E-3	1.19778E-5	9.99982E-1	2.06916E-9
3.23748E-1	-5.25689E-3	1.31574E-5	1.00004E+0	1.74302E-9
3.24403E-1	-6.33567E-3	7.52164E-6	1.00002E+0	3.33331E-9
3.25059E-1	-6.60537E-3	1.66961E-5	1.00001E+0	2.57359E-9
3.25714E-1	-6.33567E-3	1.05361E-5	9.99997E-1	2.34158E-9
3.26369E-1	-5.79628E-3	1.02740E-5	1.00002E+0	2.06774E-9
3.27025E-1	-6.87507E-3	9.35653E-6	9.99940E-1	1.95649E-9
3.27680E-1	-4.17810E-3	1.70893E-5	1.00007E+0	2.21226E-9
3.28335E-1	-6.60537E-3	1.28952E-5	9.99891E-1	2.72477E-9
3.28991E-1	-6.33567E-3	6.34207E-6	1.00009E+0	1.71165E-9
3.29646E-1	-6.06598E-3	1.81378E-5	9.99942E-1	3.00051E-9
3.30301E-1	-5.52658E-3	8.70121E-6	1.00005E+0	2.59973E-9
3.30957E-1	-6.60537E-3	9.09440E-6	9.99990E-1	1.66838E-9
3.31612E-1	-5.52658E-3	1.11914E-5	1.00001E+0	1.22767E-9
3.32268E-1	-6.60537E-3	1.25021E-5	1.00001E+0	3.75643E-9
3.32923E-1	-6.87507E-3	1.25021E-5	1.00002E+0	1.77060E-9
3.33578E-1	-5.52658E-3	1.21089E-5	9.99938E-1	3.03665E-9
3.34234E-1	-7.14476E-3	9.35653E-6	9.99988E-1	1.74207E-9
3.34889E-1	-6.60537E-3	8.43908E-6	1.00006E+0	2.36773E-9
3.35544E-1	-7.14476E-3	8.96334E-6	1.00002E+0	1.38741E-9
3.36200E-1	-5.79628E-3	1.06672E-5	9.99935E-1	2.08961E-9
3.36855E-1	-6.33567E-3	1.22399E-5	1.00006E+0	2.75662E-9
3.37510E-1	-7.68415E-3	9.88078E-6	9.99929E-1	2.62398E-9
3.38166E-1	-4.98719E-3	7.39058E-6	1.00003E+0	1.19248E-9
3.38821E-1	-7.14476E-3	1.85310E-5	9.99976E-1	2.83126E-9
3.39476E-1	-6.87507E-3	6.73526E-6	1.00010E+0	2.13715E-9
3.40132E-1	-6.60537E-3	9.61866E-6	9.99965E-1	2.98530E-9
3.40787E-1	-6.60537E-3	9.61866E-6	9.99914E-1	2.48135E-9
3.41443E-1	-6.60537E-3	9.35653E-6	9.99948E-1	1.88945E-9
3.42098E-1	-5.25689E-3	1.51233E-5	1.00005E+0	1.92036E-9
3.42753E-1	-5.79628E-3	7.12845E-6	1.00006E+0	2.57929E-9
3.43409E-1	-8.22355E-3	1.26331E-5	1.00002E+0	1.73732E-9
3.44064E-1	-5.52658E-3	9.74972E-6	9.99992E-1	1.83478E-9
3.44719E-1	-6.33567E-3	9.35653E-6	9.99923E-1	3.60050E-9
3.45375E-1	-7.14476E-3	8.04589E-6	1.00010E+0	1.64509E-9
3.46030E-1	-6.87507E-3	1.06672E-5	9.99900E-1	1.68217E-9
3.46685E-1	-6.60537E-3	1.06672E-5	1.00010E+0	2.20941E-9
3.47341E-1	-5.25689E-3	9.88078E-6	9.99881E-1	2.56883E-9
3.47996E-1	-5.79628E-3	1.30263E-5	1.00007E+0	2.36440E-9
3.48652E-1	-5.79628E-3	1.27642E-5	9.99921E-1	1.79294E-9
3.49307E-1	-7.68415E-3	3.98293E-6	1.00008E+0	2.49181E-9
3.49962E-1	-6.06598E-3	1.14535E-5	9.99919E-1	2.28595E-9
3.50618E-1	-6.06598E-3	1.53855E-5	1.00014E+0	2.09674E-9
3.51273E-1	-7.41446E-3	9.35653E-6	9.99933E-1	2.45425E-9
3.51928E-1	-5.79628E-3	1.15846E-5	1.00009E+0	2.02828E-9
3.52584E-1	-5.79628E-3	9.22547E-6	9.99895E-1	3.05234E-9
3.53239E-1	-6.60537E-3	7.39058E-6	1.00002E+0	1.40072E-9
3.53894E-1	-4.98719E-3	6.99739E-6	1.00005E+0	2.52509E-9
3.54550E-1	-4.44780E-3	5.03143E-6	9.99950E-1	2.66059E-9
3.55205E-1	-7.41446E-3	1.04050E-5	1.00002E+0	1.59517E-9
3.55860E-1	-5.79628E-3	6.86632E-6	9.99997E-1	2.07344E-9
3.56516E-1	-6.33567E-3	8.70121E-6	9.99995E-1	2.16330E-9
3.57171E-1	-5.79628E-3	7.78377E-6	9.99910E-1	2.98720E-9
3.57827E-1	-5.52658E-3	-8.66424E-7	1.00007E+0	2.32256E-9
3.58482E-1	-5.52658E-3	1.80067E-5	9.99992E-1	1.74350E-9
3.59137E-1	-5.52658E-3	1.13225E-5	9.99980E-1	2.09769E-9
3.59793E-1	-6.06598E-3	1.43369E-5	1.00004E+0	2.51130E-9
3.60448E-1	-5.25689E-3	9.74972E-6	1.00000E+0	2.42573E-9
3.61103E-1	-5.25689E-3	9.88078E-6	9.99999E-1	9.97561E-10
3.61759E-1	-5.52658E-3	9.09440E-6	1.00001E+0	1.90752E-9
3.62414E-1	-6.06598E-3	8.96334E-6	9.99948E-1	3.28244E-9
3.63069E-1	-6.06598E-3	1.10604E-5	1.00002E+0	2.11052E-9
3.63725E-1	-4.98719E-3	6.47313E-6	9.99984E-1	2.40624E-9
3.64380E-1	-6.60537E-3	1.21089E-5	1.00001E+0	2.12859E-9
3.65036E-1	-5.52658E-3	1.06672E-5	9.99925E-1	9.76643E-10
3.65691E-1	-3.36901E-3	1.40748E-5	1.00016E+0	2.87072E-9
3.66346E-1	-4.98719E-3	9.48759E-6	9.99952E-1	2.09151E-9
3.67002E-1	-4.98719E-3	8.43908E-6	9.99973E-1	2.63587E-9
3.67657E-1	-5.52658E-3	3.13147E-7	9.99988E-1	2.40148E-9
3.68312E-1	-5.52658E-3	9.48759E-6	1.00002E+0	1.78914E-9
3.68968E-1	-6.33567E-3	1.07982E-5	9.99912E-1	1.65982E-9
3.69623E-1	-7.41446E-3	8.17696E-6	1.00005E+0	2.65726E-9
3.70278E-1	-6.06598E-3	9.22547E-6	9.99990E-1	1.75206E-9
3.70934E-1	-6.60537E-3	1.07982E-5	1.00007E+0	3.09940E-9
3.71589E-1	-4.44780E-3	1.35506E-5	9.99927E-1	2.18136E-9
3.72244E-1	-4.71749E-3	1.28952E-5	1.00011E+0	9.54298E-10
3.72900E-1	-6.60537E-3	9.09440E-6	9.99973E-1	3.26580E-9
3.73555E-1	-6.60537E-3	9.48759E-6	9.99976E-1	1.94841E-9
3.74211E-1	-6.87507E-3	8.83228E-6	9.99978E-1	2.29166E-9
3.74866E-1	-5.25689E-3	1.05361E-5	1.00002E+0	1.10596E-9
3.75521E-1	-5.79628E-3	8.70121E-6	1.00004E+0	2.88499E-9
3.76177E-1	-6.33567E-3	8.83228E-6	9.99990E-1	2.47089E-9
3.76832E-1	-7.41446E-3	8.04589E-6	9.99961E-1	2.21844E-9
3.77487E-1	-2.82962E-3	1.48612E-5	9.99950E-1	1.59517E-9
3.78143E-1	-4.98719E-3	1.34195E-5	1.00011E+0	1.63891E-9
3.78798E-1	-6.33567E-3	7.78377E-6	9.99849E-1	2.57216E-9
3.79453E-1	-5.79628E-3	-6.24003E-6	1.00014E+0	1.51767E-9
3.80109E-1	-5.52658E-3	9.09440E-6	9.99973E-1	2.85884E-9
3.80764E-1	-7.41446E-3	9.22547E-6	1.00003E+0	1.30563E-9
3.81420E-1	-6.06598E-3	7.12845E-6	9.99916E-1	3.88337E-9
3.82075E-1	-4.71749E-3	1.09293E-5	1.00002E+0	1.73732E-9
3.82730E-1	-6.06598E-3	2.67229E-6	9.99982E-1	1.94127E-9
3.83386E-1	-9.30233E-3	1.98416E-5	9.99995E-1	2.59593E-9
3.84041E-1	-6.87507E-3	7.78377E-6	1.00002E+0	2.43857E-9
3.84696E-1	-5.79628E-3	1.09293E-5	1.00003E+0	8.88214E-10
3.85352E-1	-5.25689E-3	5.94888E-6	9.99999E-1	2.49324E-9
3.86007E-1	-5.25689E-3	1.14535E-5	9.99986E-1	2.11100E-9
3.86662E-1	-6.33567E-3	8.96334E-6	1.00007E+0	2.37058E-9
3.87318E-1	-4.98719E-3	5.75274E-7	9.99959E-1	2.45616E-9
3.87973E-1	-5.52658E-3	1.31574E-5	1.00005E+0	2.00165E-9
3.88628E-1	-6.06598E-3	7.65270E-6	9.99870E-1	1.59089E-9
3.89284E-1	-6.06598E-3	1.21089E-5	1.00008E+0	1.72353E-9
3.89939E-1	-5.79628E-3	8.43908E-6	9.99919E-1	2.01069E-9
3.90595E-1	-5.52658E-3	1.15846E-5	1.00003E+0	3.09893E-9
3.91250E-1	-6.06598E-3	8.83228E-6	9.99986E-1	1.22957E-9
3.91905E-1	-4.98719E-3	9.61866E-6	1.00013E+0	2.98768E-9
3.92561E-1	-5.25689E-3	1.14535E-5	9.99959E-1	1.59945E-9
3.93216E-1	-6.06598E-3	1.25021E-5	9.99944E-1	2.80179E-9
3.93871E-1	-7.41446E-3	1.28952E-5	9.99990E-1	1.67504E-9
3.94527E-1	-6.60537E-3	1.09293E-5	1.00011E+0	2.17756E-9
3.95182E-1	-5.79628E-3	3.13147E-7	1.00000E+0	2.64442E-9
3.95837E-1	-4.98719E-3	9.09440E-6	9.99978E-1	1.74017E-9
3.96493E-1	-5.79628E-3	2.20697E-5	9.99876E-1	2.18184E-9
3.97148E-1	-6.33567E-3	1.07982E-5	1.00004E+0	1.76299E-9
3.97804E-1	-2.82962E-3	1.59097E-5	1.00001E+0	2.45996E-9
3.98459E-1	-7.14476E-3	1.05361E-5	1.00010E+0	2.11480E-9
3.99114E-1	-6.06598E-3	7.91483E-6	9.99862E-1	2.38627E-9
3.99770E-1	1.99589E+0	8.43908E-6	1.03561E+0	1.05151E-7
4.00425E-1	1.99238E+0	1.45991E-5	1.00153E+0	2.11492E-7
4.01080E-1	1.99211E+0	1.00118E-5	1.00040E+0	8.63135E-8
4.01736E-1	1.99265E+0	8.83228E-6	1.00027E+0	1.91663E-8
4.02391E-1	1.99292E+0	8.43908E-6	9.99923E-1	1.06757E-8
4.03046E-1	1.99292E+0	1.01429E-5	1.00004E+0	1.80890E-8
4.03702E-1	1.99373E+0	2.60016E-5	1.00009E+0	1.19741E-8
4.04357E-1	1.99292E+0	1.88591E-6	9.99923E-1	1.25132E-8
4.05012E-1	1.99346E+0	4.63824E-6	1.00004E+0	1.09534E-8
4.05668E-1	1.99265E+0	1.02740E-5	9.99925E-1	9.22807E-9
4.06323E-1	1.99211E+0	6.86632E-6	1.00009E+0	8.52682E-9
4.06979E-1	1.99130E+0	1.13225E-5	1.00005E+0	6.96553E-9
4.07634E-1	1.99292E+0	9.48759E-6	1.00000E+0	6.45160E-9
4.08289E-1	1.99319E+0	5.94888E-6	9.99954E-1	5.45702E-9
4.08945E-1	1.99454E+0	1.09293E-5	1.00002E+0	4.64785E-9
4.09600E-1	1.99319E+0	1.18467E-5	9.99967E-1	3.37562E-9
4.10255E-1	1.99373E+0	1.07982E-5	9.99992E-1	1.63273E-9
4.10911E-1	1.99292E+0	9.22547E-6	9.99946E-1	3.75311E-9
4.11566E-1	1.99292E+0	1.48612E-5	1.00006E+0	3.12080E-9
4.12221E-1	1.99292E+0	6.07994E-6	9.99973E-1	3.13744E-9
4.12877E-1	1.99157E+0	1.01429E-5	1.00001E+0	2.32446E-9
4.13532E-1	1.99319E+0	7.12845E-6	9.99957E-1	3.76880E-9
4.14188E-1	1.99265E+0	9.61866E-6	1.00006E+0	3.55200E-9
4.14843E-1	1.99319E+0	3.45867E-6	1.00003E+0	1.56094E-9
4.15498E-1	1.99265E+0	1.15846E-5	9.99950E-1	4.16672E-9
4.16154E-1	1.99211E+0	1.36166E-6	1.00003E+0	2.50465E-9
4.16809E-1	1.99292E+0	8.57015E-6	1.00001E+0	2.74046E-9
4.17464E-1	1.99238E+0	4.50718E-6	9.99933E-1	2.03778E-9
4.18120E-1	1.99346E+0	1.32884E-5	1.00001E+0	1.70594E-9
4.18775E-1	1.99265E+0	1.07982E-5	1.00000E+0	1.78106E-9
4.19430E-1	1.99130E+0	8.83228E-6	1.00009E+0	2.01069E-9
4.20086E-1	1.99265E+0	8.83228E-6	9.99965E-1	1.87519E-9
4.20741E-1	1.99184E+0	2.14804E-6	9.99929E-1	7.85999E-10
4.21396E-1	1.99265E+0	8.83228E-6	1.00009E+0	3.02143E-9
4.22052E-1	1.99130E+0	1.13225E-5	9.99914E-1	7.57473E-10
4.22707E-1	1.99184E+0	2.93442E-6	1.00014E+0	1.76917E-9
4.23363E-1	1.99346E+0	1.00118E-5	9.99862E-1	2.49514E-9
4.24018E-1	1.99319E+0	8.17696E-6	1.00004E+0	5.52091E-10
4.24673E-1	1.99211E+0	1.14535E-5	9.99967E-1	2.19467E-9
4.25329E-1	1.99130E+0	1.07982E-5	1.00007E+0	2.55362E-9
4.25984E-1	1.99319E+0	7.65270E-6	9.99978E-1	5.01696E-10
4.26639E-1	1.99319E+0	5.68675E-6	1.00005E+0	1.45539E-9
4.27295E-1	1.99184E+0	5.16250E-6	9.99868E-1	2.00831E-9
4.27950E-1	1.99023E+0	1.51233E-5	1.00017E+0	2.10387E-9
4.28605E-1	1.99319E+0	1.17157E-5	9.99904E-1	2.36630E-9
4.29261E-1	1.99157E+0	2.67229E-6	1.00008E+0	5.01221E-10
4.29916E-1	1.99265E+0	1.02740E-5	9.99935E-1	3.05091E-9
4.30572E-1	1.99265E+0	9.61866E-6	9.99944E-1	1.11594E-9
4.31227E-1	1.99373E+0	1.01429E-5	1.00006E+0	2.05015E-9
4.31882E-1	1.99184E+0	1.19778E-5	1.00009E+0	1.11024E-9
4.32538E-1	1.99211E+0	1.40748E-5	9.99925E-1	1.30563E-9
4.33193E-1	1.99211E+0	1.13225E-5	1.00005E+0	2.26313E-9
4.33848E-1	1.99292E+0	1.01429E-5	9.99982E-1	1.07981E-9
4.34504E-1	1.99319E+0	4.24505E-6	1.00000E+0	2.06583E-9
4.35159E-1	1.99211E+0	7.91483E-6	9.99940E-1	1.52576E-9
4.35814E-1	1.99157E+0	1.02740E-5	1.00004E+0	2.74474E-9
4.36470E-1	1.99238E+0	9.35653E-6	9.99959E-1	1.93081E-9
4.37125E-1	1.99319E+0	1.04050E-5	9.99999E-1	7.45112E-10
4.37780E-1	1.99319E+0	1.18467E-5	1.00006E+0	1.49818E-9
4.38436E-1	1.99265E+0	9.88078E-6	9.99950E-1	2.49989E-9
4.39091E-1	1.99211E+0	9.48759E-6	9.99986E-1	1.25191E-9
4.39747E-1	1.99319E+0	1.11914E-5	1.00006E+0	1.67884E-9
4.40402E-1	1.99238E+0	3.85186E-6	9.99986E-1	2.39245E-9
4.41057E-1	1.99104E+0	7.12845E-6	1.00002E+0	8.10245E-10
4.41713E-1	1.99427E+0	1.15846E-5	9.99963E-1	1.73684E-9
4.42368E-1	1.99373E+0	7.39058E-6	9.99997E-1	1.84857E-9
4.43023E-1	1.99265E+0	1.35506E-5	9.99978E-1	2.02447E-9
4.43679E-1	1.99157E+0	7.25951E-6	1.00002E+0	2.29879E-9
4.44334E-1	1.99077E+0	1.18467E-5	1.00000E+0	9.01051E-10
4.44989E-1	1.99184E+0	1.39438E-5	9.99954E-1	2.58927E-9
4.45645E-1	1.99184E+0	1.21089E-5	1.00006E+0	8.08343E-10
4.46300E-1	1.99265E+0	1.04050E-5	1.00002E+0	1.62654E-9
4.46956E-1	1.99238E+0	8.04589E-6	9.99904E-1	2.11575E-9
4.47611E-1	1.99292E+0	1.34195E-5	1.00012E+0	1.70404E-9
4.48266E-1	1.99346E+0	1.43369E-5	9.99940E-1	2.64490E-9
4.48922E-1	1.99373E+0	1.19778E-5	9.99969E-1	4.93139E-10
4.49577E-1	1.99238E+0	8.30802E-6	1.00002E+0	2.87072E-9
4.50232E-1	1.99319E+0	8.57015E-6	1.00008E+0	1.45777E-9
4.50888E-1	1.99184E+0	7.91483E-6	9.99944E-1	1.39169E-9
4.51543E-1	1.99238E+0	1.14535E-5	9.99978E-1	2.22795E-9
4.52198E-1	1.99265E+0	3.58973E-6	9.99978E-1	1.04986E-9
4.52854E-1	1.99454E+0	6.86632E-6	1.00002E+0	1.81624E-9
4.53509E-1	1.99184E+0	1.05361E-5	1.00003E+0	2.62873E-9
4.54164E-1	1.99211E+0	1.48612E-5	9.99976E-1	1.46015E-9
4.54820E-1	1.99211E+0	1.04050E-5	1.00002E+0	1.98596E-9
4.55475E-1	1.99211E+0	9.35653E-6	9.99969E-1	6.07715E-10
4.56131E-1	1.99346E+0	9.35653E-6	1.00008E+0	2.50560E-9
4.56786E-1	1.99292E+0	5.94888E-6	9.99946E-1	1.19629E-9
4.57441E-1	1.99130E+0	5.16250E-6	9.99976E-1	1.83811E-9
4.58097E-1	1.99077E+0	9.68465E-7	9.99982E-1	2.18564E-9
4.58752E-1	1.99454E+0	8.70121E-6	9.99973E-1	1.79770E-9
4.59407E-1	1.99211E+0	6.60420E-6	1.00003E+0	1.43020E-9
4.60063E-1	1.99265E+0	8.04589E-6	1.00005E+0	1.32085E-9
4.60718E-1	1.99238E+0	1.65650E-5	1.00002E+0	3.05376E-9
4.61373E-1	1.99265E+0	1.19778E-5	9.99999E-1	1.42164E-9
4.62029E-1	1.99265E+0	1.34195E-5	9.99986E-1	1.09740E-9
4.62684E-1	1.99319E+0	8.96334E-6	1.00002E+0	2.08057E-9
4.63340E-1	1.99373E+0	8.83228E-6	1.00004E+0	1.40357E-9
4.63995E-1	1.99238E+0	1.00118E-5	9.99883E-1	2.14428E-9
4.64650E-1	1.99265E+0	1.34195E-5	1.00002E+0	2.38817E-9
4.65306E-1	1.99184E+0	1.21089E-5	9.99976E-1	1.25572E-9
4.65961E-1	1.99211E+0	4.44211E-7	9.99971E-1	1.11404E-9
4.66616E-1	1.99292E+0	7.39058E-6	1.00012E+0	2.50180E-9
4.67272E-1	1.99346E+0	7.12845E-6	9.99954E-1	2.04111E-9
4.67927E-1	1.99346E+0	8.83228E-6	1.00003E+0	1.34367E-9
4.68582E-1	1.99211E+0	4.50718E-6	9.99897E-1	1.47821E-9
4.69238E-1	1.99265E+0	9.61866E-6	1.00006E+0	1.45539E-9
4.69893E-1	1.99050E+0	1.62378E-6	9.99938E-1	1.73874E-9
4.70548E-1	1.99319E+0	5.55569E-6	1.00015E+0	1.94318E-9
4.71204E-1	1.99130E+0	2.48220E-5	9.99944E-1	1.44161E-9
4.71859E-1	1.99157E+0	9.35653E-6	9.99984E-1	2.83031E-9
4.72515E-1	1.99292E+0	1.04050E-5	1.00003E+0	8.66345E-10
4.73170E-1	1.99184E+0	4.37612E-6	9.99931E-1	1.61609E-9
4.73825E-1	1.99265E+0	8.43908E-6	1.00008E+0	1.57900E-9
4.74481E-1	1.99265E+0	7.91483E-6	1.00000E+0	3.06422E-9
4.75136E-1	1.99346E+0	7.39058E-6	9.99935E-1	1.93890E-9
4.75791E-1	1.99130E+0	9.88078E-6	1.00001E+0	7.52244E-10
4.76447E-1	1.99184E+0	4.44211E-7	1.00005E+0	1.55999E-9
4.77102E-1	1.99346E+0	1.01429E-5	9.99971E-1	2.55267E-9
4.77757E-1	1.99157E+0	5.03143E-6	9.99916E-1	1.75348E-9
4.78413E-1	1.99238E+0	7.25951E-6	1.00008E+0	1.14875E-9
4.79068E-1	1.99184E+0	7.39058E-6	1.00003E+0	1.91988E-9
4.79724E-1	1.99292E+0	1.31574E-5	9.99929E-1	1.65792E-9
4.80379E-1	1.99211E+0	1.19778E-5	1.00009E+0	2.13287E-9
4.81034E-1	1.99184E+0	9.22547E-6	9.99927E-1	7.08505E-10
4.81690E-1	1.99104E+0	1.36816E-5	1.00008E+0	2.78800E-9
4.82345E-1	1.99319E+0	9.22547E-6	9.99895E-1	1.56569E-9
4.83000E-1	1.99238E+0	6.07994E-6	1.00002E+0	1.12497E-9
4.83656E-1	1.99211E+0	1.00118E-5	9.99933E-1	2.47137E-9
4.84311E-1	1.99157E+0	1.32884E-5	1.00012E+0	2.16995E-9
4.84966E-1	1.99319E+0	8.83228E-6	9.99916E-1	2.18564E-9
4.85622E-1	1.99265E+0	2.80335E-6	1.00010E+0	1.35983E-9
4.86277E-1	1.99184E+0	1.25021E-5	9.99912E-1	1.56569E-9
4.86932E-1	1.99130E+0	1.02740E-5	1.00007E+0	2.26646E-9
4.87588E-1	1.99400E+0	8.70121E-6	9.99954E-1	1.71212E-9
4.88243E-1	1.99265E+0	1.42059E-5	9.99973E-1	1.52243E-9
4.88899E-1	1.99211E+0	8.96334E-6	9.99995E-1	1.93319E-9
4.89554E-1	1.99373E+0	6.73526E-6	1.00010E+0	1.06317E-9
4.90209E-1	1.99292E+0	2.23318E-5	9.99872E-1	2.19658E-9
4.90865E-1	1.99050E+0	4.50718E-6	1.00005E+0	1.97646E-9
4.91520E-1	1.99184E+0	1.10604E-5	1.00001E+0	9.71413E-10
4.92175E-1	1.99211E+0	7.65270E-6	9.99978E-1	2.41860E-9
4.92831E-1	1.99346E+0	8.96334E-6	1.00001E+0	1.42639E-9
4.93486E-1	1.99211E+0	1.23710E-5	9.99997E-1	2.18707E-9
4.94141E-1	1.99373E+0	2.67229E-6	1.00003E+0	1.82004E-9
4.94797E-1	1.99292E+0	1.19778E-5	9.99957E-1	1.72543E-9
4.95452E-1	1.99238E+0	7.39058E-6	1.00003E+0	2.20608E-9
4.96108E-1	1.99184E+0	6.34207E-6	1.00005E+0	1.25334E-9
4.96763E-1	1.99211E+0	1.18467E-5	9.99897E-1	1.68502E-9
4.97418E-1	1.99292E+0	1.00118E-5	1.00010E+0	9.14838E-10
4.98074E-1	1.99319E+0	5.75274E-7	9.99961E-1	2.04634E-9
4.98729E-1	1.99238E+0	1.00118E-5	9.99976E-1	2.18659E-9
4.99384E-1	1.99130E+0	1.05361E-5	9.42123E-1	2.70959E-7
5.00040E-1	-4.98719E-3	1.26331E-5	1.00696E+0	-4.32118E-7
5.00695E-1	-7.14476E-3	1.04050E-5	9.98742E-1	-2.07295E-7
5.01350E-1	-6.60537E-3	8.83228E-6	9.99511E-1	-8.48632E-8
5.02006E-1	-6.60537E-3	9.88078E-6	9.99891E-1	-3.64571E-8
5.02661E-1	-7.68415E-3	8.96334E-6	9.99881E-1	-1.66306E-8
5.03316E-1	-5.52658E-3	7.65270E-6	9.99954E-1	-8.31881E-9
5.03972E-1	-5.52658E-3	1.70893E-5	9.99986E-1	-3.94873E-9
5.04627E-1	-7.95385E-3	1.31574E-5	1.00000E+0	1.23670E-9
5.05283E-1	-7.14476E-3	6.34207E-6	9.99948E-1	1.26380E-9
5.05938E-1	-7.14476E-3	1.15846E-5	1.00007E+0	3.85218E-10
5.06593E-1	-6.60537E-3	1.15846E-5	9.99925E-1	1.74920E-9
5.07249E-1	-6.60537E-3	1.28952E-5	1.00002E+0	3.28767E-9
5.07904E-1	-5.25689E-3	1.40748E-5	9.99957E-1	9.40035E-10
5.08559E-1	-6.60537E-3	6.99739E-6	1.00006E+0	3.24060E-9
5.09215E-1	-6.60537E-3	7.39058E-6	9.99999E-1	2.10387E-9
5.09870E-1	-5.79628E-3	1.32884E-5	9.99952E-1	1.74730E-9
5.10525E-1	-7.41446E-3	4.37612E-6	1.00005E+0	1.02276E-9
5.11181E-1	-6.06598E-3	9.22547E-6	9.99963E-1	2.75805E-9
5.11836E-1	-4.44780E-3	1.38127E-5	1.00006E+0	1.96837E-9
5.12492E-1	-7.41446E-3	7.12845E-6	1.00003E+0	2.15236E-9
5.13147E-1	-6.33567E-3	1.27642E-5	9.99950E-1	1.38360E-9
5.13802E-1	-6.87507E-3	8.57015E-6	9.99931E-1	2.85123E-9
5.14458E-1	-6.60537E-3	7.39058E-6	1.00003E+0	2.35346E-9
5.15113E-1	-6.06598E-3	1.15846E-5	1.00001E+0	2.97960E-9
5.15768E-1	-6.33567E-3	9.22547E-6	1.00005E+0	1.09692E-9
5.16424E-1	-6.60537E-3	6.73526E-6	9.99906E-1	2.97579E-9
5.17079E-1	-4.98719E-3	7.65270E-6	1.00006E+0	2.42240E-9
5.17734E-1	-6.60537E-3	1.07982E-5	9.99916E-1	1.71925E-9
5.18390E-1	-6.87507E-3	8.30802E-6	1.00007E+0	1.94793E-9
5.19045E-1	-6.33567E-3	1.31574E-5	9.99999E-1	1.96267E-9
5.19700E-1	-5.79628E-3	7.39058E-6	1.00002E+0	3.17262E-9
5.20356E-1	-6.33567E-3	1.28952E-5	9.99965E-1	1.56997E-9
5.21011E-1	-6.60537E-3	8.17696E-6	1.00007E+0	1.25999E-9
5.21667E-1	-5.52658E-3	9.22547E-6	9.99878E-1	2.21892E-9
5.22322E-1	-6.87507E-3	7.39058E-6	1.00006E+0	3.10463E-9
5.22977E-1	-6.60537E-3	1.00118E-5	1.00006E+0	6.49553E-10
5.23633E-1	-6.87507E-3	9.61866E-6	9.99961E-1	3.09132E-9
5.24288E-1	-7.14476E-3	1.04050E-5	9.99986E-1	3.00812E-9
5.24943E-1	-5.79628E-3	1.87931E-5	1.00001E+0	1.48725E-9
5.25599E-1	-6.06598E-3	8.57015E-6	1.00001E+0	2.53127E-9
5.26254E-1	-5.79628E-3	9.22547E-6	1.00005E+0	2.00118E-9
5.26909E-1	-7.14476E-3	1.75485E-6	1.00002E+0	1.82147E-9
5.27565E-1	-6.87507E-3	9.88078E-6	9.99874E-1	1.71497E-9
5.28220E-1	-6.60537E-3	7.65270E-6	1.00008E+0	1.70404E-9
5.28876E-1	-6.06598E-3	6.99739E-6	9.99954E-1	2.86264E-9
5.29531E-1	-6.33567E-3	1.42059E-5	1.00003E+0	1.76489E-9
5.30186E-1	-7.14476E-3	1.72203E-5	1.00006E+0	2.24507E-9
5.30842E-1	-8.49324E-3	1.23710E-5	9.99910E-1	3.25059E-9
5.31497E-1	-6.33567E-3	1.19778E-5	1.00000E+0	9.09608E-10
5.32152E-1	-6.33567E-3	1.34195E-5	1.00006E+0	2.34776E-9
5.32808E-1	-7.14476E-3	1.10604E-5	9.99912E-1	2.88261E-9
5.33463E-1	-6.33567E-3	1.59097E-5	1.00001E+0	1.75015E-9
5.34118E-1	-5.52658E-3	1.25021E-5	1.00004E+0	2.16330E-9
5.34774E-1	-7.41446E-3	8.30802E-6	9.99995E-1	1.40975E-9
5.35429E-1	-6.87507E-3	8.70121E-6	9.99999E-1	2.84695E-9
5.36084E-1	-6.87507E-3	7.91483E-6	9.99919E-1	1.80816E-9
5.36740E-1	-5.79628E-3	1.31574E-5	1.00009E+0	2.22748E-9
5.37395E-1	-5.52658E-3	1.91863E-5	1.00002E+0	2.44094E-9
5.38051E-1	-6.06598E-3	2.19386E-5	9.99984E-1	1.82052E-9
5.38706E-1	-7.14476E-3	8.37401E-7	1.00006E+0	1.49771E-9
5.39361E-1	-6.06598E-3	1.45991E-5	9.99950E-1	2.20085E-9
5.40017E-1	-7.41446E-3	9.22547E-6	9.99973E-1	2.94679E-9
5.40672E-1	-6.06598E-3	1.43369E-5	9.99969E-1	7.09456E-10
5.41327E-1	-7.14476E-3	1.11914E-5	1.00002E+0	2.14903E-9
5.41983E-1	-5.52658E-3	1.11914E-5	1.00007E+0	2.03874E-9
5.42638E-1	-6.87507E-3	9.22547E-6	9.99952E-1	1.85475E-9
5.43293E-1	-7.68415E-3	6.73526E-6	1.00001E+0	3.69891E-9
5.43949E-1	-5.52658E-3	-1.52174E-6	9.99971E-1	4.98368E-10
5.44604E-1	-5.52658E-3	1.57786E-5	9.99971E-1	3.49305E-9
5.45260E-1	-6.60537E-3	7.78377E-6	1.00006E+0	1.99880E-9
5.45915E-1	-5.52658E-3	1.09293E-5	1.00002E+0	8.92018E-10
5.46570E-1	-6.87507E-3	6.99739E-6	9.99992E-1	2.51130E-9
5.47226E-1	-5.25689E-3	1.52544E-5	9.99978E-1	1.16729E-9
5.47881E-1	-7.14476E-3	1.25021E-5	9.99927E-1	2.41527E-9
5.48536E-1	-5.79628E-3	1.26331E-5	1.00012E+0	2.36963E-9
5.49192E-1	-5.52658E-3	1.23710E-5	9.99847E-1	2.18897E-9
5.49847E-1	-6.60537E-3	1.53855E-5	1.00014E+0	1.81481E-9
5.50502E-1	-8.22355E-3	7.39058E-6	9.99889E-1	2.77802E-9
5.51158E-1	-6.06598E-3	1.42059E-5	1.00007E+0	2.32019E-9
5.51813E-1	-6.60537E-3	2.25939E-5	9.99952E-1	1.53431E-9
5.52468E-1	-6.60537E-3	5.29356E-6	1.00003E+0	1.26713E-9
5.53124E-1	-6.33567E-3	2.93442E-6	1.00006E+0	2.47565E-9
5.53779E-1	-7.41446E-3	5.94888E-6	9.99933E-1	2.63824E-9
5.54435E-1	-4.98719E-3	7.39058E-6	1.00005E+0	1.74730E-9
5.55090E-1	-6.06598E-3	8.30802E-6	1.00005E+0	2.46139E-9
5.55745E-1	-6.06598E-3	2.14804E-6	9.99969E-1	7.25145E-10
5.56401E-1	-6.60537E-3	1.31574E-5	9.99931E-1	2.64347E-9
5.57056E-1	-7.41446E-3	1.32884E-5	1.00005E+0	1.84096E-9
5.57711E-1	-6.33567E-3	1.97105E-5	1.00003E+0	2.75662E-9
5.58367E-1	-6.06598E-3	8.43908E-6	9.99990E-1	1.97978E-9
5.59022E-1	-6.06598E-3	1.85310E-5	9.99992E-1	1.81671E-9
5.59677E-1	-6.06598E-3	7.91483E-6	1.00005E+0	1.94841E-9
5.60333E-1	-6.33567E-3	1.04050E-5	9.99870E-1	2.08438E-9
5.60988E-1	-5.52658E-3	1.27642E-5	9.99999E-1	2.65536E-9
5.61644E-1	-7.41446E-3	6.86632E-6	1.00006E+0	2.32161E-9
5.62299E-1	-5.25689E-3	3.45867E-6	1.00005E+0	1.64841E-9
5.62954E-1	-4.98719E-3	1.88591E-6	9.99933E-1	1.86616E-9
5.63610E-1	-5.25689E-3	2.53463E-5	9.99961E-1	2.41289E-9
5.64265E-1	-5.79628E-3	1.17157E-5	1.00004E+0	1.40975E-9
5.64920E-1	-4.71749E-3	6.07994E-6	1.00009E+0	2.97817E-9
5.65576E-1	-5.52658E-3	-8.00432E-8	9.99923E-1	9.85200E-10
5.66231E-1	-4.98719E-3	9.09440E-6	9.99948E-1	2.10006E-9
5.66886E-1	-4.98719E-3	1.19778E-5	1.00005E+0	3.17404E-9
5.67542E-1	-6.33567E-3	1.43369E-5	9.99938E-1	3.70955E-10
5.68197E-1	-5.52658E-3	4.24505E-6	1.00008E+0	3.44075E-9
5.68852E-1	-7.41446E-3	1.00118E-5	9.99912E-1	1.99785E-9
5.69508E-1	-6.06598E-3	1.22399E-5	1.00009E+0	1.18155E-9
5.70163E-1	-5.25689E-3	6.34207E-6	9.99978E-1	2.96676E-9
5.70819E-1	-5.79628E-3	5.81781E-6	9.99984E-1	1.80483E-9
5.71474E-1	-6.06598E-3	7.65270E-6	1.00003E+0	1.47108E-9
5.72129E-1	-6.06598E-3	5.29356E-6	9.99952E-1	2.78182E-9
5.72785E-1	-5.79628E-3	6.99739E-6	1.00002E+0	2.25363E-9
5.73440E-1	-6.87507E-3	1.31574E-5	9.99986E-1	8.83936E-10
5.74095E-1	-7.14476E-3	1.13225E-5	9.99969E-1	1.93700E-9
5.74751E-1	-5.79628E-3	9.61866E-6	1.00011E+0	2.25743E-9
5.75406E-1	-6.06598E-3	1.60408E-5	9.99897E-1	3.20019E-9
5.76061E-1	-6.60537E-3	1.89242E-5	1.00011E+0	1.01800E-9
5.76717E-1	-6.60537E-3	1.14535E-5	9.99853E-1	2.08961E-9
5.77372E-1	-6.06598E-3	1.15846E-5	1.00006E+0	2.05918E-9
5.78028E-1	-5.25689E-3	1.09293E-5	1.00002E+0	1.84524E-9
5.78683E-1	-6.60537E-3	1.02740E-5	1.00002E+0	1.75253E-9
5.79338E-1	-6.87507E-3	2.07591E-5	9.99961E-1	2.27122E-9
5.79994E-1	-4.98719E-3	1.17157E-5	9.99984E-1	2.94632E-9
5.80649E-1	-6.60537E-3	1.18467E-5	1.00012E+0	1.22624E-9
5.81304E-1	-6.87507E-3	6.99739E-6	9.99883E-1	2.28215E-9
5.81960E-1	-4.98719E-3	1.05361E-5	1.00000E+0	2.11718E-9
5.82615E-1	-6.06598E-3	8.30802E-6	9.99990E-1	1.27426E-9
5.83270E-1	-5.79628E-3	4.76931E-6	1.00008E+0	1.86996E-9
5.83926E-1	-6.06598E-3	9.35653E-6	9.99999E-1	2.13382E-9
5.84581E-1	-5.52658E-3	7.65270E-6	1.00006E+0	2.29879E-9
5.85236E-1	-6.06598E-3	4.37612E-6	9.99938E-1	2.44284E-9
5.85892E-1	-6.60537E-3	2.70501E-5	9.99971E-1	6.97095E-10
5.86547E-1	-4.98719E-3	1.04050E-5	1.00001E+0	3.25059E-9
5.87203E-1	-6.87507E-3	9.22547E-6	1.00002E+0	1.53574E-9
5.87858E-1	-6.33567E-3	7.25951E-6	9.99990E-1	2.70195E-9
5.88513E-1	-5.52658E-3	7.12845E-6	9.99959E-1	1.50056E-9
5.89169E-1	-6.33567E-3	7.65270E-6	9.99946E-1	1.99595E-9
5.89824E-1	-6.33567E-3	1.25021E-5	1.00008E+0	2.19277E-9
5.90479E-1	-7.14476E-3	1.27642E-5	9.99967E-1	1.84286E-9
5.91135E-1	-6.06598E-3	9.88078E-6	1.00006E+0	1.49675E-9
5.91790E-1	-6.60537E-3	1.11914E-5	1.00001E+0	2.99338E-9
5.92445E-1	-6.33567E-3	8.96334E-6	9.99982E-1	2.09911E-9
5.93101E-1	-7.68415E-3	-4.14301E-6	9.99990E-1	2.11385E-9
5.93756E-1	-6.60537E-3	1.13225E-5	9.99931E-1	1.95459E-9
5.94412E-1	-7.41446E-3	6.07994E-6	1.00013E+0	1.40215E-9
5.95067E-1	-5.79628E-3	1.05361E-5	9.99944E-1	1.48487E-9
5.95722E-1	-5.52658E-3	2.06280E-5	9.99952E-1	2.76566E-9
5.96378E-1	-4.17810E-3	7.65270E-6	1.00003E+0	1.62559E-9
5.97033E-1	-6.06598E-3	3.13147E-7	1.00003E+0	2.05775E-9
5.97688E-1	-6.87507E-3	9.48759E-6	9.99931E-1	2.10625E-9
5.98344E-1	-6.87507E-3	7.78377E-6	1.00003E+0	1.89373E-9
5.98999E-1	-6.33567E-3	6.60420E-6	9.99992E-1	2.61542E-9
5.99654E-1	1.99400E+0	1.36166E-6	1.05230E+0	-3.21334E-7
