## Header ##
[General info]
User	Giorgos_Psaltakis
Device	Sample
Cell area (cm2)	1
Test	Pulsed
Date	2024-03-03
Time	04:06:07
Temperature	21.35
Note	

[Acquisition Settings]
Amplitude (V)	2.500
Frequency (Hz)	5.0
DC Offset (V)	1.000
Duty Cycle (%)	50
Phase (°)	0
Cycles	2

## Data ##
Time (s)	DC Channel Voltage (V)	DC Channel Current (A)	Pulse Channel Voltage (V)	Pulse Channel Current (A)
0.00000E+0	2.20949E+0	1.45991E-5	1.01178E+0	-2.02967E-7
6.55360E-4	2.20949E+0	1.40748E-5	9.99545E-1	3.35145E-8
1.31072E-3	2.20949E+0	1.11914E-5	9.99954E-1	6.92496E-8
1.96608E-3	2.20949E+0	-2.17706E-6	1.00014E+0	6.29455E-8
2.62144E-3	2.20949E+0	1.02740E-5	9.99967E-1	5.38426E-8
3.27680E-3	2.20949E+0	1.00118E-5	1.00004E+0	4.50815E-8
3.93216E-3	2.20949E+0	1.06672E-5	1.00003E+0	3.75661E-8
4.58752E-3	2.20949E+0	1.31574E-5	1.00002E+0	2.87522E-8
5.24288E-3	2.20949E+0	8.30802E-6	1.00003E+0	2.14997E-8
5.89824E-3	2.20949E+0	7.91483E-6	1.00003E+0	2.22789E-8
6.55360E-3	2.20949E+0	7.52164E-6	1.00010E+0	1.74876E-8
7.20896E-3	2.20949E+0	8.04589E-6	1.00005E+0	1.54732E-8
7.86432E-3	2.20949E+0	2.10212E-5	9.99971E-1	1.29834E-8
8.51968E-3	2.20949E+0	1.45991E-5	9.99967E-1	1.51342E-8
9.17504E-3	2.20949E+0	7.78377E-6	9.99967E-1	1.25313E-8
9.83040E-3	2.20949E+0	1.32884E-5	1.00002E+0	1.32711E-8
1.04858E-2	2.20949E+0	9.74972E-6	9.99940E-1	1.09705E-8
1.11411E-2	2.20949E+0	8.96334E-6	1.00001E+0	1.13622E-8
1.17965E-2	2.20949E+0	1.55165E-5	1.00009E+0	9.52568E-9
1.24518E-2	2.20949E+0	6.47313E-6	1.00000E+0	9.95071E-9
1.31072E-2	2.20949E+0	9.74972E-6	9.99897E-1	9.66355E-9
1.37626E-2	2.20949E+0	6.99739E-6	1.00014E+0	8.75882E-9
1.44179E-2	2.20949E+0	6.99739E-6	9.99895E-1	8.30194E-9
1.50733E-2	2.20949E+0	5.29356E-6	1.00010E+0	7.07060E-9
1.57286E-2	2.20949E+0	1.38127E-5	9.99933E-1	8.21447E-9
1.63840E-2	2.20949E+0	1.98416E-5	1.00003E+0	5.36241E-9
1.70394E-2	2.20949E+0	2.14144E-5	1.00003E+0	6.29661E-9
1.76947E-2	2.20949E+0	7.78377E-6	9.99952E-1	5.68380E-9
1.83501E-2	2.20949E+0	9.74972E-6	1.00006E+0	7.07536E-9
1.90054E-2	2.20949E+0	8.57015E-6	9.99881E-1	6.53195E-9
1.96608E-2	2.20949E+0	1.19778E-5	1.00007E+0	5.32913E-9
2.03162E-2	2.20949E+0	1.04050E-5	1.00005E+0	4.99348E-9
2.09715E-2	2.20949E+0	1.22399E-5	9.99940E-1	6.91609E-9
2.16269E-2	2.20949E+0	1.18467E-5	1.00009E+0	4.84372E-9
2.22822E-2	2.20949E+0	6.99739E-6	9.99957E-1	3.60573E-9
2.29376E-2	2.20949E+0	9.61866E-6	9.99946E-1	5.33103E-9
2.35930E-2	2.20949E+0	1.14535E-5	1.00005E+0	3.42316E-9
2.42483E-2	2.20949E+0	3.32761E-6	9.99910E-1	5.31297E-9
2.49037E-2	2.20949E+0	8.17696E-6	1.00010E+0	4.64262E-9
2.55590E-2	2.20949E+0	1.32884E-5	9.99902E-1	3.25486E-9
2.62144E-2	2.20949E+0	1.40748E-5	1.00005E+0	4.55324E-9
2.68698E-2	2.20949E+0	9.74972E-6	1.00005E+0	3.27293E-9
2.75251E-2	2.20949E+0	6.34207E-6	1.00002E+0	4.94974E-9
2.81805E-2	2.20949E+0	1.04050E-5	1.00002E+0	3.84867E-9
2.88358E-2	2.20949E+0	1.26331E-5	9.99908E-1	2.92635E-9
2.94912E-2	2.20949E+0	1.61718E-5	9.99973E-1	4.23376E-9
3.01466E-2	2.20949E+0	1.05361E-5	1.00011E+0	3.67989E-9
3.08019E-2	2.20949E+0	1.02740E-5	9.99925E-1	3.93662E-9
3.14573E-2	2.20949E+0	1.53855E-5	1.00002E+0	3.29860E-9
3.21126E-2	2.20949E+0	1.32884E-5	1.00010E+0	3.76689E-9
3.27680E-2	2.20949E+0	7.65270E-6	9.99891E-1	3.94518E-9
3.34234E-2	2.20949E+0	8.83228E-6	1.00006E+0	1.93367E-9
3.40787E-2	2.20949E+0	1.31574E-5	9.99897E-1	3.46500E-9
3.47341E-2	2.20949E+0	4.11399E-6	1.00001E+0	3.55391E-9
3.53894E-2	2.20949E+0	5.68675E-6	1.00005E+0	2.65155E-9
3.60448E-2	2.20949E+0	9.35653E-6	1.00007E+0	3.53822E-9
3.67002E-2	2.20949E+0	6.86632E-6	9.99908E-1	3.45121E-9
3.73555E-2	2.20949E+0	7.78377E-6	1.00007E+0	2.11670E-9
3.80109E-2	2.20949E+0	8.83228E-6	9.99904E-1	3.28672E-9
3.86662E-2	2.20949E+0	1.04050E-5	1.00001E+0	2.77041E-9
3.93216E-2	2.20949E+0	1.28952E-5	1.00001E+0	2.00165E-9
3.99770E-2	2.20949E+0	4.90037E-6	1.00007E+0	2.96486E-9
4.06323E-2	2.20949E+0	1.02740E-5	9.99948E-1	4.01887E-9
4.12877E-2	2.20949E+0	1.77446E-5	9.99986E-1	2.54458E-9
4.19430E-2	2.20949E+0	8.57015E-6	1.00007E+0	3.06897E-9
4.25984E-2	2.20949E+0	1.44680E-5	9.99978E-1	2.73523E-9
4.32538E-2	2.20949E+0	9.61866E-6	1.00000E+0	1.98501E-9
4.39091E-2	2.20949E+0	9.22547E-6	9.99971E-1	2.94489E-9
4.45645E-2	2.20949E+0	8.70121E-6	1.00002E+0	2.82461E-9
4.52198E-2	2.20949E+0	8.83228E-6	1.00002E+0	2.27074E-9
4.58752E-2	2.20949E+0	8.96334E-6	9.99929E-1	4.66306E-9
4.65306E-2	2.20949E+0	1.40748E-5	1.00004E+0	1.01658E-9
4.71859E-2	2.20949E+0	2.80335E-6	9.99980E-1	3.55486E-9
4.78413E-2	2.20949E+0	1.26331E-5	1.00000E+0	3.22634E-9
4.84966E-2	2.20949E+0	1.32884E-5	1.00002E+0	3.47546E-9
4.91520E-2	2.20949E+0	9.35653E-6	9.99976E-1	2.32066E-9
4.98074E-2	2.20949E+0	1.10604E-5	1.00002E+0	2.67770E-9
5.04627E-2	2.20949E+0	1.01429E-5	1.00002E+0	2.14333E-9
5.11181E-2	2.20949E+0	9.61866E-6	1.00003E+0	3.27578E-9
5.17734E-2	2.20949E+0	1.21089E-5	9.99929E-1	3.60715E-9
5.24288E-2	2.20949E+0	1.07982E-5	1.00003E+0	3.87577E-9
5.30842E-2	2.20949E+0	1.02740E-5	9.99990E-1	2.75757E-9
5.37395E-2	2.20949E+0	6.73526E-6	1.00008E+0	1.78724E-9
5.43949E-2	2.20949E+0	6.47313E-6	9.99969E-1	4.02885E-9
5.50502E-2	2.20949E+0	9.48759E-6	9.99919E-1	2.87738E-9
5.57056E-2	2.20949E+0	1.10604E-5	1.00003E+0	1.92368E-9
5.63610E-2	2.20949E+0	7.39058E-6	1.00002E+0	3.62617E-9
5.70163E-2	2.20949E+0	1.19778E-5	1.00004E+0	2.71574E-9
5.76717E-2	2.20949E+0	1.80067E-5	9.99935E-1	3.02856E-9
5.83270E-2	2.20949E+0	8.37401E-7	9.99973E-1	2.52699E-9
5.89824E-2	2.20949E+0	1.31574E-5	1.00001E+0	3.29623E-9
5.96378E-2	2.20949E+0	1.91863E-5	1.00006E+0	1.91845E-9
6.02931E-2	2.20949E+0	6.34207E-6	9.99984E-1	2.62350E-9
6.09485E-2	2.20949E+0	1.31574E-5	9.99967E-1	3.69843E-9
6.16038E-2	2.20949E+0	8.57015E-6	9.99944E-1	2.29737E-9
6.22592E-2	2.20949E+0	3.19654E-6	1.00010E+0	2.91494E-9
6.29146E-2	2.20949E+0	1.80067E-5	9.99986E-1	3.19306E-9
6.35699E-2	2.20949E+0	7.78377E-6	1.00003E+0	2.00641E-9
6.42253E-2	2.20949E+0	2.01037E-5	9.99942E-1	4.02552E-9
6.48806E-2	2.20949E+0	1.14535E-5	1.00007E+0	1.70024E-9
6.55360E-2	2.20949E+0	9.35653E-6	9.99904E-1	3.03902E-9
6.61914E-2	2.20949E+0	8.70121E-6	1.00003E+0	3.35328E-9
6.68467E-2	2.20949E+0	1.18467E-5	9.99976E-1	3.18593E-9
6.75021E-2	2.20949E+0	7.06338E-7	1.00007E+0	2.60829E-9
6.81574E-2	2.20949E+0	1.43369E-5	9.99912E-1	2.43571E-9
6.88128E-2	2.20949E+0	1.11914E-5	1.00001E+0	2.87786E-9
6.94682E-2	2.20949E+0	1.13225E-5	1.00001E+0	2.56931E-9
7.01235E-2	2.20949E+0	5.29356E-6	9.99999E-1	2.83317E-9
7.07789E-2	2.20949E+0	1.35506E-5	1.00006E+0	2.70242E-9
7.14342E-2	2.20949E+0	1.11914E-5	1.00002E+0	2.26551E-9
7.20896E-2	2.20949E+0	1.02740E-5	9.99931E-1	2.53888E-9
7.27450E-2	2.20949E+0	7.25951E-6	1.00001E+0	3.74075E-9
7.34003E-2	2.20949E+0	7.78377E-6	1.00001E+0	1.72924E-9
7.40557E-2	2.20949E+0	7.91483E-6	9.99967E-1	3.40320E-9
7.47110E-2	2.20949E+0	7.25951E-6	1.00007E+0	2.35774E-9
7.53664E-2	2.20949E+0	1.47301E-5	9.99874E-1	2.84505E-9
7.60218E-2	2.20949E+0	8.57015E-6	1.00006E+0	3.46072E-9
7.66771E-2	2.20949E+0	3.45867E-6	9.99986E-1	2.27312E-9
7.73325E-2	2.20949E+0	6.86632E-6	1.00003E+0	1.74683E-9
7.79878E-2	2.20949E+0	6.47313E-6	9.99929E-1	2.80416E-9
7.86432E-2	2.20949E+0	1.59097E-5	1.00014E+0	2.92112E-9
7.92986E-2	2.20949E+0	1.38127E-5	9.99965E-1	2.16995E-9
7.99539E-2	2.20949E+0	1.00118E-5	9.99965E-1	4.06498E-9
8.06093E-2	2.20949E+0	6.34207E-6	9.99961E-1	2.63254E-9
8.12646E-2	2.20949E+0	6.99739E-6	1.00010E+0	1.91893E-9
8.19200E-2	2.20949E+0	9.48759E-6	9.99904E-1	3.43885E-9
8.25754E-2	2.20949E+0	8.30802E-6	1.00006E+0	2.29404E-9
8.32307E-2	2.20949E+0	1.47301E-5	9.99942E-1	2.78420E-9
8.38861E-2	2.20949E+0	1.11914E-5	1.00004E+0	1.33939E-9
8.45414E-2	2.20949E+0	7.39058E-6	1.00003E+0	2.78325E-9
8.51968E-2	2.20949E+0	8.43908E-6	9.99973E-1	2.85313E-9
8.58522E-2	2.20949E+0	6.99739E-6	1.00005E+0	1.82812E-9
8.65075E-2	2.20949E+0	1.28952E-5	9.99978E-1	3.77593E-9
8.71629E-2	2.20949E+0	7.91483E-6	1.00000E+0	2.38532E-9
8.78182E-2	2.20949E+0	1.99727E-5	9.99973E-1	9.70938E-10
8.84736E-2	2.20949E+0	1.02740E-5	1.00004E+0	3.85342E-9
8.91290E-2	2.20949E+0	7.78377E-6	9.99933E-1	2.95773E-9
8.97843E-2	2.20949E+0	6.07994E-6	1.00008E+0	2.14666E-9
9.04397E-2	2.20949E+0	1.31574E-5	9.99891E-1	2.47755E-9
9.10950E-2	2.20949E+0	7.91483E-6	1.00011E+0	2.30925E-9
9.17504E-2	2.20949E+0	8.57015E-6	9.99897E-1	3.05138E-9
9.24058E-2	2.20949E+0	1.10604E-5	1.00009E+0	1.03987E-9
9.30611E-2	2.20949E+0	8.96334E-6	9.99914E-1	3.84106E-9
9.37165E-2	2.20949E+0	1.18467E-5	1.00008E+0	1.65745E-9
9.43718E-2	2.20949E+0	1.98416E-5	9.99948E-1	3.71793E-9
9.50272E-2	2.20949E+0	7.39058E-6	1.00006E+0	1.60515E-9
9.56826E-2	2.20949E+0	9.09440E-6	1.00001E+0	3.38466E-9
9.63379E-2	2.20949E+0	6.86632E-6	9.99929E-1	2.60401E-9
9.69933E-2	2.20949E+0	9.61866E-6	9.99963E-1	3.12175E-9
9.76486E-2	2.20949E+0	9.74972E-6	1.00005E+0	1.60040E-9
9.83040E-2	2.20949E+0	-1.91493E-6	9.99999E-1	2.30355E-9
9.89594E-2	2.20949E+0	6.99739E-6	9.99961E-1	1.68740E-9
9.96147E-2	2.20949E+0	1.39438E-5	9.04150E-1	3.91736E-7
1.00270E-1	-2.58502E-1	1.69582E-5	1.00080E+0	3.41164E-8
1.00925E-1	-2.56074E-1	9.22547E-6	1.00001E+0	2.03320E-8
1.01581E-1	-2.56074E-1	1.06672E-5	1.00003E+0	1.08283E-8
1.02236E-1	-2.56884E-1	5.16250E-6	1.00001E+0	1.24747E-8
1.02892E-1	-2.56344E-1	1.27642E-5	9.99957E-1	9.29890E-9
1.03547E-1	-2.56344E-1	1.02740E-5	1.00009E+0	9.00747E-9
1.04202E-1	-2.57153E-1	3.19654E-6	9.99952E-1	1.04147E-8
1.04858E-1	-2.55805E-1	6.86632E-6	1.00003E+0	6.03371E-9
1.05513E-1	-2.58502E-1	1.09293E-5	9.99965E-1	7.89308E-9
1.06168E-1	-2.56344E-1	8.83228E-6	9.99961E-1	4.59413E-9
1.06824E-1	-2.57153E-1	1.02740E-5	1.00014E+0	6.40358E-9
1.07479E-1	-2.55265E-1	7.91483E-6	9.99957E-1	4.83184E-9
1.08134E-1	-2.55535E-1	8.96334E-6	9.99969E-1	3.99177E-9
1.08790E-1	-2.56344E-1	1.62378E-6	1.00004E+0	3.94993E-9
1.09445E-1	-2.56074E-1	4.90037E-6	1.00005E+0	4.98445E-9
1.10100E-1	-2.56884E-1	8.57015E-6	9.99885E-1	3.87244E-9
1.10756E-1	-2.56344E-1	8.83228E-6	1.00006E+0	1.66838E-9
1.11411E-1	-2.54996E-1	8.70121E-6	9.99916E-1	2.82176E-9
1.12067E-1	-2.56614E-1	9.61866E-6	1.00015E+0	1.55618E-9
1.12722E-1	-2.56884E-1	1.44680E-5	9.99919E-1	4.53280E-9
1.13377E-1	-2.55805E-1	9.09440E-6	1.00000E+0	2.70718E-9
1.14033E-1	-2.55805E-1	7.12845E-6	9.99980E-1	4.14818E-9
1.14688E-1	-2.55805E-1	1.59097E-5	1.00001E+0	4.24374E-9
1.15343E-1	-2.55535E-1	8.96334E-6	9.99967E-1	3.00669E-9
1.15999E-1	-2.55805E-1	1.25021E-5	1.00001E+0	3.46928E-9
1.16654E-1	-2.58771E-1	1.21089E-5	1.00008E+0	2.43666E-9
1.17309E-1	-2.57423E-1	1.10604E-5	9.99897E-1	3.22729E-9
1.17965E-1	-2.54456E-1	4.76931E-6	1.00003E+0	4.33740E-9
1.18620E-1	-2.56344E-1	5.29356E-6	1.00002E+0	2.78990E-9
1.19276E-1	-2.56074E-1	9.48759E-6	9.99959E-1	2.29499E-9
1.19931E-1	-2.56074E-1	1.21089E-5	1.00005E+0	2.63206E-9
1.20586E-1	-2.56614E-1	9.09440E-6	1.00008E+0	3.19163E-9
1.21242E-1	-2.54726E-1	8.17696E-6	9.99847E-1	2.63919E-9
1.21897E-1	-2.56074E-1	1.90552E-5	1.00011E+0	1.47726E-9
1.22552E-1	-2.53917E-1	1.91863E-5	9.99906E-1	3.71460E-9
1.23208E-1	-2.55265E-1	1.35506E-5	1.00007E+0	2.66154E-9
1.23863E-1	-2.55265E-1	1.07982E-5	9.99935E-1	1.99690E-9
1.24518E-1	-2.54726E-1	8.70121E-6	1.00005E+0	1.59849E-9
1.25174E-1	-2.56074E-1	-5.84684E-6	9.99946E-1	2.01116E-9
1.25829E-1	-2.55535E-1	8.43908E-6	1.00004E+0	1.88422E-9
1.26484E-1	-2.56884E-1	9.48759E-6	1.00003E+0	3.10577E-10
1.27140E-1	-2.56614E-1	1.13225E-5	1.00001E+0	1.78438E-9
1.27795E-1	-2.55535E-1	8.43908E-6	1.00004E+0	1.05033E-9
1.28451E-1	-2.55535E-1	1.04050E-5	9.99971E-1	3.38656E-9
1.29106E-1	-2.55805E-1	7.12845E-6	9.99963E-1	2.52842E-9
1.29761E-1	-2.57153E-1	1.15846E-5	1.00011E+0	1.28377E-9
1.30417E-1	-2.55535E-1	1.14535E-5	9.99895E-1	2.20989E-9
1.31072E-1	-2.55805E-1	2.54123E-6	9.99967E-1	3.08989E-9
1.31727E-1	-2.56074E-1	1.78757E-5	1.00004E+0	1.68740E-9
1.32383E-1	-2.55265E-1	1.11914E-5	1.00002E+0	2.25886E-9
1.33038E-1	-2.56074E-1	1.44680E-5	1.00003E+0	2.19943E-9
1.33693E-1	-2.54996E-1	1.01429E-5	9.99988E-1	2.08105E-9
1.34349E-1	-2.56344E-1	8.57015E-6	1.00000E+0	3.21303E-9
1.35004E-1	-2.54996E-1	8.57015E-6	9.99946E-1	1.39121E-9
1.35660E-1	-2.55535E-1	1.72203E-5	1.00009E+0	3.00194E-9
1.36315E-1	-2.55535E-1	5.10203E-8	9.99904E-1	2.03683E-9
1.36970E-1	-2.56344E-1	8.17696E-6	1.00002E+0	3.50684E-9
1.37626E-1	-2.56884E-1	8.83228E-6	9.99969E-1	2.11956E-9
1.38281E-1	-2.57423E-1	7.25951E-6	1.00010E+0	1.83430E-9
1.38936E-1	-2.57153E-1	2.53463E-5	9.99904E-1	3.03047E-9
1.39592E-1	-2.56344E-1	9.48759E-6	1.00010E+0	9.39560E-10
1.40247E-1	-2.55265E-1	4.24505E-6	9.99910E-1	2.66629E-9
1.40902E-1	-2.56344E-1	7.65270E-6	1.00005E+0	2.45140E-9
1.41558E-1	-2.58502E-1	8.70121E-6	9.99957E-1	2.22177E-9
1.42213E-1	-2.56884E-1	9.48759E-6	9.99957E-1	2.73047E-9
1.42868E-1	-2.55805E-1	1.06672E-5	1.00006E+0	3.28814E-9
1.43524E-1	-2.54996E-1	1.15846E-5	9.99995E-1	5.00014E-9
1.44179E-1	-2.55265E-1	1.14535E-5	1.00003E+0	3.67419E-9
1.44835E-1	-2.56074E-1	1.10604E-5	9.99973E-1	3.38466E-9
1.45490E-1	-2.55805E-1	6.86632E-6	1.00007E+0	4.26276E-9
1.46145E-1	-2.55535E-1	1.15846E-5	9.99902E-1	3.97228E-9
1.46801E-1	-2.58232E-1	1.11914E-5	1.00007E+0	3.09702E-9
1.47456E-1	-2.56884E-1	1.04050E-5	9.99902E-1	5.08286E-9
1.48111E-1	-2.56344E-1	9.61866E-6	1.00011E+0	3.77022E-9
1.48767E-1	-2.56074E-1	5.42462E-6	9.99933E-1	3.52586E-9
1.49422E-1	-2.56074E-1	2.39046E-5	1.00002E+0	4.09589E-9
1.50077E-1	-2.57153E-1	1.18467E-5	1.00003E+0	2.69719E-9
1.50733E-1	-2.57153E-1	1.00118E-5	9.99906E-1	4.75482E-9
1.51388E-1	-2.55805E-1	2.37735E-5	9.99984E-1	3.92806E-9
1.52044E-1	-2.56614E-1	5.68675E-6	1.00011E+0	3.80731E-9
1.52699E-1	-2.55535E-1	5.29356E-6	9.99891E-1	3.59717E-9
1.53354E-1	-2.57153E-1	1.17157E-5	1.00006E+0	3.40034E-9
1.54010E-1	-2.55805E-1	1.25021E-5	9.99965E-1	4.41489E-9
1.54665E-1	-2.55265E-1	1.64340E-5	1.00007E+0	3.34329E-9
1.55320E-1	-2.56344E-1	1.17157E-5	1.00004E+0	3.74407E-9
1.55976E-1	-2.56074E-1	8.70121E-6	9.99963E-1	3.17690E-9
1.56631E-1	-2.56614E-1	1.45991E-5	9.99990E-1	4.87605E-9
1.57286E-1	-2.55805E-1	7.25951E-6	1.00002E+0	3.27055E-9
1.57942E-1	-2.56884E-1	1.14535E-5	9.99914E-1	3.77307E-9
1.58597E-1	-2.56074E-1	9.88078E-6	1.00007E+0	3.34757E-9
1.59252E-1	-2.56074E-1	7.65270E-6	9.99961E-1	2.87310E-9
1.59908E-1	-2.57693E-1	2.31182E-5	1.00007E+0	3.91950E-9
1.60563E-1	-2.55805E-1	1.18467E-5	9.99927E-1	3.74550E-9
1.61219E-1	-2.55805E-1	1.00118E-5	1.00003E+0	3.81634E-9
1.61874E-1	-2.56074E-1	8.96334E-6	1.00004E+0	2.61827E-9
1.62529E-1	-2.56884E-1	1.09953E-6	9.99912E-1	4.21474E-9
1.63185E-1	-2.56074E-1	1.32884E-5	1.00002E+0	3.77212E-9
1.63840E-1	-2.56074E-1	1.25021E-5	9.99997E-1	3.41175E-9
1.64495E-1	-2.57693E-1	1.45991E-5	1.00004E+0	3.51825E-9
1.65151E-1	-2.57693E-1	9.74972E-6	1.00002E+0	4.27417E-9
1.65806E-1	-2.57693E-1	5.03143E-6	9.99954E-1	3.85865E-9
1.66461E-1	-2.56344E-1	6.47313E-6	9.99940E-1	3.95754E-9
1.67117E-1	-2.55265E-1	1.02740E-5	1.00011E+0	3.10653E-9
1.67772E-1	-2.57423E-1	9.61866E-6	9.99889E-1	4.65023E-9
1.68428E-1	-2.55265E-1	6.60420E-6	1.00007E+0	3.13744E-9
1.69083E-1	-2.57423E-1	4.63824E-6	9.99925E-1	4.27512E-9
1.69738E-1	-2.55265E-1	8.30802E-6	1.00007E+0	3.89668E-9
1.70394E-1	-2.54726E-1	2.77054E-5	9.99995E-1	4.67162E-9
1.71049E-1	-2.56344E-1	1.43369E-5	1.00000E+0	3.46025E-9
1.71704E-1	-2.56614E-1	9.09440E-6	1.00000E+0	3.69748E-9
1.72360E-1	-2.56614E-1	3.72080E-6	1.00009E+0	3.87767E-9
1.73015E-1	-2.55265E-1	7.25951E-6	9.99910E-1	3.66896E-9
1.73670E-1	-2.57153E-1	7.65270E-6	1.00007E+0	4.45626E-9
1.74326E-1	-2.54996E-1	8.83228E-6	9.99919E-1	4.31553E-9
1.74981E-1	-2.55535E-1	1.61718E-5	9.99935E-1	4.16815E-9
1.75636E-1	-2.54726E-1	1.00118E-5	1.00013E+0	3.46025E-9
1.76292E-1	-2.57153E-1	7.65270E-6	9.99942E-1	3.75216E-9
1.76947E-1	-2.56884E-1	2.58705E-5	1.00003E+0	3.06232E-9
1.77603E-1	-2.55265E-1	8.17696E-6	9.99952E-1	5.21598E-9
1.78258E-1	-2.56074E-1	8.17696E-6	1.00007E+0	3.26295E-9
1.78913E-1	-2.56074E-1	6.73526E-6	1.00004E+0	3.50399E-9
1.79569E-1	-2.57153E-1	1.02740E-5	9.99908E-1	4.61315E-9
1.80224E-1	-2.57693E-1	1.27642E-5	1.00007E+0	2.96200E-9
1.80879E-1	-2.56614E-1	9.35653E-6	9.99959E-1	3.63805E-9
1.81535E-1	-2.54996E-1	8.96334E-6	9.99963E-1	4.57273E-9
1.82190E-1	-2.54187E-1	1.02740E-5	9.99995E-1	4.05690E-9
1.82845E-1	-2.53917E-1	5.68675E-6	1.00008E+0	3.90809E-9
1.83501E-1	-2.55535E-1	1.02740E-5	9.99965E-1	4.04692E-9
1.84156E-1	-2.57962E-1	8.83228E-6	9.99929E-1	2.96010E-9
1.84812E-1	-2.54726E-1	4.50718E-6	1.00011E+0	4.35261E-9
1.85467E-1	-2.53917E-1	2.54123E-6	9.99935E-1	3.15265E-9
1.86122E-1	-2.54996E-1	1.05361E-5	1.00001E+0	4.43058E-9
1.86778E-1	-2.53108E-1	9.61866E-6	9.99978E-1	3.48830E-9
1.87433E-1	-2.58232E-1	5.68675E-6	1.00002E+0	2.86882E-9
1.88088E-1	-2.55805E-1	1.06672E-5	1.00002E+0	5.04340E-9
1.88744E-1	-2.55805E-1	8.43908E-6	9.99999E-1	3.21398E-9
1.89399E-1	-2.55265E-1	8.17696E-6	9.99931E-1	3.98416E-9
1.90054E-1	-2.56614E-1	1.22399E-5	1.00008E+0	2.61685E-9
1.90710E-1	-2.56614E-1	1.23710E-5	9.99900E-1	5.20980E-9
1.91365E-1	-2.56344E-1	1.40748E-5	1.00011E+0	2.92635E-9
1.92020E-1	-2.55535E-1	1.15846E-5	9.99992E-1	3.99747E-9
1.92676E-1	-2.55535E-1	9.48759E-6	9.99938E-1	3.93567E-9
1.93331E-1	-2.55535E-1	8.83228E-6	1.00006E+0	4.08543E-9
1.93987E-1	-2.56614E-1	1.06672E-5	9.99995E-1	4.08020E-9
1.94642E-1	-2.56074E-1	1.01429E-5	1.00004E+0	4.33835E-9
1.95297E-1	-2.56074E-1	8.57015E-6	9.99900E-1	2.81890E-9
1.95953E-1	-2.55265E-1	1.40748E-5	1.00009E+0	4.83279E-9
1.96608E-1	-2.56074E-1	2.48220E-5	9.99910E-1	2.67010E-9
1.97263E-1	-2.56884E-1	2.54123E-6	1.00001E+0	4.60031E-9
1.97919E-1	-2.56344E-1	1.32884E-5	9.99984E-1	4.08257E-9
1.98574E-1	-2.55265E-1	1.63029E-5	1.00006E+0	2.92540E-9
1.99229E-1	-2.55805E-1	4.76931E-6	1.00001E+0	4.54801E-9
1.99885E-1	-2.54996E-1	8.57015E-6	1.09680E+0	-4.14113E-7
2.00540E-1	2.20949E+0	6.73526E-6	9.99821E-1	-3.91181E-8
2.01196E-1	2.20949E+0	7.65270E-6	1.00002E+0	-2.37496E-8
2.01851E-1	2.20949E+0	6.60420E-6	9.99973E-1	-1.76238E-8
2.02506E-1	2.20949E+0	7.12845E-6	9.99982E-1	-1.47370E-8
2.03162E-1	2.20949E+0	1.63029E-5	9.99900E-1	-1.03769E-8
2.03817E-1	2.20949E+0	1.07982E-5	9.99995E-1	-1.01240E-8
2.04472E-1	2.20949E+0	8.04589E-6	1.00004E+0	-7.42216E-9
2.05128E-1	2.20949E+0	9.09440E-6	9.99995E-1	-7.34134E-9
2.05783E-1	2.20949E+0	1.06672E-5	9.99973E-1	-6.80744E-9
2.06438E-1	2.20949E+0	1.05361E-5	1.00004E+0	-3.30168E-9
2.07094E-1	2.20949E+0	1.17157E-5	9.99986E-1	-5.19338E-9
2.07749E-1	2.20949E+0	2.69190E-5	1.00004E+0	-3.42196E-9
2.08404E-1	2.20949E+0	1.07982E-5	9.99952E-1	-2.65511E-9
2.09060E-1	2.20949E+0	1.06672E-5	1.00003E+0	-2.51676E-9
2.09715E-1	2.20949E+0	6.99739E-6	9.99912E-1	-9.78768E-10
2.10371E-1	2.20949E+0	7.25951E-6	1.00010E+0	-2.60946E-9
2.11026E-1	2.20949E+0	6.60420E-6	9.99849E-1	-7.79566E-10
2.11681E-1	2.20949E+0	8.57015E-6	1.00003E+0	-1.05436E-9
2.12337E-1	2.20949E+0	8.30802E-6	1.00004E+0	-2.21249E-9
2.12992E-1	2.20949E+0	8.96334E-6	9.99976E-1	-9.59091E-11
2.13647E-1	2.20949E+0	9.74972E-6	9.99984E-1	-9.68784E-10
2.14303E-1	2.20949E+0	8.57015E-6	1.00003E+0	-9.25811E-11
2.14958E-1	2.20949E+0	1.14535E-5	1.00006E+0	-1.35245E-9
2.15613E-1	2.20949E+0	1.91863E-5	9.99906E-1	-4.64652E-11
2.16269E-1	2.20949E+0	7.91483E-6	1.00012E+0	1.16206E-9
2.16924E-1	2.20949E+0	1.13225E-5	9.99990E-1	1.51786E-10
2.17580E-1	2.20949E+0	1.02740E-5	9.99967E-1	-4.11589E-10
2.18235E-1	2.20949E+0	1.55165E-5	9.99944E-1	4.34186E-10
2.18890E-1	2.20949E+0	1.30263E-5	1.00001E+0	-1.25385E-10
2.19546E-1	2.20949E+0	1.23710E-5	9.99990E-1	6.59536E-10
2.20201E-1	2.20949E+0	9.22547E-6	9.99999E-1	6.71897E-10
2.20856E-1	2.20949E+0	9.22547E-6	1.00001E+0	1.01325E-9
2.21512E-1	2.20949E+0	8.04589E-6	9.99986E-1	7.12308E-10
2.22167E-1	2.20949E+0	-3.22557E-6	9.99967E-1	1.00916E-10
2.22822E-1	2.20949E+0	8.43908E-6	1.00007E+0	7.75539E-10
2.23478E-1	2.20949E+0	7.52164E-6	1.00001E+0	1.80007E-9
2.24133E-1	2.20949E+0	8.43908E-6	1.00004E+0	1.47061E-9
2.24788E-1	2.20949E+0	1.00118E-5	9.99914E-1	2.00279E-10
2.25444E-1	2.20949E+0	1.01429E-5	1.00006E+0	6.94718E-10
2.26099E-1	2.20949E+0	9.09440E-6	9.99944E-1	1.74112E-9
2.26755E-1	2.20949E+0	1.35506E-5	1.00004E+0	6.84734E-10
2.27410E-1	2.20949E+0	1.11914E-5	1.00004E+0	3.23442E-9
2.28065E-1	2.20949E+0	1.09293E-5	1.00002E+0	9.60954E-10
2.28721E-1	2.20949E+0	8.57015E-6	9.99910E-1	2.38199E-9
2.29376E-1	2.20949E+0	6.99739E-6	1.00011E+0	1.08219E-9
2.30031E-1	2.20949E+0	1.13225E-5	9.99944E-1	1.38693E-9
2.30687E-1	2.20949E+0	5.29356E-6	1.00005E+0	3.23014E-9
2.31342E-1	2.20949E+0	8.43908E-6	9.99866E-1	1.33083E-9
2.31997E-1	2.20949E+0	7.78377E-6	1.00001E+0	2.57168E-9
2.32653E-1	2.20949E+0	8.17696E-6	1.00011E+0	2.13192E-9
2.33308E-1	2.20949E+0	9.48759E-6	1.00002E+0	1.05984E-9
2.33964E-1	2.20949E+0	8.83228E-6	9.99923E-1	3.28957E-9
2.34619E-1	2.20949E+0	5.68675E-6	9.99999E-1	7.12308E-10
2.35274E-1	2.20949E+0	1.23710E-5	9.99948E-1	2.38960E-9
2.35930E-1	2.20949E+0	1.85310E-5	9.99982E-1	2.05585E-9
2.36585E-1	2.20949E+0	2.27910E-6	1.00013E+0	2.43001E-9
2.37240E-1	2.20949E+0	2.54123E-6	9.99952E-1	1.43162E-9
2.37896E-1	2.20949E+0	1.27642E-5	1.00001E+0	2.57121E-9
2.38551E-1	2.20949E+0	1.53855E-5	9.99976E-1	3.04092E-9
2.39206E-1	2.20949E+0	8.96334E-6	1.00005E+0	9.77594E-10
2.39862E-1	2.20949E+0	8.43908E-6	9.99950E-1	2.87690E-9
2.40517E-1	2.20949E+0	8.30802E-6	1.00005E+0	1.83335E-9
2.41172E-1	2.20949E+0	4.63824E-6	9.99895E-1	3.68893E-9
2.41828E-1	2.20949E+0	7.52164E-6	1.00007E+0	1.30849E-9
2.42483E-1	2.20949E+0	1.05361E-5	9.99980E-1	4.21427E-9
2.43139E-1	2.20949E+0	8.17696E-6	1.00006E+0	1.43257E-9
2.43794E-1	2.20949E+0	8.96334E-6	9.99900E-1	2.28738E-9
2.44449E-1	2.20949E+0	1.60408E-5	1.00009E+0	2.15712E-9
2.45105E-1	2.20949E+0	2.67229E-6	1.00004E+0	3.36802E-9
2.45760E-1	2.20949E+0	1.30263E-5	9.99935E-1	1.56379E-9
2.46415E-1	2.20949E+0	9.09440E-6	9.99978E-1	3.40320E-9
2.47071E-1	2.20949E+0	4.63824E-6	1.00004E+0	9.83299E-10
2.47726E-1	2.20949E+0	1.39438E-5	1.00004E+0	3.01240E-9
2.48381E-1	2.20949E+0	7.25951E-6	9.99990E-1	2.81700E-9
2.49037E-1	2.20949E+0	1.00118E-5	9.99954E-1	1.03417E-9
2.49692E-1	2.20949E+0	2.31182E-5	9.99948E-1	4.14153E-9
2.50348E-1	2.20949E+0	-7.35361E-7	1.00015E+0	1.81719E-9
2.51003E-1	2.20949E+0	1.01429E-5	9.99881E-1	1.96219E-9
2.51658E-1	2.20949E+0	5.42462E-6	1.00007E+0	2.64490E-9
2.52314E-1	2.20949E+0	9.61866E-6	9.99927E-1	2.46947E-9
2.52969E-1	2.20949E+0	1.10604E-5	9.99982E-1	2.77659E-9
2.53624E-1	2.20949E+0	7.65270E-6	1.00006E+0	1.63986E-9
2.54280E-1	2.20949E+0	8.96334E-6	9.99948E-1	2.93681E-9
2.54935E-1	2.20949E+0	8.96334E-6	1.00002E+0	2.80512E-9
2.55590E-1	2.20949E+0	7.25951E-6	9.99995E-1	1.09122E-9
2.56246E-1	2.20949E+0	1.28952E-5	9.99963E-1	3.35898E-9
2.56901E-1	2.20949E+0	7.39058E-6	1.00008E+0	1.58661E-9
2.57556E-1	2.20949E+0	8.57015E-6	1.00003E+0	1.11309E-9
2.58212E-1	2.20949E+0	8.17696E-6	9.99980E-1	2.38960E-9
2.58867E-1	2.20949E+0	1.11914E-5	9.99902E-1	2.72144E-9
2.59523E-1	2.20949E+0	1.35506E-5	1.00000E+0	2.20608E-9
2.60178E-1	2.20949E+0	1.34195E-5	1.00001E+0	1.73019E-9
2.60833E-1	2.20949E+0	9.61866E-6	1.00007E+0	3.18926E-9
2.61489E-1	2.20949E+0	9.61866E-6	1.00006E+0	1.75871E-9
2.62144E-1	2.20949E+0	1.49923E-5	9.99908E-1	2.25410E-9
2.62799E-1	2.20949E+0	1.07982E-5	1.00006E+0	2.48326E-9
2.63455E-1	2.20949E+0	8.30802E-6	9.99891E-1	1.35365E-9
2.64110E-1	2.20949E+0	7.39058E-6	1.00007E+0	3.08561E-9
2.64765E-1	2.20949E+0	9.88078E-6	9.99948E-1	3.20257E-9
2.65421E-1	2.20949E+0	7.25951E-6	1.00005E+0	2.58072E-9
2.66076E-1	2.20949E+0	2.54773E-5	9.99906E-1	1.42734E-9
2.66732E-1	2.20949E+0	1.05361E-5	1.00013E+0	2.81367E-9
2.67387E-1	2.20949E+0	9.35653E-6	9.99959E-1	2.56740E-9
2.68042E-1	2.20949E+0	-6.04297E-7	1.00003E+0	3.20637E-9
2.68698E-1	2.20949E+0	1.45991E-5	9.99967E-1	2.57977E-9
2.69353E-1	2.20949E+0	6.86632E-6	1.00002E+0	2.54363E-9
2.70008E-1	2.20949E+0	1.47301E-5	9.99933E-1	1.23765E-9
2.70664E-1	2.20949E+0	9.35653E-6	1.00006E+0	3.80160E-9
2.71319E-1	2.20949E+0	1.17157E-5	1.00000E+0	1.77012E-9
2.71974E-1	2.20949E+0	9.35653E-6	1.00001E+0	3.08704E-9
2.72630E-1	2.20949E+0	6.07994E-6	9.99948E-1	2.45188E-9
2.73285E-1	2.20949E+0	8.57015E-6	1.00002E+0	2.69719E-9
2.73940E-1	2.20949E+0	1.09293E-5	1.00002E+0	2.88261E-9
2.74596E-1	2.20949E+0	-5.58471E-6	9.99969E-1	2.92492E-9
2.75251E-1	2.20949E+0	4.63824E-6	9.99976E-1	2.71383E-9
2.75907E-1	2.20949E+0	2.08901E-5	1.00006E+0	2.10054E-9
2.76562E-1	2.20949E+0	1.04050E-5	9.99919E-1	3.25249E-9
2.77217E-1	2.20949E+0	1.09293E-5	1.00006E+0	2.43571E-9
2.77873E-1	2.20949E+0	8.57015E-6	9.99990E-1	2.54126E-9
2.78528E-1	2.20949E+0	1.00118E-5	9.99952E-1	3.84629E-9
2.79183E-1	2.20949E+0	9.61866E-6	1.00006E+0	1.56379E-9
2.79839E-1	2.20949E+0	9.61866E-6	9.99931E-1	3.43220E-9
2.80494E-1	2.20949E+0	9.74972E-6	1.00009E+0	1.59754E-9
2.81149E-1	2.20949E+0	9.48759E-6	9.99990E-1	4.21379E-9
2.81805E-1	2.20949E+0	8.70121E-6	9.99992E-1	1.80530E-9
2.82460E-1	2.20949E+0	8.43908E-6	9.99978E-1	3.50446E-9
2.83116E-1	2.20949E+0	1.27642E-5	1.00005E+0	3.27578E-9
2.83771E-1	2.20949E+0	1.01429E-5	9.99944E-1	2.81653E-9
2.84426E-1	2.20949E+0	-4.01195E-6	1.00005E+0	1.02133E-9
2.85082E-1	2.20949E+0	1.09953E-6	9.99992E-1	3.39084E-9
2.85737E-1	2.20949E+0	9.48759E-6	9.99978E-1	2.54458E-9
2.86392E-1	2.20949E+0	1.17157E-5	1.00002E+0	2.73475E-9
2.87048E-1	2.20949E+0	3.85186E-6	1.00007E+0	3.10463E-9
2.87703E-1	2.20949E+0	1.47301E-5	9.99859E-1	3.16929E-9
2.88358E-1	2.20949E+0	9.09440E-6	1.00014E+0	2.14903E-9
2.89014E-1	2.20949E+0	8.04589E-6	9.99881E-1	2.85694E-9
2.89669E-1	2.20949E+0	1.21089E-5	1.00007E+0	2.39863E-9
2.90324E-1	2.20949E+0	9.48759E-6	9.99933E-1	2.32732E-9
2.90980E-1	2.20949E+0	1.53855E-5	1.00011E+0	2.52224E-9
2.91635E-1	2.20949E+0	9.74972E-6	9.99889E-1	3.10178E-9
2.92291E-1	2.20949E+0	7.39058E-6	1.00006E+0	2.66914E-9
2.92946E-1	2.20949E+0	2.35114E-5	9.99927E-1	2.36583E-9
2.93601E-1	2.20949E+0	1.86620E-5	1.00004E+0	2.02923E-9
2.94257E-1	2.20949E+0	1.27642E-5	1.00001E+0	1.66933E-9
2.94912E-1	2.20949E+0	-1.25961E-6	9.99971E-1	3.55533E-9
2.95567E-1	2.20949E+0	1.15846E-5	1.00003E+0	2.10054E-9
2.96223E-1	2.20949E+0	1.10604E-5	9.99921E-1	3.58291E-9
2.96878E-1	2.20949E+0	1.19778E-5	1.00008E+0	1.65982E-9
2.97533E-1	2.20949E+0	6.86632E-6	1.00002E+0	3.54012E-9
2.98189E-1	2.20949E+0	4.11399E-6	1.00002E+0	1.79960E-9
2.98844E-1	2.20949E+0	7.78377E-6	9.99965E-1	1.78438E-9
2.99500E-1	2.20949E+0	6.34207E-6	8.97471E-1	3.58376E-7
3.00155E-1	-2.57423E-1	1.17157E-5	1.00468E+0	9.06317E-8
3.00810E-1	-2.56614E-1	1.06672E-5	1.00018E+0	3.86353E-8
3.01466E-1	-2.56884E-1	8.96334E-6	9.99908E-1	2.92253E-8
3.02121E-1	-2.57153E-1	7.12845E-6	1.00010E+0	2.36652E-8
3.02776E-1	-2.57153E-1	9.22547E-6	9.99948E-1	2.17374E-8
3.03432E-1	-2.54996E-1	7.52164E-6	1.00001E+0	1.77961E-8
3.04087E-1	-2.57153E-1	1.30263E-5	1.00002E+0	1.69009E-8
3.04742E-1	-2.58232E-1	5.94888E-6	9.99982E-1	1.55930E-8
3.05398E-1	-2.56344E-1	5.68675E-6	1.00004E+0	1.35848E-8
3.06053E-1	-2.57693E-1	8.70121E-6	1.00006E+0	1.35668E-8
3.06708E-1	-2.55265E-1	1.00118E-5	9.99870E-1	1.25860E-8
3.07364E-1	-2.55805E-1	1.27642E-5	1.00010E+0	1.03833E-8
3.08019E-1	-2.56074E-1	1.17157E-5	9.99984E-1	1.22071E-8
3.08675E-1	-2.54996E-1	7.25951E-6	1.00007E+0	9.81997E-9
3.09330E-1	-2.56884E-1	1.05361E-5	9.99878E-1	1.08141E-8
3.09985E-1	-2.56074E-1	5.94888E-6	1.00005E+0	9.87892E-9
3.10641E-1	-2.56614E-1	1.19778E-5	9.99933E-1	9.31364E-9
3.11296E-1	-2.54187E-1	8.43908E-6	1.00014E+0	9.13536E-9
3.11951E-1	-2.56074E-1	7.39058E-6	9.99999E-1	9.47243E-9
3.12607E-1	-2.55535E-1	1.06672E-5	1.00000E+0	8.53633E-9
3.13262E-1	-2.54456E-1	8.43908E-6	9.99954E-1	8.23253E-9
3.13917E-1	-2.56614E-1	-1.46281E-5	1.00005E+0	8.22825E-9
3.14573E-1	-2.56614E-1	1.45991E-5	9.99952E-1	8.92665E-9
3.15228E-1	-2.57423E-1	8.30802E-6	1.00005E+0	7.52035E-9
3.15884E-1	-2.56614E-1	1.06672E-5	9.99946E-1	7.47851E-9
3.16539E-1	-2.55265E-1	8.96334E-6	9.99995E-1	6.82481E-9
3.17194E-1	-2.56344E-1	7.91483E-6	9.99946E-1	9.02506E-9
3.17850E-1	-2.57423E-1	7.52164E-6	1.00013E+0	6.98740E-9
3.18505E-1	-2.54996E-1	1.04050E-5	9.99878E-1	8.01004E-9
3.19160E-1	-2.55535E-1	8.70121E-6	9.99986E-1	6.63179E-9
3.19816E-1	-2.56074E-1	7.65270E-6	1.00008E+0	6.56190E-9
3.20471E-1	-2.56884E-1	8.96334E-6	9.99940E-1	7.89498E-9
3.21126E-1	-2.56074E-1	1.76135E-5	1.00003E+0	6.20961E-9
3.21782E-1	-2.56884E-1	7.39058E-6	1.00005E+0	6.70548E-9
3.22437E-1	-2.56884E-1	8.70121E-6	9.99942E-1	7.95203E-9
3.23092E-1	-2.56614E-1	1.05361E-5	9.99986E-1	6.50865E-9
3.23748E-1	-2.56614E-1	6.34207E-6	1.00002E+0	6.23481E-9
3.24403E-1	-2.56614E-1	1.11914E-5	1.00004E+0	5.82072E-9
3.25059E-1	-2.56884E-1	1.14535E-5	9.99980E-1	7.56076E-9
3.25714E-1	-2.56884E-1	8.70121E-6	1.00005E+0	6.97884E-9
3.26369E-1	-2.54996E-1	8.43908E-6	9.99874E-1	5.81977E-9
3.27025E-1	-2.56614E-1	4.24505E-6	1.00013E+0	6.14258E-9
3.27680E-1	-2.55265E-1	6.99739E-6	9.99883E-1	6.74161E-9
3.28335E-1	-2.56344E-1	1.14535E-5	1.00015E+0	5.81168E-9
3.28991E-1	-2.56344E-1	1.38127E-5	9.99929E-1	6.93178E-9
3.29646E-1	-2.55265E-1	9.09440E-6	1.00001E+0	6.48203E-9
3.30301E-1	-2.56884E-1	3.72080E-6	9.99997E-1	6.07935E-9
3.30957E-1	-2.56614E-1	9.88078E-6	9.99997E-1	5.23262E-9
3.31612E-1	-2.55805E-1	9.61866E-6	9.99904E-1	6.62703E-9
3.32268E-1	-2.55805E-1	1.00118E-5	1.00013E+0	6.38267E-9
3.32923E-1	-2.57153E-1	8.30802E-6	9.99921E-1	6.34321E-9
3.33578E-1	-2.57693E-1	1.35506E-5	1.00003E+0	4.27274E-9
3.34234E-1	-2.54187E-1	6.73526E-6	9.99935E-1	6.89897E-9
3.34889E-1	-2.55265E-1	1.56476E-5	1.00010E+0	5.28872E-9
3.35544E-1	-2.55805E-1	1.30263E-5	9.99946E-1	6.91561E-9
3.36200E-1	-2.55805E-1	7.25951E-6	9.99990E-1	5.89393E-9
3.36855E-1	-2.56614E-1	1.53855E-5	1.00001E+0	4.65308E-9
3.37510E-1	-2.56074E-1	1.25021E-5	1.00005E+0	6.67933E-9
3.38166E-1	-2.55265E-1	1.07982E-5	9.99965E-1	6.30565E-9
3.38821E-1	-2.56884E-1	8.43908E-6	9.99973E-1	4.72725E-9
3.39476E-1	-2.56884E-1	7.65270E-6	1.00004E+0	6.14495E-9
3.40132E-1	-2.55805E-1	8.30802E-6	9.99971E-1	5.47841E-9
3.40787E-1	-2.55265E-1	2.40356E-5	9.99978E-1	6.34273E-9
3.41443E-1	-2.55265E-1	1.04050E-5	1.00014E+0	5.42944E-9
3.42098E-1	-2.56074E-1	6.47313E-6	9.99859E-1	5.82072E-9
3.42753E-1	-2.56344E-1	9.88078E-6	1.00003E+0	5.93006E-9
3.43409E-1	-2.55535E-1	1.44680E-5	1.00001E+0	4.49334E-9
3.44064E-1	-2.55805E-1	9.88078E-6	9.99969E-1	6.60231E-9
3.44719E-1	-2.55805E-1	1.40748E-5	1.00004E+0	5.34720E-9
3.45375E-1	-2.56074E-1	7.52164E-6	9.99980E-1	5.45227E-9
3.46030E-1	-2.55265E-1	6.60420E-6	1.00006E+0	5.33864E-9
3.46685E-1	-2.56614E-1	2.46910E-5	9.99921E-1	6.77774E-9
3.47341E-1	-2.56344E-1	1.04050E-5	1.00007E+0	4.74341E-9
3.47996E-1	-2.55535E-1	7.52164E-6	9.99931E-1	5.83783E-9
3.48652E-1	-2.54996E-1	4.24505E-6	1.00007E+0	5.18698E-9
3.49307E-1	-2.56614E-1	1.13225E-5	9.99929E-1	6.82766E-9
3.49962E-1	-2.56074E-1	1.17157E-5	1.00006E+0	5.69283E-9
3.50618E-1	-2.56344E-1	1.18467E-5	9.99997E-1	5.28349E-9
3.51273E-1	-2.54187E-1	8.43908E-6	9.99946E-1	5.47128E-9
3.51928E-1	-2.55265E-1	1.14535E-5	9.99954E-1	5.06194E-9
3.52584E-1	-2.56074E-1	1.06672E-5	1.00009E+0	6.50532E-9
3.53239E-1	-2.56074E-1	7.65270E-6	9.99971E-1	4.10397E-9
3.53894E-1	-2.54456E-1	8.83228E-6	9.99978E-1	6.72069E-9
3.54550E-1	-2.55535E-1	1.01429E-5	1.00006E+0	4.99348E-9
3.55205E-1	-2.56344E-1	9.09440E-6	1.00004E+0	5.18223E-9
3.55860E-1	-2.57962E-1	1.10604E-5	9.99836E-1	5.80075E-9
3.56516E-1	-2.56074E-1	8.04589E-6	1.00014E+0	6.59375E-9
3.57171E-1	-2.55535E-1	1.36816E-5	9.99900E-1	5.15180E-9
3.57827E-1	-2.55535E-1	1.56476E-5	1.00009E+0	4.49619E-9
3.58482E-1	-2.56344E-1	1.11914E-5	9.99959E-1	5.83403E-9
3.59137E-1	-2.56344E-1	1.01429E-5	1.00004E+0	6.47062E-9
3.59793E-1	-2.56344E-1	7.25951E-6	1.00001E+0	5.04435E-9
3.60448E-1	-2.56614E-1	9.61866E-6	9.99940E-1	5.61629E-9
3.61103E-1	-2.57153E-1	2.01697E-6	1.00010E+0	4.43106E-9
3.61759E-1	-2.55805E-1	1.19778E-5	9.99935E-1	6.63844E-9
3.62414E-1	-2.55805E-1	-4.01195E-6	1.00008E+0	4.98778E-9
3.63069E-1	-2.58232E-1	1.17157E-5	9.99925E-1	5.36336E-9
3.63725E-1	-2.55805E-1	1.78757E-5	9.99976E-1	5.60678E-9
3.64380E-1	-2.57693E-1	4.90037E-6	1.00001E+0	5.18888E-9
3.65036E-1	-2.56614E-1	-7.35361E-7	1.00002E+0	6.36317E-9
3.65691E-1	-2.55535E-1	9.48759E-6	1.00003E+0	5.24213E-9
3.66346E-1	-2.57153E-1	-3.22557E-6	1.00003E+0	4.82328E-9
3.67002E-1	-2.57962E-1	6.47313E-6	9.99900E-1	5.46748E-9
3.67657E-1	-2.54726E-1	9.88078E-6	9.99982E-1	5.68903E-9
3.68312E-1	-2.56074E-1	8.17696E-6	1.00000E+0	5.16463E-9
3.68968E-1	-2.56614E-1	2.41016E-6	1.00009E+0	5.46415E-9
3.69623E-1	-2.55265E-1	1.11914E-5	9.99883E-1	5.86351E-9
3.70278E-1	-2.55805E-1	1.65650E-5	1.00004E+0	5.33389E-9
3.70934E-1	-2.56074E-1	9.09440E-6	9.99957E-1	4.93358E-9
3.71589E-1	-2.54726E-1	8.43908E-6	1.00005E+0	5.61629E-9
3.72244E-1	-2.54996E-1	1.93174E-5	1.00005E+0	4.79143E-9
3.72900E-1	-2.55805E-1	6.34207E-6	1.00007E+0	5.04768E-9
3.73555E-1	-2.57153E-1	2.44288E-5	9.99845E-1	6.13212E-9
3.74211E-1	-2.54996E-1	2.11522E-5	1.00007E+0	5.69521E-9
3.74866E-1	-2.54996E-1	1.11914E-5	9.99961E-1	4.96829E-9
3.75521E-1	-2.56074E-1	1.18467E-5	1.00006E+0	4.74341E-9
3.76177E-1	-2.56074E-1	1.62378E-6	9.99957E-1	5.08762E-9
3.76832E-1	-2.56884E-1	1.19778E-5	1.00006E+0	6.34178E-9
3.77487E-1	-2.56074E-1	7.65270E-6	9.99997E-1	4.68161E-9
3.78143E-1	-2.56614E-1	5.55569E-6	9.99952E-1	5.43230E-9
3.78798E-1	-2.56344E-1	1.14535E-5	9.99986E-1	5.64814E-9
3.79453E-1	-2.56074E-1	7.39058E-6	1.00002E+0	4.05690E-9
3.80109E-1	-2.54996E-1	6.86632E-6	1.00003E+0	6.73305E-9
3.80764E-1	-2.56074E-1	1.09953E-6	9.99950E-1	4.61552E-9
3.81420E-1	-2.54996E-1	1.09293E-5	1.00009E+0	5.01963E-9
3.82075E-1	-2.55805E-1	5.29356E-6	9.99919E-1	5.30393E-9
3.82730E-1	-2.56344E-1	1.14535E-5	1.00005E+0	4.73628E-9
3.83386E-1	-2.55265E-1	5.81781E-6	9.99946E-1	7.13859E-9
3.84041E-1	-2.58502E-1	1.02740E-5	9.99984E-1	4.55467E-9
3.84696E-1	-2.56344E-1	1.06672E-5	1.00008E+0	5.42802E-9
3.85352E-1	-2.55265E-1	1.55165E-5	9.99980E-1	4.04216E-9
3.86007E-1	-2.54996E-1	8.83228E-6	9.99967E-1	5.99852E-9
3.86662E-1	-2.56344E-1	1.14535E-5	9.99976E-1	5.39474E-9
3.87318E-1	-2.56614E-1	1.60408E-5	9.99897E-1	4.98397E-9
3.87973E-1	-2.56614E-1	1.11914E-5	1.00016E+0	5.20267E-9
3.88628E-1	-2.58502E-1	1.01429E-5	1.00003E+0	5.39474E-9
3.89284E-1	-2.55535E-1	1.75485E-6	9.99931E-1	4.83231E-9
3.89939E-1	-2.55805E-1	9.61866E-6	1.00009E+0	5.72801E-9
3.90595E-1	-2.56074E-1	-2.96344E-6	9.99952E-1	5.42564E-9
3.91250E-1	-2.56074E-1	1.44680E-5	1.00005E+0	4.74912E-9
3.91905E-1	-2.54456E-1	9.35653E-6	9.99927E-1	5.50789E-9
3.92561E-1	-2.54996E-1	8.83228E-6	1.00003E+0	5.47413E-9
3.93216E-1	-2.56884E-1	7.91483E-6	9.99929E-1	4.43914E-9
3.93871E-1	-2.56614E-1	8.83228E-6	1.00009E+0	5.18080E-9
3.94527E-1	-2.54726E-1	1.82688E-5	9.99891E-1	4.98397E-9
3.95182E-1	-2.54187E-1	1.56476E-5	1.00008E+0	5.07621E-9
3.95837E-1	-2.54996E-1	8.83228E-6	9.99885E-1	5.69283E-9
3.96493E-1	-2.56074E-1	9.48759E-6	1.00008E+0	4.20761E-9
3.97148E-1	-2.55805E-1	1.42059E-5	1.00008E+0	6.22958E-9
3.97804E-1	-2.55535E-1	1.01429E-5	1.00002E+0	4.51901E-9
3.98459E-1	-2.56074E-1	1.25021E-5	9.99872E-1	4.51141E-9
3.99114E-1	-2.57693E-1	9.35653E-6	1.00006E+0	5.53641E-9
3.99770E-1	-2.56614E-1	8.43908E-6	1.09722E+0	-4.08438E-7
