## Header ##
[General info]
User	Giorgos_Psaltakis
Device	Sample
Cell area (cm2)	1
Test	Pulsed
Date	2024-03-03
Time	03:55:32
Temperature	21.37
Note	

[Acquisition Settings]
Amplitude (V)	5.000
Frequency (Hz)	10.0
DC Offset (V)	2.500
Duty Cycle (%)	50
Phase (°)	0
Cycles	10

## Data ##
Time (s)	DC Channel Voltage (V)	DC Channel Current (A)	Pulse Channel Voltage (V)	Pulse Channel Current (A)
0.00000E+0	4.98889E+0	6.60420E-6	9.99973E-1	8.85092E-7
6.55360E-4	4.98754E+0	5.94888E-6	1.00002E+0	3.68793E-9
1.31072E-3	4.98821E+0	7.65270E-6	9.99992E-1	2.35371E-9
1.96608E-3	4.98351E+0	8.70121E-6	1.00000E+0	1.32077E-9
2.62144E-3	4.98889E+0	1.90552E-5	9.99997E-1	1.75116E-9
3.27680E-3	4.98754E+0	1.01429E-5	1.00001E+0	9.33411E-10
3.93216E-3	4.98754E+0	2.14804E-6	9.99997E-1	8.04292E-10
4.58752E-3	4.98821E+0	8.43908E-6	1.00000E+0	-1.42575E-10
5.24288E-3	4.98687E+0	-2.96344E-6	9.99997E-1	3.25754E-9
5.89824E-3	4.98754E+0	8.30802E-6	9.99999E-1	4.16937E-10
6.55360E-3	4.98687E+0	8.17696E-6	9.99997E-1	1.62204E-9
7.20896E-3	4.98754E+0	1.09293E-5	1.00001E+0	-1.95023E-9
7.86432E-3	4.98821E+0	5.68675E-6	1.00000E+0	2.39675E-9
8.51968E-3	4.98418E+0	7.91483E-6	1.00000E+0	-9.60325E-10
9.17504E-3	4.98889E+0	5.81781E-6	9.99990E-1	1.96636E-9
9.83040E-3	4.98956E+0	1.48612E-5	1.00001E+0	-1.34768E-9
1.04858E-2	4.98687E+0	1.11914E-5	9.99988E-1	1.70812E-9
1.11411E-2	4.98687E+0	7.39058E-6	1.00001E+0	-1.21856E-9
1.17965E-2	4.98754E+0	5.68675E-6	9.99999E-1	1.53596E-9
1.24518E-2	4.98351E+0	1.07982E-5	1.00000E+0	-1.00336E-9
1.31072E-2	4.98821E+0	1.13225E-5	9.99990E-1	2.35371E-9
1.37626E-2	4.98620E+0	-7.35361E-7	1.00000E+0	-1.99327E-9
1.44179E-2	4.98821E+0	1.14535E-5	1.00001E+0	2.43979E-9
1.50733E-2	4.98687E+0	1.25021E-5	1.00000E+0	-1.04640E-9
1.57286E-2	4.98553E+0	1.30263E-5	1.00000E+0	1.92332E-9
1.63840E-2	4.98821E+0	1.17157E-5	1.00000E+0	-2.85406E-9
1.70394E-2	4.98553E+0	7.91483E-6	9.99999E-1	3.30058E-9
1.76947E-2	4.98620E+0	5.55569E-6	1.00000E+0	-1.08944E-9
1.83501E-2	4.98821E+0	1.04050E-5	1.00001E+0	3.73898E-10
1.90054E-2	4.98889E+0	1.26331E-5	9.99986E-1	-9.95359E-11
1.96608E-2	4.98821E+0	8.57015E-6	1.00000E+0	1.57900E-9
2.03162E-2	4.98620E+0	1.00118E-5	1.00001E+0	-1.95023E-9
2.09715E-2	4.98553E+0	1.40748E-5	9.99986E-1	2.95626E-9
2.16269E-2	4.98687E+0	3.98293E-6	1.00000E+0	-2.50974E-9
2.22822E-2	4.98754E+0	1.13225E-5	1.00001E+0	2.35371E-9
2.29376E-2	4.98821E+0	1.23710E-5	9.99995E-1	-7.02088E-10
2.35930E-2	4.99090E+0	9.22547E-6	1.00001E+0	6.32135E-10
2.42483E-2	4.98821E+0	9.48759E-6	9.99984E-1	-4.43851E-10
2.49037E-2	4.98889E+0	1.05361E-5	1.00002E+0	-7.02088E-10
2.55590E-2	4.98351E+0	6.47313E-6	9.99995E-1	-4.00812E-10
2.62144E-2	4.98754E+0	9.88078E-6	1.00001E+0	8.90371E-10
2.68698E-2	4.98821E+0	1.04050E-5	9.99992E-1	-1.42575E-10
2.75251E-2	4.98889E+0	1.55165E-5	9.99992E-1	6.32135E-10
2.81805E-2	4.98687E+0	1.31574E-5	1.00000E+0	2.01740E-10
2.88358E-2	4.98620E+0	8.96334E-6	9.99995E-1	9.76450E-10
2.94912E-2	4.98687E+0	1.73514E-5	9.99999E-1	-1.42575E-10
3.01466E-2	4.98754E+0	3.58973E-6	1.00002E+0	-8.74246E-10
3.08019E-2	4.98687E+0	9.74972E-6	9.99990E-1	-4.00812E-10
3.14573E-2	4.98889E+0	1.11914E-5	1.00000E+0	1.66508E-9
3.21126E-2	4.98687E+0	1.01429E-5	9.99990E-1	2.01740E-10
3.27680E-2	4.98754E+0	7.12845E-6	1.00001E+0	-5.64964E-11
3.34234E-2	4.98889E+0	9.09440E-6	9.99990E-1	-9.60325E-10
3.40787E-2	4.98553E+0	1.43369E-5	1.00000E+0	1.27773E-9
3.47341E-2	4.98889E+0	1.07982E-5	9.99999E-1	-9.17285E-10
3.53894E-2	4.98620E+0	1.04050E-5	1.00001E+0	1.01949E-9
3.60448E-2	4.98754E+0	6.47313E-6	1.00000E+0	-7.02088E-10
3.67002E-2	4.98418E+0	1.30263E-5	9.99997E-1	1.40684E-9
3.73555E-2	4.98687E+0	4.90037E-6	9.99992E-1	-4.43851E-10
3.80109E-2	4.98553E+0	1.13225E-5	1.00001E+0	-1.13248E-9
3.86662E-2	4.98553E+0	7.65270E-6	9.99997E-1	1.15661E-10
3.93216E-2	4.98485E+0	1.72203E-5	1.00000E+0	8.47332E-10
3.99770E-2	4.98553E+0	9.48759E-6	9.99997E-1	-4.43851E-10
4.06323E-2	4.98821E+0	5.29356E-6	1.00001E+0	2.44780E-10
4.12877E-2	4.98956E+0	1.00118E-5	9.99990E-1	1.27773E-9
4.19430E-2	4.98889E+0	9.74972E-6	1.00001E+0	-1.82111E-9
4.25984E-2	4.98754E+0	1.30263E-5	9.99992E-1	1.58701E-10
4.32538E-2	4.98956E+0	1.15846E-5	1.00000E+0	-7.45127E-10
4.39091E-2	4.98754E+0	1.23710E-5	9.99997E-1	3.30058E-9
4.45645E-2	4.98687E+0	8.70121E-6	1.00001E+0	-2.42367E-9
4.52198E-2	4.98754E+0	9.74972E-6	9.99997E-1	1.88028E-9
4.58752E-2	4.98687E+0	8.96334E-6	1.00000E+0	-1.39072E-9
4.65306E-2	4.98351E+0	1.28952E-5	1.00000E+0	1.66508E-9
4.71859E-2	4.98687E+0	1.74825E-5	1.00000E+0	-1.90719E-9
4.78413E-2	4.98821E+0	9.61866E-6	9.99999E-1	2.35371E-9
4.84966E-2	4.98351E+0	4.44211E-7	9.99995E-1	-1.82111E-9
4.91520E-2	4.98754E+0	1.13225E-5	1.00001E+0	1.15661E-10
4.98074E-2	-1.49824E-2	1.06672E-5	1.00003E+0	-1.61636E-6
5.04627E-2	-1.69987E-2	1.02740E-5	9.99992E-1	-3.79742E-8
5.11181E-2	-1.29660E-2	1.11914E-5	1.00000E+0	-6.68457E-9
5.17734E-2	-1.43103E-2	6.73526E-6	1.00000E+0	-1.26160E-9
5.24288E-2	-1.36381E-2	9.74972E-6	1.00000E+0	-1.51984E-9
5.30842E-2	-1.49824E-2	7.12845E-6	9.99995E-1	-1.04640E-9
5.37395E-2	-1.76708E-2	6.21101E-6	9.99992E-1	-8.74246E-10
5.43949E-2	-1.22939E-2	2.20697E-5	1.00001E+0	6.75174E-10
5.50502E-2	-1.63266E-2	1.04050E-5	9.99992E-1	-2.25151E-9
5.57056E-2	-1.43103E-2	3.06548E-6	1.00001E+0	-7.45127E-10
5.63610E-2	-1.36381E-2	1.13225E-5	9.99995E-1	2.95824E-11
5.70163E-2	-1.29660E-2	9.88078E-6	9.99999E-1	-2.71694E-10
5.76717E-2	-1.49824E-2	5.55569E-6	9.99990E-1	7.61253E-10
5.83270E-2	-1.36381E-2	9.74972E-6	1.00002E+0	-1.69199E-9
5.89824E-2	-1.63266E-2	8.17696E-6	9.99984E-1	1.57900E-9
5.96378E-2	-1.36381E-2	7.39058E-6	1.00001E+0	-1.90719E-9
6.02931E-2	-1.09497E-2	4.24505E-6	9.99995E-1	2.43979E-9
6.09485E-2	-1.36381E-2	1.36816E-5	1.00000E+0	-2.33759E-9
6.16038E-2	-1.69987E-2	1.21089E-5	9.99995E-1	1.10557E-9
6.22592E-2	-1.29660E-2	-4.14301E-6	1.00001E+0	-2.71694E-10
6.29146E-2	-1.56545E-2	8.96334E-6	9.99997E-1	8.90371E-10
6.35699E-2	-1.16218E-2	6.21101E-6	1.00000E+0	-2.50974E-9
6.42253E-2	-1.16218E-2	1.07982E-5	9.99990E-1	2.43979E-9
6.48806E-2	-1.29660E-2	1.47301E-5	1.00002E+0	-1.86415E-9
6.55360E-2	-1.36381E-2	1.02740E-5	9.99990E-1	2.09548E-9
6.61914E-2	-1.16218E-2	7.78377E-6	1.00001E+0	-1.82111E-9
6.68467E-2	-1.56545E-2	1.17157E-5	1.00000E+0	6.32135E-10
6.75021E-2	-9.60547E-3	3.32761E-6	9.99999E-1	-1.85615E-10
6.81574E-2	-1.22939E-2	1.97105E-5	9.99999E-1	-1.21856E-9
6.88128E-2	-1.36381E-2	1.30263E-5	9.99999E-1	6.32135E-10
6.94682E-2	-1.36381E-2	6.21101E-6	1.00001E+0	5.46056E-10
7.01235E-2	-1.69987E-2	1.05361E-5	9.99992E-1	-1.47680E-9
7.07789E-2	-1.22939E-2	1.09293E-5	1.00001E+0	3.30858E-10
7.14342E-2	-1.22939E-2	1.66961E-5	9.99986E-1	-9.60325E-10
7.20896E-2	-1.49824E-2	7.78377E-6	1.00001E+0	3.30858E-10
7.27450E-2	-1.43103E-2	9.88078E-6	9.99992E-1	1.36380E-9
7.34003E-2	-1.16218E-2	-4.73234E-7	1.00001E+0	-1.73503E-9
7.40557E-2	-1.16218E-2	8.70121E-6	9.99986E-1	1.27773E-9
7.47110E-2	-1.22939E-2	8.04589E-6	1.00001E+0	-4.00812E-10
7.53664E-2	-1.09497E-2	6.73526E-6	9.99995E-1	-8.31206E-10
7.60218E-2	-1.69987E-2	9.09440E-6	1.00001E+0	-5.72970E-10
7.66771E-2	-1.43103E-2	6.07994E-6	1.00000E+0	2.87819E-10
7.73325E-2	-1.02776E-2	8.70121E-6	9.99999E-1	2.22459E-9
7.79878E-2	-1.56545E-2	1.00118E-5	9.99986E-1	-3.57772E-10
7.86432E-2	-1.90150E-2	6.99739E-6	1.00001E+0	-2.71694E-10
7.92986E-2	-1.49824E-2	1.36166E-6	1.00000E+0	-1.21856E-9
7.99539E-2	-1.29660E-2	4.37612E-6	1.00000E+0	8.47332E-10
8.06093E-2	-9.60547E-3	7.91483E-6	9.99997E-1	-1.34570E-11
8.12646E-2	-1.69987E-2	5.94888E-6	1.00001E+0	-1.08944E-9
8.19200E-2	-1.36381E-2	6.99739E-6	9.99992E-1	1.88028E-9
8.25754E-2	-1.02776E-2	1.69582E-5	1.00000E+0	-9.60325E-10
8.32307E-2	-1.29660E-2	8.70121E-6	9.99997E-1	9.76450E-10
8.38861E-2	-1.49824E-2	8.17696E-6	1.00001E+0	-2.25151E-9
8.45414E-2	-1.36381E-2	1.07982E-5	9.99999E-1	3.73898E-10
8.51968E-2	-1.29660E-2	7.78377E-6	1.00000E+0	-5.64964E-11
8.58522E-2	-1.56545E-2	1.42059E-5	1.00000E+0	6.32135E-10
8.65075E-2	-1.22939E-2	9.48759E-6	9.99995E-1	-1.43376E-9
8.71629E-2	-1.36381E-2	9.48759E-6	1.00000E+0	2.87819E-10
8.78182E-2	-9.60547E-3	1.31574E-5	1.00000E+0	1.10557E-9
8.84736E-2	-1.22939E-2	5.29356E-6	9.99988E-1	1.32077E-9
8.91290E-2	-1.22939E-2	1.36816E-5	1.00001E+0	-2.55278E-9
8.97843E-2	-1.36381E-2	1.09293E-5	9.99990E-1	2.78411E-9
9.04397E-2	-1.43103E-2	5.75274E-7	1.00000E+0	-1.82111E-9
9.10950E-2	-1.76708E-2	9.35653E-6	1.00001E+0	-1.08944E-9
9.17504E-2	-1.36381E-2	4.76931E-6	9.99995E-1	1.49292E-9
9.24058E-2	-1.56545E-2	5.81781E-6	9.99999E-1	1.23469E-9
9.30611E-2	-1.29660E-2	8.83228E-6	1.00000E+0	-2.42367E-9
9.37165E-2	-9.60547E-3	2.41016E-6	9.99995E-1	2.05244E-9
9.43718E-2	-1.43103E-2	1.15846E-5	1.00001E+0	-9.17285E-10
9.50272E-2	-1.49824E-2	1.35506E-5	1.00000E+0	1.27773E-9
9.56826E-2	-1.16218E-2	1.10604E-5	1.00000E+0	-1.69199E-9
9.63379E-2	-1.22939E-2	9.74972E-6	9.99986E-1	1.70812E-9
9.69933E-2	-1.49824E-2	9.48759E-6	1.00001E+0	-1.26160E-9
9.76486E-2	-1.16218E-2	1.13225E-5	1.00000E+0	2.01740E-10
9.83040E-2	-1.29660E-2	1.04050E-5	9.99997E-1	-1.56288E-9
9.89594E-2	-1.29660E-2	8.04589E-6	1.00001E+0	2.56891E-9
9.96147E-2	4.97948E+0	-2.30812E-6	9.99969E-1	1.64254E-6
1.00270E-1	4.98956E+0	1.01429E-5	1.00001E+0	1.95264E-8
1.00925E-1	4.98754E+0	9.88078E-6	9.99997E-1	-1.99327E-9
1.01581E-1	4.98687E+0	7.25951E-6	1.00001E+0	-2.94014E-9
1.02236E-1	4.98821E+0	5.81781E-6	9.99982E-1	4.59977E-10
1.02892E-1	4.98956E+0	1.15846E-5	1.00001E+0	-1.95023E-9
1.03547E-1	4.98620E+0	1.04050E-5	9.99992E-1	-2.81102E-9
1.04202E-1	4.98754E+0	7.91483E-6	1.00001E+0	-3.14733E-10
1.04858E-1	4.98821E+0	9.48759E-6	9.99997E-1	-2.07935E-9
1.05513E-1	4.98889E+0	7.65270E-6	9.99995E-1	-1.73503E-9
1.06168E-1	4.98889E+0	1.15846E-5	1.00001E+0	-7.45127E-10
1.06824E-1	4.98687E+0	1.13225E-5	1.00000E+0	-1.34570E-11
1.07479E-1	4.98889E+0	1.73514E-5	9.99992E-1	6.75174E-10
1.08134E-1	4.98754E+0	1.19778E-5	1.00001E+0	-2.25151E-9
1.08790E-1	4.98418E+0	9.88078E-6	1.00000E+0	-1.00336E-9
1.09445E-1	4.98754E+0	6.86632E-6	9.99995E-1	-1.64896E-9
1.10100E-1	4.98620E+0	1.22399E-5	9.99999E-1	5.46056E-10
1.10756E-1	4.98754E+0	8.70121E-6	1.00000E+0	-2.20847E-9
1.11411E-1	4.98620E+0	5.55569E-6	1.00000E+0	1.32077E-9
1.12067E-1	4.98553E+0	1.07982E-5	1.00000E+0	-2.55278E-9
1.12722E-1	4.98485E+0	1.34195E-5	1.00000E+0	1.06253E-9
1.13377E-1	4.98687E+0	8.70121E-6	9.99999E-1	-2.71694E-10
1.14033E-1	4.98889E+0	7.12845E-6	1.00001E+0	-1.47680E-9
1.14688E-1	4.98956E+0	2.15454E-5	9.99995E-1	1.58701E-10
1.15343E-1	4.98821E+0	1.44680E-5	1.00000E+0	-2.25151E-9
1.15999E-1	4.98553E+0	1.23710E-5	9.99995E-1	1.57900E-9
1.16654E-1	4.98553E+0	1.10604E-5	1.00001E+0	-3.28445E-9
1.17309E-1	4.98687E+0	7.91483E-6	9.99995E-1	1.92332E-9
1.17965E-1	4.98620E+0	1.02740E-5	1.00001E+0	-2.72494E-9
1.18620E-1	4.98687E+0	8.43908E-6	9.99988E-1	1.44988E-9
1.19276E-1	4.98956E+0	1.28952E-5	1.00000E+0	-2.72494E-9
1.19931E-1	4.98553E+0	1.15846E-5	1.00000E+0	1.57900E-9
1.20586E-1	4.98620E+0	1.91863E-5	9.99997E-1	-1.34768E-9
1.21242E-1	4.98754E+0	6.60420E-6	9.99999E-1	4.16937E-10
1.21897E-1	4.98553E+0	1.44680E-5	1.00000E+0	-1.73503E-9
1.22552E-1	4.98687E+0	9.68465E-7	1.00001E+0	8.47332E-10
1.23208E-1	4.98754E+0	5.94888E-6	9.99992E-1	-4.86891E-10
1.23863E-1	4.98889E+0	8.96334E-6	1.00001E+0	-2.07935E-9
1.24518E-1	4.98620E+0	9.74972E-6	9.99997E-1	-7.45127E-10
1.25174E-1	4.99023E+0	2.35114E-5	1.00000E+0	2.09548E-9
1.25829E-1	4.98687E+0	1.31574E-5	9.99992E-1	-1.82111E-9
1.26484E-1	4.98485E+0	8.83228E-6	9.99999E-1	-3.57772E-10
1.27140E-1	4.98553E+0	7.52164E-6	1.00000E+0	-6.59049E-10
1.27795E-1	4.98821E+0	7.78377E-6	1.00000E+0	9.76450E-10
1.28451E-1	4.98620E+0	8.96334E-6	9.99992E-1	-1.51984E-9
1.29106E-1	4.98821E+0	1.48612E-5	1.00001E+0	-1.42575E-10
1.29761E-1	4.98553E+0	1.14535E-5	9.99984E-1	-7.02088E-10
1.30417E-1	4.98821E+0	1.01429E-5	1.00002E+0	2.95824E-11
1.31072E-1	4.98485E+0	7.39058E-6	9.99986E-1	-4.86891E-10
1.31727E-1	4.98620E+0	7.12845E-6	1.00001E+0	-7.45127E-10
1.32383E-1	4.98485E+0	1.74825E-5	9.99999E-1	-8.74246E-10
1.33038E-1	4.98485E+0	1.07982E-5	1.00000E+0	-1.30464E-9
1.33693E-1	4.98620E+0	1.26331E-5	9.99999E-1	-4.43851E-10
1.34349E-1	4.98754E+0	1.19778E-5	9.99992E-1	6.75174E-10
1.35004E-1	4.98956E+0	2.04969E-5	1.00000E+0	-1.85615E-10
1.35660E-1	4.98754E+0	1.51233E-5	1.00001E+0	-9.95359E-11
1.36315E-1	4.98687E+0	7.78377E-6	9.99990E-1	3.73898E-10
1.36970E-1	4.98620E+0	1.11914E-5	1.00000E+0	-2.98318E-9
1.37626E-1	4.98620E+0	8.96334E-6	1.00001E+0	2.95824E-11
1.38281E-1	4.98687E+0	1.00118E-5	9.99995E-1	-3.57772E-10
1.38936E-1	4.98821E+0	1.47301E-5	9.99988E-1	8.90371E-10
1.39592E-1	4.98687E+0	4.11399E-6	1.00002E+0	-1.95023E-9
1.40247E-1	4.98754E+0	1.21089E-5	1.00000E+0	3.73898E-10
1.40902E-1	4.98687E+0	1.51233E-5	9.99992E-1	5.46056E-10
1.41558E-1	4.98687E+0	-2.17706E-6	1.00001E+0	-7.45127E-10
1.42213E-1	4.98754E+0	1.10604E-5	9.99992E-1	-5.29930E-10
1.42868E-1	4.98821E+0	7.78377E-6	9.99995E-1	1.19165E-9
1.43524E-1	4.98687E+0	6.34207E-6	1.00001E+0	-2.42367E-9
1.44179E-1	4.98821E+0	1.26331E-5	9.99999E-1	1.27773E-9
1.44835E-1	4.98485E+0	9.48759E-6	9.99992E-1	-9.17285E-10
1.45490E-1	4.98485E+0	5.55569E-6	1.00001E+0	-2.28654E-10
1.46145E-1	4.98956E+0	1.93174E-5	9.99995E-1	-4.00812E-10
1.46801E-1	4.98620E+0	8.30802E-6	1.00000E+0	-1.51984E-9
1.47456E-1	4.98418E+0	1.17157E-5	9.99999E-1	-7.02088E-10
1.48111E-1	4.98956E+0	1.49923E-5	9.99999E-1	7.18213E-10
1.48767E-1	4.98687E+0	9.74972E-6	1.00000E+0	-1.04640E-9
1.49422E-1	4.98620E+0	-2.17706E-6	1.00031E+0	-1.00090E-6
1.50077E-1	-1.49824E-2	1.14535E-5	9.99701E-1	-6.14186E-7
1.50733E-1	-1.49824E-2	7.91483E-6	1.00001E+0	-7.67448E-9
1.51388E-1	-1.29660E-2	3.06548E-6	9.99992E-1	-1.64896E-9
1.52044E-1	-1.36381E-2	9.22547E-6	1.00001E+0	-2.16543E-9
1.52699E-1	-1.22939E-2	1.17157E-5	9.99999E-1	1.57900E-9
1.53354E-1	-1.36381E-2	8.70121E-6	9.99995E-1	-1.21856E-9
1.54010E-1	-1.63266E-2	1.11914E-5	1.00000E+0	1.23469E-9
1.54665E-1	-1.29660E-2	1.07982E-5	1.00000E+0	-1.69199E-9
1.55320E-1	-1.29660E-2	1.55165E-5	9.99999E-1	2.48283E-9
1.55976E-1	-1.49824E-2	9.09440E-6	1.00000E+0	2.87819E-10
1.56631E-1	-1.43103E-2	1.77446E-5	9.99995E-1	1.96636E-9
1.57286E-1	-1.16218E-2	7.25951E-6	9.99997E-1	-8.31206E-10
1.57942E-1	-1.56545E-2	8.70121E-6	1.00001E+0	1.49292E-9
1.58597E-1	-1.02776E-2	1.34195E-5	9.99997E-1	2.87819E-10
1.59252E-1	-1.49824E-2	1.68271E-5	1.00001E+0	4.16937E-10
1.59908E-1	-1.56545E-2	1.42059E-5	9.99995E-1	9.33411E-10
1.60563E-1	-1.29660E-2	9.09440E-6	1.00000E+0	-1.34570E-11
1.61219E-1	-1.49824E-2	6.73526E-6	1.00000E+0	1.01949E-9
1.61874E-1	-1.22939E-2	9.88078E-6	9.99992E-1	-1.47680E-9
1.62529E-1	-1.29660E-2	8.04589E-6	9.99999E-1	2.61195E-9
1.63185E-1	-1.09497E-2	6.47313E-6	1.00001E+0	-8.31206E-10
1.63840E-1	-1.02776E-2	1.17157E-5	9.99992E-1	2.09548E-9
1.64495E-1	-8.93336E-3	1.04050E-5	9.99999E-1	-1.21856E-9
1.65151E-1	-1.16218E-2	3.19654E-6	9.99999E-1	1.62204E-9
1.65806E-1	-1.43103E-2	2.93442E-6	1.00001E+0	-1.99327E-9
1.66461E-1	-1.09497E-2	7.52164E-6	1.00001E+0	2.61195E-9
1.67117E-1	-1.43103E-2	5.81781E-6	9.99980E-1	-4.00812E-10
1.67772E-1	-1.36381E-2	9.88078E-6	1.00002E+0	-7.45127E-10
1.68428E-1	-1.43103E-2	1.40748E-5	9.99995E-1	5.46056E-10
1.69083E-1	-1.16218E-2	4.76931E-6	1.00000E+0	8.04292E-10
1.69738E-1	-1.22939E-2	1.05361E-5	9.99988E-1	-5.64964E-11
1.70394E-1	-1.63266E-2	1.27642E-5	1.00001E+0	5.46056E-10
1.71049E-1	-8.93336E-3	1.18467E-5	9.99997E-1	-1.04640E-9
1.71704E-1	-1.16218E-2	1.27642E-5	1.00000E+0	4.59977E-10
1.72360E-1	-1.29660E-2	1.28952E-5	9.99992E-1	1.58701E-10
1.73015E-1	-9.60547E-3	1.04050E-5	1.00001E+0	-5.64964E-11
1.73670E-1	-1.36381E-2	9.09440E-6	9.99995E-1	1.92332E-9
1.74326E-1	-1.22939E-2	1.25021E-5	1.00000E+0	-1.08944E-9
1.74981E-1	-1.76708E-2	1.26331E-5	9.99988E-1	2.18155E-9
1.75636E-1	-1.43103E-2	1.07982E-5	1.00001E+0	-2.07935E-9
1.76292E-1	-1.36381E-2	7.25951E-6	1.00001E+0	9.76450E-10
1.76947E-1	-9.60547E-3	3.72080E-6	9.99999E-1	5.46056E-10
1.77603E-1	-1.49824E-2	7.91483E-6	1.00000E+0	-4.00812E-10
1.78258E-1	-1.49824E-2	1.65650E-5	9.99992E-1	-8.31206E-10
1.78913E-1	-1.22939E-2	-2.17706E-6	1.00000E+0	2.87819E-10
1.79569E-1	-1.43103E-2	1.21089E-5	1.00000E+0	2.95824E-11
1.80224E-1	-1.29660E-2	1.39438E-5	9.99986E-1	2.26763E-9
1.80879E-1	-1.36381E-2	-8.00432E-8	1.00001E+0	-2.07935E-9
1.81535E-1	-9.60547E-3	1.07982E-5	9.99984E-1	2.26763E-9
1.82190E-1	-1.29660E-2	1.35506E-5	1.00002E+0	-2.46670E-9
1.82845E-1	-1.56545E-2	6.86632E-6	9.99984E-1	2.35371E-9
1.83501E-1	-1.09497E-2	6.60420E-6	1.00001E+0	-1.69199E-9
1.84156E-1	-1.43103E-2	1.21089E-5	9.99997E-1	1.27773E-9
1.84812E-1	-1.29660E-2	-3.61876E-6	1.00000E+0	-1.04640E-9
1.85467E-1	-1.16218E-2	1.55165E-5	9.99999E-1	2.48283E-9
1.86122E-1	-1.29660E-2	1.13225E-5	1.00000E+0	-2.12239E-9
1.86778E-1	-1.36381E-2	1.25021E-5	9.99997E-1	1.19165E-9
1.87433E-1	-1.09497E-2	1.09953E-6	9.99999E-1	-2.28654E-10
1.88088E-1	-1.36381E-2	1.35506E-5	9.99999E-1	1.10557E-9
1.88744E-1	-1.29660E-2	1.32884E-5	1.00001E+0	-1.69199E-9
1.89399E-1	-1.56545E-2	-1.78387E-6	1.00000E+0	2.44780E-10
1.90054E-1	-1.29660E-2	1.04050E-5	9.99999E-1	-2.28654E-10
1.90710E-1	-1.56545E-2	7.25951E-6	9.99997E-1	2.99930E-9
1.91365E-1	-1.02776E-2	-8.66424E-7	1.00000E+0	-2.55278E-9
1.92020E-1	-1.36381E-2	8.96334E-6	1.00000E+0	1.75116E-9
1.92676E-1	-1.56545E-2	1.15846E-5	9.99997E-1	-1.90719E-9
1.93331E-1	-1.43103E-2	7.52164E-6	1.00001E+0	7.61253E-10
1.93987E-1	-1.56545E-2	1.18467E-5	1.00001E+0	-7.02088E-10
1.94642E-1	-1.43103E-2	9.74972E-6	9.99988E-1	2.87819E-10
1.95297E-1	-1.29660E-2	2.14804E-6	1.00001E+0	1.75116E-9
1.95953E-1	-1.36381E-2	2.01037E-5	9.99995E-1	-1.34768E-9
1.96608E-1	-1.29660E-2	8.83228E-6	1.00000E+0	1.06253E-9
1.97263E-1	-1.29660E-2	1.40748E-5	9.99999E-1	1.14861E-9
1.97919E-1	-1.36381E-2	9.48759E-6	9.99999E-1	-9.17285E-10
1.98574E-1	-1.56545E-2	1.10604E-5	1.00000E+0	-1.21856E-9
1.99229E-1	-1.22939E-2	1.21089E-5	9.99999E-1	1.23469E-9
1.99885E-1	4.99023E+0	7.52164E-6	9.99986E-1	1.65158E-6
2.00540E-1	4.98821E+0	9.22547E-6	9.99995E-1	1.75116E-9
2.01196E-1	4.98620E+0	5.81781E-6	9.99992E-1	3.21450E-9
2.01851E-1	4.98687E+0	1.56476E-5	1.00001E+0	-8.31206E-10
2.02506E-1	4.98687E+0	1.11914E-5	1.00001E+0	1.70812E-9
2.03162E-1	4.98956E+0	8.43908E-6	9.99997E-1	-1.00336E-9
2.03817E-1	4.98485E+0	8.96334E-6	9.99995E-1	1.01949E-9
2.04472E-1	4.98889E+0	2.27910E-6	9.99999E-1	-1.77807E-9
2.05128E-1	4.98956E+0	8.43908E-6	9.99995E-1	2.95626E-9
2.05783E-1	4.98754E+0	7.78377E-6	1.00001E+0	-1.21856E-9
2.06438E-1	4.98687E+0	9.74972E-6	1.00000E+0	7.26219E-11
2.07094E-1	4.99023E+0	1.06672E-5	9.99997E-1	-7.45127E-10
2.07749E-1	4.99225E+0	2.58705E-5	1.00000E+0	2.01740E-10
2.08404E-1	4.98553E+0	1.06672E-5	1.00000E+0	1.57900E-9
2.09060E-1	4.98821E+0	1.02740E-5	9.99997E-1	-2.42367E-9
2.09715E-1	4.98821E+0	1.49923E-5	1.00001E+0	2.01740E-10
2.10371E-1	4.98821E+0	1.13225E-5	1.00001E+0	2.35371E-9
2.11026E-1	4.98821E+0	1.75485E-6	9.99992E-1	-3.57772E-10
2.11681E-1	4.98754E+0	9.88078E-6	9.99992E-1	-1.60592E-9
2.12337E-1	4.98754E+0	1.01429E-5	1.00001E+0	2.05244E-9
2.12992E-1	4.98889E+0	9.35653E-6	1.00001E+0	-2.72494E-9
2.13647E-1	4.98687E+0	9.61866E-6	9.99990E-1	1.27773E-9
2.14303E-1	4.98754E+0	8.17696E-6	9.99999E-1	-1.43376E-9
2.14958E-1	4.98620E+0	1.74825E-5	9.99997E-1	2.43979E-9
2.15613E-1	4.98687E+0	8.96334E-6	1.00001E+0	-1.30464E-9
2.16269E-1	4.99023E+0	1.10604E-5	9.99997E-1	1.75116E-9
2.16924E-1	4.98821E+0	8.17696E-6	1.00001E+0	-1.69199E-9
2.17580E-1	4.98553E+0	1.00118E-5	9.99995E-1	1.75116E-9
2.18235E-1	4.98553E+0	7.91483E-6	9.99992E-1	-1.60592E-9
2.18890E-1	4.98821E+0	6.34207E-6	1.00000E+0	2.05244E-9
2.19546E-1	4.98821E+0	9.35653E-6	1.00001E+0	-2.63886E-9
2.20201E-1	4.98620E+0	2.18076E-5	9.99992E-1	2.74107E-9
2.20856E-1	4.98821E+0	1.23710E-5	1.00000E+0	-2.12239E-9
2.21512E-1	4.98889E+0	1.23710E-5	1.00000E+0	1.01949E-9
2.22167E-1	4.98553E+0	9.88078E-6	9.99997E-1	-1.99327E-9
2.22822E-1	4.98754E+0	1.00118E-5	1.00001E+0	2.52587E-9
2.23478E-1	4.98687E+0	1.11914E-5	1.00001E+0	-1.77807E-9
2.24133E-1	4.98821E+0	2.37735E-5	1.00001E+0	8.90371E-10
2.24788E-1	4.98821E+0	8.17696E-6	9.99995E-1	-1.77807E-9
2.25444E-1	4.98754E+0	9.48759E-6	1.00000E+0	2.87819E-10
2.26099E-1	4.98956E+0	8.83228E-6	9.99992E-1	2.95824E-11
2.26755E-1	4.98821E+0	1.30263E-5	9.99997E-1	1.62204E-9
2.27410E-1	4.98754E+0	1.11914E-5	1.00001E+0	-1.30464E-9
2.28065E-1	4.98620E+0	1.09293E-5	9.99997E-1	1.14861E-9
2.28721E-1	4.99158E+0	8.30802E-6	1.00000E+0	-2.71694E-10
2.29376E-1	4.98418E+0	2.41016E-6	1.00001E+0	1.58701E-10
2.30031E-1	4.98351E+0	1.80067E-5	1.00001E+0	-8.74246E-10
2.30687E-1	4.98821E+0	1.14535E-5	9.99986E-1	1.92332E-9
2.31342E-1	4.98821E+0	1.11914E-5	1.00001E+0	-1.34768E-9
2.31997E-1	4.98687E+0	1.80067E-5	1.00001E+0	-5.64964E-11
2.32653E-1	4.98687E+0	1.13225E-5	9.99997E-1	-2.71694E-10
2.33308E-1	4.98754E+0	7.78377E-6	1.00000E+0	-1.42575E-10
2.33964E-1	4.98889E+0	8.96334E-6	9.99990E-1	2.44780E-10
2.34619E-1	4.98553E+0	1.89242E-5	1.00001E+0	-6.59049E-10
2.35274E-1	4.98620E+0	6.99739E-6	9.99997E-1	5.89095E-10
2.35930E-1	4.98620E+0	-4.27408E-6	9.99997E-1	-5.64964E-11
2.36585E-1	4.98821E+0	1.42059E-5	9.99995E-1	2.01740E-10
2.37240E-1	4.98687E+0	8.30802E-6	1.00000E+0	-5.72970E-10
2.37896E-1	4.98889E+0	2.54123E-6	9.99997E-1	2.39675E-9
2.38551E-1	4.98620E+0	2.22008E-5	1.00001E+0	-2.12239E-9
2.39206E-1	4.98889E+0	9.88078E-6	9.99988E-1	1.75116E-9
2.39862E-1	4.98687E+0	9.35653E-6	1.00001E+0	-2.33759E-9
2.40517E-1	4.98485E+0	8.30802E-6	1.00000E+0	5.46056E-10
2.41172E-1	4.98553E+0	8.30802E-6	9.99992E-1	7.26219E-11
2.41828E-1	4.98821E+0	1.13225E-5	1.00000E+0	8.47332E-10
2.42483E-1	4.98418E+0	1.39438E-5	9.99997E-1	-8.31206E-10
2.43139E-1	4.98620E+0	8.30802E-6	1.00001E+0	5.03016E-10
2.43794E-1	4.98687E+0	1.10604E-5	9.99997E-1	2.44780E-10
2.44449E-1	4.98553E+0	6.07994E-6	9.99999E-1	-3.14733E-10
2.45105E-1	4.98754E+0	8.30802E-6	9.99990E-1	5.46056E-10
2.45760E-1	4.98956E+0	1.02740E-5	1.00001E+0	-1.56288E-9
2.46415E-1	4.98553E+0	-4.79833E-6	9.99995E-1	3.73898E-10
2.47071E-1	4.98620E+0	4.50718E-6	1.00001E+0	-4.00812E-10
2.47726E-1	4.98754E+0	9.22547E-6	9.99992E-1	2.22459E-9
2.48381E-1	4.98553E+0	9.48759E-6	1.00001E+0	-2.20847E-9
2.49037E-1	4.98889E+0	5.75274E-7	9.99990E-1	2.22459E-9
2.49692E-1	-1.02776E-2	1.05361E-5	1.00005E+0	-1.58287E-6
2.50348E-1	-1.69987E-2	1.00118E-5	9.99976E-1	-7.37830E-8
2.51003E-1	-1.56545E-2	8.17696E-6	9.99990E-1	-6.72761E-9
2.51658E-1	-1.16218E-2	9.22547E-6	1.00001E+0	-2.16543E-9
2.52314E-1	-1.36381E-2	6.47313E-6	9.99997E-1	-2.50974E-9
2.52969E-1	-1.56545E-2	8.83228E-6	9.99999E-1	-1.13248E-9
2.53624E-1	-1.22939E-2	1.23710E-5	1.00000E+0	-2.12239E-9
2.54280E-1	-1.36381E-2	1.25021E-5	1.00001E+0	-7.45127E-10
2.54935E-1	-1.22939E-2	1.27642E-5	9.99990E-1	4.16937E-10
2.55590E-1	-1.22939E-2	9.61866E-6	1.00001E+0	-1.34768E-9
2.56246E-1	-1.49824E-2	5.68675E-6	9.99995E-1	-9.60325E-10
2.56901E-1	-1.76708E-2	9.35653E-6	1.00001E+0	-5.72970E-10
2.57556E-1	-1.29660E-2	-5.32258E-6	9.99988E-1	1.32077E-9
2.58212E-1	-1.22939E-2	6.73526E-6	1.00002E+0	-3.32749E-9
2.58867E-1	-1.29660E-2	6.21101E-6	9.99990E-1	1.57900E-9
2.59523E-1	-1.29660E-2	6.07994E-6	1.00000E+0	-2.20847E-9
2.60178E-1	-1.36381E-2	1.15846E-5	1.00001E+0	5.46056E-10
2.60833E-1	-1.56545E-2	8.17696E-6	9.99995E-1	-6.16009E-10
2.61489E-1	-1.22939E-2	7.65270E-6	9.99999E-1	2.87819E-10
2.62144E-1	-9.60547E-3	1.77446E-5	1.00000E+0	4.59977E-10
2.62799E-1	-1.63266E-2	7.78377E-6	1.00000E+0	-1.34570E-11
2.63455E-1	-1.22939E-2	1.09293E-5	9.99997E-1	-7.45127E-10
2.64110E-1	-1.16218E-2	6.60420E-6	9.99997E-1	1.66508E-9
2.64765E-1	-1.16218E-2	1.97105E-5	1.00000E+0	-1.34768E-9
2.65421E-1	-1.63266E-2	1.85310E-5	1.00001E+0	-9.95359E-11
2.66076E-1	-1.29660E-2	2.42978E-5	9.99995E-1	-1.34570E-11
2.66732E-1	-1.22939E-2	6.73526E-6	1.00000E+0	-5.72970E-10
2.67387E-1	-1.43103E-2	1.25021E-5	9.99988E-1	1.23469E-9
2.68042E-1	-1.16218E-2	2.08901E-5	1.00001E+0	-1.34768E-9
2.68698E-1	-1.36381E-2	8.30802E-6	9.99984E-1	3.30858E-10
2.69353E-1	-1.29660E-2	8.30802E-6	9.99999E-1	1.10557E-9
2.70008E-1	-1.16218E-2	1.77446E-5	1.00001E+0	-2.81102E-9
2.70664E-1	-1.49824E-2	6.34207E-6	9.99999E-1	6.32135E-10
2.71319E-1	-1.36381E-2	5.94888E-6	9.99988E-1	7.61253E-10
2.71974E-1	-1.43103E-2	1.32884E-5	1.00001E+0	5.03016E-10
2.72630E-1	-1.36381E-2	2.08901E-5	9.99990E-1	-7.45127E-10
2.73285E-1	-1.56545E-2	1.01429E-5	1.00002E+0	5.46056E-10
2.73940E-1	-1.43103E-2	1.34195E-5	9.99999E-1	-1.56288E-9
2.74596E-1	-1.36381E-2	8.96334E-6	1.00000E+0	-1.08944E-9
2.75251E-1	-1.29660E-2	8.17696E-6	9.99992E-1	6.32135E-10
2.75907E-1	-1.43103E-2	6.07994E-6	1.00001E+0	-1.13248E-9
2.76562E-1	-1.36381E-2	4.76931E-6	9.99984E-1	1.19165E-9
2.77217E-1	-1.29660E-2	6.07994E-6	1.00001E+0	-1.21856E-9
2.77873E-1	-1.43103E-2	1.94484E-5	1.00000E+0	2.44780E-10
2.78528E-1	-1.02776E-2	1.95795E-5	9.99997E-1	1.01949E-9
2.79183E-1	-1.43103E-2	7.39058E-6	9.99995E-1	9.33411E-10
2.79839E-1	-1.49824E-2	1.73514E-5	1.00002E+0	-2.76798E-9
2.80494E-1	-1.56545E-2	1.05361E-5	9.99990E-1	2.09548E-9
2.81149E-1	-1.63266E-2	1.23710E-5	1.00000E+0	-2.68190E-9
2.81805E-1	-1.22939E-2	1.30263E-5	1.00000E+0	4.59977E-10
2.82460E-1	-1.22939E-2	8.17696E-6	9.99995E-1	-1.85615E-10
2.83116E-1	-1.43103E-2	9.88078E-6	1.00001E+0	2.05244E-9
2.83771E-1	-1.63266E-2	1.15846E-5	9.99995E-1	-2.20847E-9
2.84426E-1	-1.22939E-2	9.48759E-6	1.00001E+0	4.59977E-10
2.85082E-1	-1.56545E-2	6.47313E-6	9.99997E-1	-7.88167E-10
2.85737E-1	-1.22939E-2	1.73514E-5	9.99999E-1	-2.71694E-10
2.86392E-1	-1.43103E-2	9.61866E-6	1.00000E+0	9.76450E-10
2.87048E-1	-1.36381E-2	1.11914E-5	9.99999E-1	-1.21856E-9
2.87703E-1	-1.36381E-2	8.43908E-6	9.99997E-1	1.10557E-9
2.88358E-1	-1.43103E-2	9.48759E-6	1.00001E+0	4.16937E-10
2.89014E-1	-1.49824E-2	7.25951E-6	9.99999E-1	-1.99327E-9
2.89669E-1	-1.22939E-2	7.78377E-6	1.00001E+0	6.75174E-10
2.90324E-1	-1.22939E-2	7.78377E-6	9.99988E-1	-4.86891E-10
2.90980E-1	-1.49824E-2	1.49272E-6	1.00001E+0	1.58701E-10
2.91635E-1	-1.36381E-2	5.94888E-6	9.99984E-1	8.47332E-10
2.92291E-1	-1.49824E-2	1.07982E-5	1.00001E+0	-3.57772E-10
2.92946E-1	-1.29660E-2	-8.66424E-7	9.99999E-1	-3.57772E-10
2.93601E-1	-1.49824E-2	9.35653E-6	1.00001E+0	-1.21856E-9
2.94257E-1	-1.49824E-2	1.48612E-5	9.99992E-1	5.03016E-10
2.94912E-1	-1.36381E-2	1.14535E-5	9.99995E-1	-4.43851E-10
2.95567E-1	-1.36381E-2	2.01697E-6	9.99999E-1	1.19165E-9
2.96223E-1	-1.36381E-2	1.13225E-5	9.99997E-1	-1.64896E-9
2.96878E-1	-1.29660E-2	9.22547E-6	1.00000E+0	5.46056E-10
2.97533E-1	-1.63266E-2	6.86632E-6	1.00000E+0	-4.86891E-10
2.98189E-1	-1.43103E-2	1.25021E-5	9.99992E-1	2.43979E-9
2.98844E-1	-1.43103E-2	1.06672E-5	1.00000E+0	-2.85406E-9
2.99500E-1	-1.56545E-2	1.02740E-5	9.99853E-1	1.31260E-6
3.00155E-1	4.98687E+0	1.10604E-5	1.00012E+0	3.33155E-7
3.00810E-1	4.98754E+0	8.57015E-6	9.99999E-1	1.04882E-8
3.01466E-1	4.98687E+0	8.30802E-6	9.99997E-1	3.81705E-9
3.02121E-1	4.98687E+0	8.83228E-6	1.00000E+0	4.59176E-9
3.02776E-1	4.98956E+0	8.57015E-6	9.99992E-1	2.95824E-11
3.03432E-1	4.98956E+0	1.06672E-5	1.00001E+0	1.66508E-9
3.04087E-1	4.98620E+0	1.09293E-5	9.99999E-1	4.59977E-10
3.04742E-1	4.98821E+0	8.96334E-6	1.00000E+0	1.83724E-9
3.05398E-1	4.98687E+0	2.96714E-5	1.00001E+0	-1.60592E-9
3.06053E-1	4.98889E+0	6.34207E-6	9.99992E-1	1.66508E-9
3.06708E-1	4.98889E+0	1.89242E-5	9.99999E-1	-8.31206E-10
3.07364E-1	4.98553E+0	1.00118E-5	1.00001E+0	1.06253E-9
3.08019E-1	4.98485E+0	6.34207E-6	9.99997E-1	1.58701E-10
3.08675E-1	4.98754E+0	1.06672E-5	1.00001E+0	-1.85615E-10
3.09330E-1	4.98754E+0	3.72080E-6	9.99984E-1	1.75116E-9
3.09985E-1	4.98620E+0	1.07982E-5	1.00001E+0	-1.77807E-9
3.10641E-1	4.98956E+0	1.06672E-5	9.99999E-1	1.40684E-9
3.11296E-1	4.98889E+0	9.61866E-6	9.99990E-1	-7.88167E-10
3.11951E-1	4.98754E+0	1.11914E-5	1.00000E+0	2.43979E-9
3.12607E-1	4.98821E+0	8.70121E-6	1.00002E+0	-1.60592E-9
3.13262E-1	4.98620E+0	5.16250E-6	9.99982E-1	1.79420E-9
3.13917E-1	4.99158E+0	1.44680E-5	1.00001E+0	-1.56288E-9
3.14573E-1	4.98553E+0	6.73526E-6	1.00001E+0	2.09548E-9
3.15228E-1	4.98687E+0	1.31574E-5	9.99997E-1	-1.69199E-9
3.15884E-1	4.98687E+0	9.61866E-6	1.00000E+0	1.27773E-9
3.16539E-1	4.98821E+0	6.47313E-6	9.99997E-1	-1.73503E-9
3.17194E-1	4.98687E+0	2.60016E-5	1.00001E+0	8.04292E-10
3.17850E-1	4.99090E+0	3.58973E-6	1.00000E+0	-1.26160E-9
3.18505E-1	4.98553E+0	9.22547E-6	1.00000E+0	1.15661E-10
3.19160E-1	4.98821E+0	1.28952E-5	9.99992E-1	2.09548E-9
3.19816E-1	4.99090E+0	8.96334E-6	1.00000E+0	-2.72494E-9
3.20471E-1	4.98485E+0	8.43908E-6	9.99997E-1	2.31067E-9
3.21126E-1	4.98485E+0	1.40748E-5	1.00000E+0	-2.03631E-9
3.21782E-1	4.98754E+0	1.72203E-5	9.99995E-1	4.16937E-10
3.22437E-1	4.99090E+0	6.21101E-6	1.00001E+0	2.87819E-10
3.23092E-1	4.98956E+0	1.10604E-5	9.99988E-1	1.66508E-9
3.23748E-1	4.98754E+0	1.19778E-5	1.00001E+0	-2.07935E-9
3.24403E-1	4.98754E+0	7.52164E-6	9.99997E-1	1.32077E-9
3.25059E-1	4.98754E+0	8.30802E-6	9.99995E-1	-4.86891E-10
3.25714E-1	4.98821E+0	9.35653E-6	1.00000E+0	9.33411E-10
3.26369E-1	4.98284E+0	9.74972E-6	1.00001E+0	-2.07935E-9
3.27025E-1	4.98889E+0	1.52544E-5	9.99992E-1	1.49292E-9
3.27680E-1	4.98620E+0	1.09293E-5	1.00001E+0	-1.99327E-9
3.28335E-1	4.99023E+0	1.11914E-5	9.99992E-1	3.17146E-9
3.28991E-1	4.98821E+0	1.21089E-5	1.00001E+0	-2.76798E-9
3.29646E-1	4.98553E+0	7.25951E-6	9.99992E-1	2.09548E-9
3.30301E-1	4.98821E+0	9.22547E-6	1.00000E+0	-2.20847E-9
3.30957E-1	4.99090E+0	4.63824E-6	1.00000E+0	1.96636E-9
3.31612E-1	4.98956E+0	-1.39068E-6	9.99999E-1	-3.57772E-10
3.32268E-1	4.98956E+0	1.21089E-5	9.99999E-1	-1.13248E-9
3.32923E-1	4.98821E+0	1.30263E-5	1.00001E+0	-8.74246E-10
3.33578E-1	4.98284E+0	1.43369E-5	9.99999E-1	1.92332E-9
3.34234E-1	4.98620E+0	1.14535E-5	9.99990E-1	-1.17552E-9
3.34889E-1	4.98821E+0	1.73514E-5	1.00001E+0	5.46056E-10
3.35544E-1	4.98754E+0	1.00118E-5	9.99986E-1	7.26219E-11
3.36200E-1	4.98687E+0	6.47313E-6	1.00002E+0	-1.73503E-9
3.36855E-1	4.98754E+0	9.61866E-6	9.99990E-1	8.90371E-10
3.37510E-1	4.98687E+0	3.45867E-6	1.00000E+0	3.73898E-10
3.38166E-1	4.99090E+0	2.27910E-6	9.99997E-1	-6.16009E-10
3.38821E-1	4.98754E+0	8.30802E-6	1.00000E+0	-9.17285E-10
3.39476E-1	4.98485E+0	8.83228E-6	1.00000E+0	1.27773E-9
3.40132E-1	4.98889E+0	1.22399E-5	1.00001E+0	-1.17552E-9
3.40787E-1	4.98351E+0	9.09440E-6	9.99988E-1	9.33411E-10
3.41443E-1	4.98553E+0	9.74972E-6	1.00001E+0	-2.12239E-9
3.42098E-1	4.98620E+0	8.70121E-6	9.99982E-1	3.08538E-9
3.42753E-1	4.98754E+0	1.05361E-5	1.00001E+0	-2.59582E-9
3.43409E-1	4.98687E+0	1.14535E-5	9.99988E-1	2.26763E-9
3.44064E-1	4.98553E+0	9.48759E-6	1.00000E+0	-1.04640E-9
3.44719E-1	4.98620E+0	7.39058E-6	1.00001E+0	5.46056E-10
3.45375E-1	4.98553E+0	1.23710E-5	1.00000E+0	-1.77807E-9
3.46030E-1	4.98687E+0	1.25021E-5	1.00000E+0	2.00940E-9
3.46685E-1	4.98553E+0	1.17157E-5	9.99990E-1	-1.90719E-9
3.47341E-1	4.98553E+0	1.05361E-5	1.00001E+0	1.62204E-9
3.47996E-1	4.98754E+0	8.96334E-6	9.99997E-1	-1.21856E-9
3.48652E-1	4.98485E+0	9.74972E-6	9.99999E-1	1.19165E-9
3.49307E-1	4.98553E+0	1.44680E-5	1.00025E+0	1.57382E-7
3.49962E-1	-1.09497E-2	1.18467E-5	9.99779E-1	-1.72482E-6
3.50618E-1	-1.16218E-2	9.09440E-6	9.99997E-1	-5.77724E-8
3.51273E-1	-1.36381E-2	8.96334E-6	9.99999E-1	-2.03281E-8
3.51928E-1	-1.36381E-2	8.57015E-6	9.99999E-1	-7.63144E-9
3.52584E-1	-1.43103E-2	6.86632E-6	1.00000E+0	-5.04907E-9
3.53239E-1	-1.56545E-2	1.70893E-5	1.00000E+0	-2.55278E-9
3.53894E-1	-1.29660E-2	6.07994E-6	9.99997E-1	-2.38063E-9
3.54550E-1	-1.22939E-2	1.42059E-5	9.99995E-1	-1.26160E-9
3.55205E-1	-1.36381E-2	1.21089E-5	1.00001E+0	-2.81102E-9
3.55860E-1	-1.56545E-2	1.05361E-5	9.99988E-1	-9.95359E-11
3.56516E-1	-1.22939E-2	1.05361E-5	1.00001E+0	-3.57772E-10
3.57171E-1	-1.63266E-2	1.09293E-5	1.00001E+0	-3.11230E-9
3.57827E-1	-1.29660E-2	6.47313E-6	9.99995E-1	2.01740E-10
3.58482E-1	-1.43103E-2	9.22547E-6	9.99999E-1	-1.42575E-10
3.59137E-1	-1.43103E-2	9.88078E-6	9.99999E-1	-8.74246E-10
3.59793E-1	-1.22939E-2	7.12845E-6	9.99988E-1	8.04292E-10
3.60448E-1	-1.69987E-2	1.15846E-5	1.00001E+0	-2.98318E-9
3.61103E-1	-1.49824E-2	1.10604E-5	9.99995E-1	2.48283E-9
3.61759E-1	-1.49824E-2	6.21101E-6	1.00000E+0	-3.15534E-9
3.62414E-1	-1.56545E-2	8.57015E-6	1.00000E+0	1.92332E-9
3.63069E-1	-1.43103E-2	2.42978E-5	9.99999E-1	-2.81102E-9
3.63725E-1	-1.22939E-2	8.43908E-6	1.00001E+0	1.06253E-9
3.64380E-1	-1.56545E-2	1.32884E-5	9.99988E-1	-1.86415E-9
3.65036E-1	-1.43103E-2	8.83228E-6	9.99997E-1	1.44988E-9
3.65691E-1	-1.29660E-2	1.36166E-6	1.00002E+0	-1.43376E-9
3.66346E-1	-1.36381E-2	4.44211E-7	9.99988E-1	1.96636E-9
3.67002E-1	-1.43103E-2	1.23710E-5	9.99999E-1	-7.45127E-10
3.67657E-1	-1.22939E-2	1.27642E-5	1.00001E+0	-9.95359E-11
3.68312E-1	-1.36381E-2	1.31574E-5	9.99995E-1	-2.46670E-9
3.68968E-1	-1.43103E-2	5.94888E-6	1.00000E+0	7.61253E-10
3.69623E-1	-1.43103E-2	4.11399E-6	1.00000E+0	-1.64896E-9
3.70278E-1	-1.22939E-2	7.78377E-6	1.00001E+0	2.87819E-10
3.70934E-1	-1.09497E-2	9.48759E-6	9.99997E-1	-4.00812E-10
3.71589E-1	-1.36381E-2	3.32761E-6	9.99990E-1	2.39675E-9
3.72244E-1	-1.69987E-2	1.01429E-5	1.00001E+0	-2.50974E-9
3.72900E-1	-1.22939E-2	9.88078E-6	9.99999E-1	2.09548E-9
3.73555E-1	-1.36381E-2	2.14804E-6	9.99999E-1	-2.42367E-9
3.74211E-1	-1.36381E-2	1.10604E-5	9.99999E-1	1.27773E-9
3.74866E-1	-1.49824E-2	8.43908E-6	1.00001E+0	-1.43376E-9
3.75521E-1	-1.49824E-2	-4.01195E-6	9.99992E-1	2.43979E-9
3.76177E-1	-1.49824E-2	1.07982E-5	1.00000E+0	-1.30464E-9
3.76832E-1	-1.29660E-2	8.57015E-6	1.00001E+0	6.75174E-10
3.77487E-1	-1.02776E-2	2.41016E-6	9.99988E-1	-1.85615E-10
3.78143E-1	-1.43103E-2	1.17157E-5	1.00001E+0	-2.07935E-9
3.78798E-1	-1.43103E-2	5.29356E-6	1.00000E+0	8.04292E-10
3.79453E-1	-1.16218E-2	-4.92939E-6	9.99986E-1	1.01949E-9
3.80109E-1	-1.29660E-2	7.39058E-6	1.00001E+0	-1.73503E-9
3.80764E-1	-1.43103E-2	1.01429E-5	1.00001E+0	2.00940E-9
3.81420E-1	-1.43103E-2	1.07982E-5	1.00000E+0	-2.59582E-9
3.82075E-1	-1.56545E-2	1.23710E-5	9.99997E-1	-1.85615E-10
3.82730E-1	-1.29660E-2	1.07982E-5	9.99997E-1	1.10557E-9
3.83386E-1	-1.43103E-2	6.47313E-6	9.99995E-1	-4.00812E-10
3.84041E-1	-1.49824E-2	9.09440E-6	1.00001E+0	-9.17285E-10
3.84696E-1	-1.43103E-2	1.05361E-5	1.00001E+0	-5.29930E-10
3.85352E-1	-1.56545E-2	1.07982E-5	9.99995E-1	1.14861E-9
3.86007E-1	-1.36381E-2	9.74972E-6	1.00000E+0	2.44780E-10
3.86662E-1	-1.22939E-2	8.70121E-6	9.99984E-1	1.58701E-10
3.87318E-1	-1.22939E-2	5.68675E-6	1.00002E+0	-1.39072E-9
3.87973E-1	-1.29660E-2	1.21089E-5	1.00000E+0	4.59977E-10
3.88628E-1	-1.22939E-2	1.80067E-5	9.99990E-1	8.47332E-10
3.89284E-1	-1.22939E-2	9.88078E-6	1.00000E+0	1.10557E-9
3.89939E-1	-1.36381E-2	1.11914E-5	1.00000E+0	-2.38063E-9
3.90595E-1	-1.43103E-2	1.69582E-5	1.00001E+0	2.61195E-9
3.91250E-1	-1.36381E-2	9.61866E-6	9.99999E-1	-1.26160E-9
3.91905E-1	-1.43103E-2	1.00118E-5	9.99997E-1	2.95824E-11
3.92561E-1	-1.22939E-2	9.22547E-6	1.00000E+0	2.87819E-10
3.93216E-1	-1.63266E-2	-8.00432E-8	9.99982E-1	8.47332E-10
3.93871E-1	-1.22939E-2	9.48759E-6	1.00001E+0	-2.85406E-9
3.94527E-1	-1.09497E-2	2.11522E-5	9.99999E-1	2.22459E-9
3.95182E-1	-1.29660E-2	3.19654E-6	1.00001E+0	-1.47680E-9
3.95837E-1	-1.36381E-2	1.02740E-5	1.00000E+0	-3.14733E-10
3.96493E-1	-1.43103E-2	2.67229E-6	9.99999E-1	-2.28654E-10
3.97148E-1	-1.49824E-2	1.18467E-5	1.00001E+0	-9.17285E-10
3.97804E-1	-1.36381E-2	8.96334E-6	9.99982E-1	2.18155E-9
3.98459E-1	-1.43103E-2	8.57015E-6	1.00001E+0	-1.04640E-9
3.99114E-1	-1.29660E-2	6.34207E-6	9.99992E-1	-1.26160E-9
3.99770E-1	4.99023E+0	1.21089E-5	9.99997E-1	1.65584E-6
4.00425E-1	4.98620E+0	1.14535E-5	9.99992E-1	1.21237E-8
4.01080E-1	4.98956E+0	2.93442E-6	1.00001E+0	2.00940E-9
4.01736E-1	4.99090E+0	8.70121E-6	9.99997E-1	3.51578E-9
4.02391E-1	4.98754E+0	2.48220E-5	1.00000E+0	-7.88167E-10
4.03046E-1	4.98620E+0	1.48612E-5	1.00000E+0	2.56891E-9
4.03702E-1	4.98620E+0	9.22547E-6	9.99997E-1	-1.82111E-9
4.04357E-1	4.98687E+0	8.57015E-6	9.99997E-1	3.25754E-9
4.05012E-1	4.99090E+0	1.14535E-5	1.00001E+0	-2.89710E-9
4.05668E-1	4.98485E+0	1.04050E-5	9.99992E-1	7.18213E-10
4.06323E-1	4.98889E+0	1.09293E-5	1.00001E+0	1.88028E-9
4.06979E-1	4.98620E+0	9.09440E-6	1.00001E+0	-9.17285E-10
4.07634E-1	4.98956E+0	9.35653E-6	9.99990E-1	-9.95359E-11
4.08289E-1	4.98754E+0	6.73526E-6	9.99988E-1	2.74107E-9
4.08945E-1	4.98553E+0	8.96334E-6	1.00001E+0	-2.68190E-9
4.09600E-1	4.98485E+0	1.25021E-5	9.99992E-1	2.69803E-9
4.10255E-1	4.98687E+0	1.11914E-5	1.00001E+0	-2.59582E-9
4.10911E-1	4.98754E+0	8.70121E-6	9.99997E-1	1.44988E-9
4.11566E-1	4.98485E+0	1.00118E-5	9.99999E-1	-3.57772E-10
4.12221E-1	4.98418E+0	7.52164E-6	9.99999E-1	1.01949E-9
4.12877E-1	4.98821E+0	1.43369E-5	1.00001E+0	-1.08944E-9
4.13532E-1	4.98418E+0	1.22399E-5	9.99986E-1	1.83724E-9
4.14188E-1	4.98754E+0	9.48759E-6	1.00001E+0	-2.50974E-9
4.14843E-1	4.98821E+0	8.43908E-6	9.99997E-1	1.57900E-9
4.15498E-1	4.98821E+0	7.52164E-6	1.00001E+0	-8.74246E-10
4.16154E-1	4.98754E+0	9.74972E-6	9.99995E-1	4.16937E-10
4.16809E-1	4.98687E+0	8.70121E-6	1.00001E+0	-4.86891E-10
4.17464E-1	4.98687E+0	6.73526E-6	1.00000E+0	2.13851E-9
4.18120E-1	4.98687E+0	9.35653E-6	9.99990E-1	-2.03631E-9
4.18775E-1	4.98687E+0	9.88078E-6	1.00001E+0	-3.57772E-10
4.19430E-1	4.98754E+0	4.37612E-6	1.00000E+0	-4.86891E-10
4.20086E-1	4.98485E+0	1.26331E-5	9.99999E-1	2.61195E-9
4.20741E-1	4.98553E+0	9.22547E-6	1.00001E+0	-2.42367E-9
4.21396E-1	4.98821E+0	1.47301E-5	9.99988E-1	2.52587E-9
4.22052E-1	4.99225E+0	1.01429E-5	1.00001E+0	-3.15534E-9
4.22707E-1	4.98889E+0	9.35653E-6	1.00001E+0	1.23469E-9
4.23363E-1	4.98754E+0	1.15846E-5	9.99990E-1	-1.21856E-9
4.24018E-1	4.98687E+0	8.43908E-6	9.99997E-1	2.00940E-9
4.24673E-1	4.98889E+0	1.44680E-5	1.00001E+0	-1.08944E-9
4.25329E-1	4.98620E+0	7.25951E-6	9.99995E-1	1.23469E-9
4.25984E-1	4.98754E+0	1.36816E-5	1.00001E+0	-1.82111E-9
4.26639E-1	4.98889E+0	1.01429E-5	9.99992E-1	-2.71694E-10
4.27295E-1	4.98620E+0	8.43908E-6	1.00000E+0	-1.85615E-10
4.27950E-1	4.98620E+0	7.39058E-6	1.00001E+0	6.32135E-10
4.28605E-1	4.98956E+0	1.00118E-5	9.99988E-1	-1.30464E-9
4.29261E-1	4.98754E+0	8.30802E-6	1.00000E+0	2.95626E-9
4.29916E-1	4.98821E+0	1.72203E-5	1.00000E+0	-2.68190E-9
4.30572E-1	4.98821E+0	9.22547E-6	1.00000E+0	2.31067E-9
4.31227E-1	4.98485E+0	7.78377E-6	1.00000E+0	-1.99327E-9
4.31882E-1	4.98620E+0	6.34207E-6	9.99995E-1	3.73898E-10
4.32538E-1	4.98956E+0	2.41016E-6	1.00001E+0	-1.34768E-9
4.33193E-1	4.98351E+0	1.00118E-5	9.99990E-1	2.87019E-9
4.33848E-1	4.98620E+0	6.47313E-6	1.00001E+0	-2.42367E-9
4.34504E-1	4.98821E+0	1.06672E-5	1.00001E+0	-3.57772E-10
4.35159E-1	4.98620E+0	9.88078E-6	9.99990E-1	-3.14733E-10
4.35814E-1	4.98620E+0	1.43369E-5	1.00000E+0	2.87019E-9
4.36470E-1	4.98553E+0	7.78377E-6	9.99999E-1	-1.43376E-9
4.37125E-1	4.98821E+0	8.43908E-6	9.99997E-1	1.36380E-9
4.37780E-1	4.98620E+0	7.65270E-6	9.99997E-1	-2.68190E-9
4.38436E-1	4.98821E+0	1.02740E-5	1.00001E+0	2.13851E-9
4.39091E-1	4.98821E+0	9.88078E-6	1.00000E+0	-2.12239E-9
4.39747E-1	4.98687E+0	6.34207E-6	9.99997E-1	1.57900E-9
4.40402E-1	4.98485E+0	8.70121E-6	1.00001E+0	-2.29455E-9
4.41057E-1	4.98485E+0	9.48759E-6	9.99999E-1	1.66508E-9
4.41713E-1	4.98889E+0	7.65270E-6	9.99995E-1	-6.16009E-10
4.42368E-1	4.98217E+0	4.63824E-6	1.00001E+0	1.36380E-9
4.43023E-1	4.98821E+0	1.19778E-5	9.99988E-1	-5.64964E-11
4.43679E-1	4.98821E+0	6.60420E-6	1.00001E+0	-4.00812E-10
4.44334E-1	4.98754E+0	9.48759E-6	1.00001E+0	-1.77807E-9
4.44989E-1	4.98620E+0	7.91483E-6	9.99997E-1	2.26763E-9
4.45645E-1	4.98485E+0	7.25951E-6	9.99997E-1	-1.99327E-9
4.46300E-1	4.98284E+0	1.38127E-5	1.00001E+0	1.27773E-9
4.46956E-1	4.98485E+0	6.21101E-6	9.99990E-1	7.26219E-11
4.47611E-1	4.98754E+0	1.72203E-5	1.00000E+0	2.01740E-10
4.48266E-1	4.98821E+0	6.34207E-6	1.00001E+0	-1.30464E-9
4.48922E-1	4.98687E+0	1.01429E-5	1.00001E+0	-6.16009E-10
4.49577E-1	4.98687E+0	9.22547E-6	1.00002E+0	-1.63426E-6
4.50232E-1	-1.63266E-2	7.91483E-6	9.99995E-1	-2.61384E-8
4.50888E-1	-1.43103E-2	1.06672E-5	1.00001E+0	-5.35035E-9
4.51543E-1	-1.16218E-2	3.32761E-6	9.99992E-1	-5.29930E-10
4.52198E-1	-1.36381E-2	7.25951E-6	9.99999E-1	-3.06926E-9
4.52854E-1	-1.36381E-2	7.65270E-6	9.99995E-1	-9.17285E-10
4.53509E-1	-1.56545E-2	1.28952E-5	1.00000E+0	-9.60325E-10
4.54164E-1	-1.49824E-2	1.53855E-5	1.00000E+0	-9.17285E-10
4.54820E-1	-1.56545E-2	9.61866E-6	9.99997E-1	8.47332E-10
4.55475E-1	-1.43103E-2	1.10604E-5	1.00001E+0	-2.76798E-9
4.56131E-1	-1.16218E-2	1.14535E-5	9.99988E-1	1.92332E-9
4.56786E-1	-1.49824E-2	4.50718E-6	1.00001E+0	-2.25151E-9
4.57441E-1	-1.22939E-2	7.25951E-6	9.99992E-1	6.75174E-10
4.58097E-1	-1.63266E-2	9.61866E-6	1.00001E+0	-1.08944E-9
4.58752E-1	-1.43103E-2	8.17696E-6	9.99992E-1	1.23469E-9
4.59407E-1	-1.63266E-2	1.61718E-5	9.99997E-1	-2.72494E-9
4.60063E-1	-1.49824E-2	1.15846E-5	1.00001E+0	3.73898E-10
4.60718E-1	-1.16218E-2	1.14535E-5	9.99999E-1	-1.21856E-9
4.61373E-1	-1.29660E-2	8.43908E-6	9.99992E-1	7.61253E-10
4.62029E-1	-1.29660E-2	8.57015E-6	1.00001E+0	-3.14733E-10
4.62684E-1	-1.43103E-2	1.02740E-5	9.99980E-1	9.76450E-10
4.63340E-1	-1.29660E-2	6.99739E-6	1.00001E+0	-1.56288E-9
4.63995E-1	-1.22939E-2	1.07982E-5	9.99997E-1	1.88028E-9
4.64650E-1	-1.43103E-2	6.34207E-6	9.99997E-1	-2.68190E-9
4.65306E-1	-1.02776E-2	1.15846E-5	1.00001E+0	1.92332E-9
4.65961E-1	-1.29660E-2	1.15846E-5	9.99988E-1	-2.71694E-10
4.66616E-1	-1.16218E-2	9.88078E-6	1.00000E+0	7.61253E-10
4.67272E-1	-1.29660E-2	9.22547E-6	1.00001E+0	-3.24141E-9
4.67927E-1	-1.49824E-2	1.35506E-5	1.00001E+0	1.01949E-9
4.68582E-1	-1.36381E-2	7.39058E-6	9.99986E-1	-9.60325E-10
4.69238E-1	-1.63266E-2	1.06672E-5	1.00001E+0	2.13851E-9
4.69893E-1	-1.36381E-2	6.21101E-6	9.99997E-1	-1.77807E-9
4.70548E-1	-1.43103E-2	9.48759E-6	1.00000E+0	2.01740E-10
4.71204E-1	-1.29660E-2	2.57395E-5	9.99992E-1	-5.72970E-10
4.71859E-1	-1.43103E-2	1.15846E-5	1.00000E+0	1.01949E-9
4.72515E-1	-1.16218E-2	1.89242E-5	1.00000E+0	-2.63886E-9
4.73170E-1	-1.22939E-2	8.30802E-6	9.99999E-1	2.18155E-9
4.73825E-1	-1.29660E-2	7.39058E-6	9.99997E-1	-2.25151E-9
4.74481E-1	-1.36381E-2	1.25021E-5	1.00001E+0	1.53596E-9
4.75136E-1	-1.56545E-2	1.14535E-5	9.99992E-1	-2.33759E-9
4.75791E-1	-1.36381E-2	8.57015E-6	1.00001E+0	4.59977E-10
4.76447E-1	-1.09497E-2	5.94888E-6	9.99995E-1	1.23469E-9
4.77102E-1	-1.16218E-2	1.19778E-5	1.00001E+0	-1.30464E-9
4.77757E-1	-1.43103E-2	8.83228E-6	9.99992E-1	2.44780E-10
4.78413E-1	-1.36381E-2	1.19778E-5	9.99999E-1	1.27773E-9
4.79068E-1	-1.09497E-2	8.57015E-6	9.99999E-1	-1.21856E-9
4.79724E-1	-1.36381E-2	9.61866E-6	1.00001E+0	-4.43851E-10
4.80379E-1	-1.29660E-2	9.48759E-6	9.99990E-1	-3.14733E-10
4.81034E-1	-1.22939E-2	1.07982E-5	9.99999E-1	1.70812E-9
4.81690E-1	-1.22939E-2	3.98293E-6	1.00001E+0	-2.59582E-9
4.82345E-1	-1.29660E-2	7.52164E-6	1.00000E+0	2.09548E-9
4.83000E-1	-1.16218E-2	8.30802E-6	9.99988E-1	-9.17285E-10
4.83656E-1	-1.29660E-2	3.58973E-6	1.00002E+0	-7.88167E-10
4.84311E-1	-1.36381E-2	8.04589E-6	9.99978E-1	1.44988E-9
4.84966E-1	-1.22939E-2	6.21101E-6	1.00001E+0	-1.82111E-9
4.85622E-1	-1.49824E-2	1.09293E-5	9.99999E-1	2.44780E-10
4.86277E-1	-1.43103E-2	3.58973E-6	1.00001E+0	-6.59049E-10
4.86932E-1	-1.63266E-2	9.22547E-6	9.99990E-1	5.89095E-10
4.87588E-1	-1.22939E-2	1.19778E-5	1.00001E+0	-3.57772E-10
4.88243E-1	-1.69987E-2	1.00118E-5	9.99997E-1	-1.34570E-11
4.88899E-1	-1.43103E-2	1.02740E-5	1.00001E+0	-1.69199E-9
4.89554E-1	-1.29660E-2	9.61866E-6	9.99984E-1	1.83724E-9
4.90209E-1	-1.49824E-2	1.01429E-5	1.00000E+0	-1.56288E-9
4.90865E-1	-1.09497E-2	1.02740E-5	1.00000E+0	-1.42575E-10
4.91520E-1	-1.36381E-2	1.13225E-5	1.00001E+0	-1.34570E-11
4.92175E-1	-1.56545E-2	3.06548E-6	9.99992E-1	1.92332E-9
4.92831E-1	-1.22939E-2	1.09293E-5	1.00000E+0	-1.86415E-9
4.93486E-1	-1.16218E-2	1.14535E-5	9.99999E-1	1.66508E-9
4.94141E-1	-1.09497E-2	5.42462E-6	9.99997E-1	-2.63886E-9
4.94797E-1	-1.09497E-2	1.82688E-5	1.00000E+0	2.31067E-9
4.95452E-1	-1.22939E-2	8.17696E-6	1.00000E+0	-1.51984E-9
4.96108E-1	-9.60547E-3	9.35653E-6	9.99997E-1	1.23469E-9
4.96763E-1	-1.56545E-2	1.68271E-5	1.00001E+0	-1.43376E-9
4.97418E-1	-1.56545E-2	6.47313E-6	1.00000E+0	-3.57772E-10
4.98074E-1	-1.22939E-2	1.39438E-5	9.99995E-1	-1.42575E-10
4.98729E-1	-1.49824E-2	1.02740E-5	9.99999E-1	5.89095E-10
4.99384E-1	-1.29660E-2	1.43369E-5	9.99954E-1	1.61749E-6
5.00040E-1	4.98821E+0	7.91483E-6	1.00003E+0	4.32412E-8
5.00695E-1	4.98889E+0	2.10212E-5	9.99992E-1	4.50568E-9
5.01350E-1	4.99090E+0	9.48759E-6	1.00000E+0	2.61195E-9
5.02006E-1	4.98956E+0	1.34195E-5	9.99997E-1	-1.69199E-9
5.02661E-1	4.98956E+0	8.70121E-6	9.99999E-1	1.88028E-9
5.03316E-1	4.98821E+0	1.17157E-5	9.99999E-1	5.89095E-10
5.03972E-1	4.98889E+0	9.22547E-6	1.00000E+0	-1.85615E-10
5.04627E-1	4.98620E+0	-8.66424E-7	1.00000E+0	-4.43851E-10
5.05283E-1	4.98754E+0	1.69582E-5	1.00000E+0	-9.60325E-10
5.05938E-1	4.98821E+0	1.04050E-5	1.00000E+0	5.89095E-10
5.06593E-1	4.98956E+0	1.26331E-5	9.99997E-1	8.47332E-10
5.07249E-1	4.98620E+0	8.70121E-6	9.99995E-1	5.03016E-10
5.07904E-1	4.98821E+0	8.04589E-6	1.00001E+0	-1.77807E-9
5.08559E-1	4.98687E+0	7.52164E-6	9.99984E-1	1.83724E-9
5.09215E-1	4.98821E+0	-1.78387E-6	1.00002E+0	-1.95023E-9
5.09870E-1	4.98553E+0	9.88078E-6	9.99976E-1	2.61195E-9
5.10525E-1	4.98553E+0	1.21089E-5	1.00002E+0	-8.74246E-10
5.11181E-1	4.98956E+0	3.32761E-6	9.99992E-1	-3.14733E-10
5.11836E-1	4.98821E+0	1.18467E-5	9.99997E-1	-1.82111E-9
5.12492E-1	4.98821E+0	8.17696E-6	9.99986E-1	2.56891E-9
5.13147E-1	4.98754E+0	9.35653E-6	1.00002E+0	-1.04640E-9
5.13802E-1	4.98754E+0	1.30263E-5	9.99992E-1	1.23469E-9
5.14458E-1	4.98821E+0	7.52164E-6	1.00001E+0	-2.94014E-9
5.15113E-1	4.99090E+0	7.91483E-6	9.99990E-1	2.39675E-9
5.15768E-1	4.98485E+0	5.68675E-6	1.00001E+0	-8.74246E-10
5.16424E-1	4.98889E+0	8.70121E-6	1.00001E+0	-1.21856E-9
5.17079E-1	4.98956E+0	1.39438E-5	9.99986E-1	5.89095E-10
5.17734E-1	4.98553E+0	9.09440E-6	1.00001E+0	-8.74246E-10
5.18390E-1	4.98418E+0	1.26331E-5	9.99995E-1	-3.57772E-10
5.19045E-1	4.98284E+0	1.56476E-5	9.99999E-1	2.95824E-11
5.19700E-1	4.98821E+0	5.42462E-6	9.99999E-1	-3.14733E-10
5.20356E-1	4.98754E+0	9.88078E-6	1.00001E+0	2.95824E-11
5.21011E-1	4.98687E+0	8.96334E-6	9.99997E-1	-5.64964E-11
5.21667E-1	4.98620E+0	3.13147E-7	9.99995E-1	9.33411E-10
5.22322E-1	4.98821E+0	1.18467E-5	9.99995E-1	-1.47680E-9
5.22977E-1	4.98620E+0	8.57015E-6	1.00001E+0	2.31067E-9
5.23633E-1	4.98889E+0	1.59097E-5	9.99995E-1	-1.60592E-9
5.24288E-1	4.98889E+0	2.16765E-5	1.00001E+0	-3.57772E-10
5.24943E-1	4.98821E+0	1.04050E-5	9.99999E-1	-9.60325E-10
5.25599E-1	4.98620E+0	1.13225E-5	1.00000E+0	5.89095E-10
5.26254E-1	4.98821E+0	1.51233E-5	9.99990E-1	-1.26160E-9
5.26909E-1	4.98956E+0	1.59097E-5	1.00002E+0	6.75174E-10
5.27565E-1	4.98351E+0	9.09440E-6	9.99982E-1	5.46056E-10
5.28220E-1	4.98351E+0	1.11914E-5	1.00001E+0	7.61253E-10
5.28876E-1	4.98351E+0	2.16765E-5	9.99997E-1	-9.17285E-10
5.29531E-1	4.98754E+0	1.93174E-5	9.99995E-1	-8.31206E-10
5.30186E-1	4.98351E+0	1.09293E-5	1.00001E+0	4.59977E-10
5.30842E-1	4.98956E+0	1.02740E-5	1.00000E+0	2.44780E-10
5.31497E-1	4.98620E+0	9.88078E-6	9.99990E-1	2.95824E-11
5.32152E-1	4.98821E+0	6.86632E-6	1.00001E+0	-2.33759E-9
5.32808E-1	4.98620E+0	1.04050E-5	9.99995E-1	7.26219E-11
5.33463E-1	4.98620E+0	1.91863E-5	1.00001E+0	5.03016E-10
5.34118E-1	4.98553E+0	9.74972E-6	9.99992E-1	-3.14733E-10
5.34774E-1	4.98754E+0	1.11914E-5	9.99992E-1	2.87819E-10
5.35429E-1	4.98687E+0	7.65270E-6	9.99999E-1	-2.71694E-10
5.36084E-1	4.98351E+0	9.74972E-6	1.00002E+0	-1.00336E-9
5.36740E-1	4.98553E+0	1.05361E-5	9.99978E-1	1.01949E-9
5.37395E-1	4.98418E+0	1.09293E-5	1.00002E+0	-1.39072E-9
5.38051E-1	4.98418E+0	1.19778E-5	9.99990E-1	-5.64964E-11
5.38706E-1	4.98553E+0	4.37612E-6	1.00000E+0	-4.00812E-10
5.39361E-1	4.98485E+0	1.94484E-5	9.99990E-1	2.39675E-9
5.40017E-1	4.98620E+0	8.43908E-6	1.00001E+0	-2.42367E-9
5.40672E-1	4.98754E+0	1.01429E-5	9.99995E-1	2.87019E-9
5.41327E-1	4.98821E+0	1.39438E-5	1.00001E+0	-3.02622E-9
5.41983E-1	4.98553E+0	7.78377E-6	9.99990E-1	2.31067E-9
5.42638E-1	4.98687E+0	1.28952E-5	1.00000E+0	-2.12239E-9
5.43293E-1	4.98620E+0	1.07982E-5	9.99997E-1	2.09548E-9
5.43949E-1	4.98889E+0	8.96334E-6	1.00001E+0	-2.16543E-9
5.44604E-1	4.98889E+0	1.25021E-5	9.99990E-1	1.53596E-9
5.45260E-1	4.98754E+0	5.75274E-7	1.00001E+0	-2.42367E-9
5.45915E-1	4.98485E+0	5.16250E-6	1.00000E+0	1.14861E-9
5.46570E-1	4.98217E+0	8.83228E-6	9.99995E-1	-1.95023E-9
5.47226E-1	4.98821E+0	8.30802E-6	1.00000E+0	2.05244E-9
5.47881E-1	4.98821E+0	1.60408E-5	1.00000E+0	-2.38063E-9
5.48536E-1	4.98620E+0	1.38127E-5	9.99995E-1	1.88028E-9
5.49192E-1	4.98687E+0	1.01429E-5	9.97961E-1	5.26058E-7
5.49847E-1	-1.63266E-2	1.42059E-5	1.00206E+0	-2.14312E-6
5.50502E-1	-1.56545E-2	1.18467E-5	9.99990E-1	-3.69843E-8
5.51158E-1	-1.63266E-2	2.27910E-6	1.00000E+0	-8.32007E-9
5.51813E-1	-1.36381E-2	6.99739E-6	9.99995E-1	-5.95290E-9
5.52468E-1	-1.69987E-2	1.31574E-5	1.00001E+0	-1.42575E-10
5.53124E-1	-1.56545E-2	7.78377E-6	9.99999E-1	-3.54269E-9
5.53779E-1	-1.56545E-2	4.90037E-6	9.99997E-1	8.90371E-10
5.54435E-1	-1.56545E-2	9.35653E-6	9.99999E-1	-1.64896E-9
5.55090E-1	-1.29660E-2	5.42462E-6	1.00002E+0	-8.74246E-10
5.55745E-1	-1.29660E-2	9.35653E-6	9.99984E-1	-1.86415E-9
5.56401E-1	-1.16218E-2	6.99739E-6	1.00001E+0	8.90371E-10
5.57056E-1	-1.43103E-2	9.09440E-6	9.99999E-1	-1.99327E-9
5.57711E-1	-1.56545E-2	8.96334E-6	1.00000E+0	5.03016E-10
5.58367E-1	-1.63266E-2	9.48759E-6	9.99995E-1	-5.29930E-10
5.59022E-1	-1.43103E-2	8.43908E-6	1.00001E+0	-1.69199E-9
5.59677E-1	-1.43103E-2	7.12845E-6	9.99980E-1	2.52587E-9
5.60333E-1	-1.49824E-2	1.04050E-5	1.00001E+0	-1.95023E-9
5.60988E-1	-1.49824E-2	9.35653E-6	1.00001E+0	-1.13248E-9
5.61644E-1	-1.16218E-2	1.39438E-5	9.99995E-1	-1.13248E-9
5.62299E-1	-1.16218E-2	1.13225E-5	9.99982E-1	2.56891E-9
5.62954E-1	-1.09497E-2	1.01429E-5	1.00002E+0	-2.76798E-9
5.63610E-1	-1.22939E-2	2.27910E-6	1.00000E+0	8.04292E-10
5.64265E-1	-1.29660E-2	8.57015E-6	9.99997E-1	-1.82111E-9
5.64920E-1	-1.09497E-2	5.81781E-6	1.00001E+0	-1.42575E-10
5.65576E-1	-1.49824E-2	5.42462E-6	9.99995E-1	-2.28654E-10
5.66231E-1	-1.49824E-2	4.76931E-6	1.00000E+0	-2.71694E-10
5.66886E-1	-1.56545E-2	9.09440E-6	1.00000E+0	7.18213E-10
5.67542E-1	-1.02776E-2	8.70121E-6	9.99997E-1	5.89095E-10
5.68197E-1	-1.09497E-2	1.17157E-5	9.99997E-1	-2.12239E-9
5.68852E-1	-1.43103E-2	1.02740E-5	1.00001E+0	5.89095E-10
5.69508E-1	-1.43103E-2	8.70121E-6	9.99992E-1	-3.14733E-10
5.70163E-1	-1.43103E-2	2.42978E-5	9.99988E-1	1.58701E-10
5.70819E-1	-1.29660E-2	1.01429E-5	1.00001E+0	7.26219E-11
5.71474E-1	-1.16218E-2	1.14535E-5	9.99999E-1	8.90371E-10
5.72129E-1	-1.43103E-2	6.34207E-6	1.00000E+0	-2.50974E-9
5.72785E-1	-1.49824E-2	5.68675E-6	9.99995E-1	1.92332E-9
5.73440E-1	-1.56545E-2	2.20697E-5	9.99995E-1	-2.68190E-9
5.74095E-1	-1.63266E-2	1.10604E-5	1.00001E+0	-9.95359E-11
5.74751E-1	-1.02776E-2	8.57015E-6	9.99995E-1	-1.34570E-11
5.75406E-1	-1.36381E-2	1.15846E-5	1.00001E+0	-2.28654E-10
5.76061E-1	-1.36381E-2	6.73526E-6	9.99992E-1	5.03016E-10
5.76717E-1	-1.36381E-2	-2.04600E-6	9.99999E-1	1.62204E-9
5.77372E-1	-1.36381E-2	1.34195E-5	1.00000E+0	-2.29455E-9
5.78028E-1	-1.36381E-2	2.25939E-5	1.00001E+0	-7.45127E-10
5.78683E-1	-1.36381E-2	1.06672E-5	9.99986E-1	2.95824E-11
5.79338E-1	-1.22939E-2	1.40748E-5	9.99997E-1	2.52587E-9
5.79994E-1	-1.36381E-2	7.25951E-6	1.00000E+0	-3.19838E-9
5.80649E-1	-1.49824E-2	8.96334E-6	1.00001E+0	1.14861E-9
5.81304E-1	-1.22939E-2	-3.35663E-6	9.99997E-1	3.73898E-10
5.81960E-1	-1.43103E-2	4.37612E-6	1.00001E+0	-5.29930E-10
5.82615E-1	-8.93336E-3	9.74972E-6	9.99988E-1	-1.82111E-9
5.83270E-1	-1.22939E-2	1.21089E-5	1.00001E+0	2.09548E-9
5.83926E-1	-1.56545E-2	1.18467E-5	9.99997E-1	-2.12239E-9
5.84581E-1	-1.16218E-2	1.27642E-5	9.99990E-1	2.00940E-9
5.85236E-1	-1.43103E-2	8.30802E-6	1.00000E+0	-2.89710E-9
5.85892E-1	-1.36381E-2	8.04589E-6	1.00001E+0	2.05244E-9
5.86547E-1	-1.43103E-2	1.15846E-5	9.99992E-1	-1.99327E-9
5.87203E-1	-1.22939E-2	7.52164E-6	9.99997E-1	1.75116E-9
5.87858E-1	-1.16218E-2	7.39058E-6	1.00001E+0	-1.47680E-9
5.88513E-1	-1.22939E-2	1.10604E-5	1.00000E+0	-4.43851E-10
5.89169E-1	-1.29660E-2	1.45991E-5	1.00000E+0	-7.88167E-10
5.89824E-1	-1.02776E-2	7.25951E-6	1.00000E+0	-4.43851E-10
5.90479E-1	-1.43103E-2	6.86632E-6	1.00000E+0	-5.64964E-11
5.91135E-1	-1.16218E-2	8.17696E-6	1.00000E+0	2.87819E-10
5.91790E-1	-1.43103E-2	8.96334E-6	9.99986E-1	1.32077E-9
5.92445E-1	-1.16218E-2	1.04050E-5	1.00002E+0	-2.03631E-9
5.93101E-1	-1.09497E-2	1.02740E-5	9.99990E-1	2.44780E-10
5.93756E-1	-1.29660E-2	8.83228E-6	1.00001E+0	-8.31206E-10
5.94412E-1	-1.22939E-2	1.72203E-5	9.99984E-1	2.09548E-9
5.95067E-1	-1.29660E-2	1.56476E-5	1.00001E+0	-2.55278E-9
5.95722E-1	-1.56545E-2	2.15454E-5	9.99995E-1	1.70812E-9
5.96378E-1	-1.29660E-2	1.93174E-5	1.00001E+0	-1.95023E-9
5.97033E-1	-1.56545E-2	1.00118E-5	9.99992E-1	2.31067E-9
5.97688E-1	-1.49824E-2	7.78377E-6	1.00000E+0	-2.59582E-9
5.98344E-1	-1.16218E-2	1.06672E-5	1.00001E+0	-3.14733E-10
5.98999E-1	-1.49824E-2	1.36816E-5	9.99990E-1	-4.43851E-10
5.99654E-1	4.98754E+0	4.76931E-6	9.99980E-1	1.66329E-6
6.00310E-1	4.98889E+0	1.01429E-5	9.99995E-1	3.68793E-9
6.00965E-1	4.99023E+0	-5.06046E-6	9.99999E-1	4.20441E-9
6.01620E-1	4.98754E+0	1.43369E-5	9.99995E-1	2.87819E-10
6.02276E-1	4.98889E+0	1.35506E-5	1.00000E+0	7.18213E-10
6.02931E-1	4.98821E+0	8.70121E-6	1.00001E+0	-1.30464E-9
6.03587E-1	4.98821E+0	1.60408E-5	9.99997E-1	2.18155E-9
6.04242E-1	4.98754E+0	1.01429E-5	1.00000E+0	-1.47680E-9
6.04897E-1	4.98620E+0	7.65270E-6	9.99999E-1	1.06253E-9
6.05553E-1	4.98754E+0	6.99739E-6	1.00001E+0	-1.30464E-9
6.06208E-1	4.98485E+0	1.15846E-5	9.99995E-1	1.36380E-9
6.06863E-1	4.98889E+0	9.22547E-6	1.00000E+0	-1.21856E-9
6.07519E-1	4.98821E+0	1.14535E-5	1.00000E+0	1.58701E-10
6.08174E-1	4.98687E+0	7.39058E-6	9.99999E-1	7.26219E-11
6.08829E-1	4.98889E+0	1.14535E-5	9.99997E-1	1.79420E-9
6.09485E-1	4.98956E+0	1.38127E-5	1.00000E+0	-2.42367E-9
6.10140E-1	4.98821E+0	1.39438E-5	9.99995E-1	1.19165E-9
6.10796E-1	4.98754E+0	1.07982E-5	1.00001E+0	-1.64896E-9
6.11451E-1	4.98889E+0	-2.57025E-6	9.99995E-1	1.96636E-9
6.12106E-1	4.98821E+0	8.04589E-6	1.00000E+0	-1.26160E-9
6.12762E-1	4.98821E+0	7.39058E-6	1.00001E+0	-8.74246E-10
6.13417E-1	4.98754E+0	1.02740E-5	9.99995E-1	7.26219E-11
6.14072E-1	4.98754E+0	1.10604E-5	9.99995E-1	1.27773E-9
6.14728E-1	4.98754E+0	8.30802E-6	1.00000E+0	-2.38063E-9
6.15383E-1	4.98754E+0	8.96334E-6	1.00001E+0	2.95824E-11
6.16038E-1	4.98889E+0	1.59097E-5	9.99986E-1	5.46056E-10
6.16694E-1	4.98754E+0	4.90037E-6	1.00000E+0	1.19165E-9
6.17349E-1	4.98889E+0	9.61866E-6	9.99995E-1	-7.88167E-10
6.18004E-1	4.98687E+0	5.55569E-6	1.00002E+0	6.75174E-10
6.18660E-1	4.98553E+0	5.16250E-6	9.99984E-1	-3.14733E-10
6.19315E-1	4.98956E+0	1.59097E-5	1.00001E+0	1.15661E-10
6.19971E-1	4.98351E+0	9.88078E-6	9.99990E-1	-1.43376E-9
6.20626E-1	4.98754E+0	1.00118E-5	9.99999E-1	8.47332E-10
6.21281E-1	4.98687E+0	-1.25961E-6	9.99999E-1	-8.31206E-10
6.21937E-1	4.98284E+0	1.10604E-5	1.00001E+0	1.79420E-9
6.22592E-1	4.98821E+0	1.49923E-5	9.99984E-1	-1.04640E-9
6.23247E-1	4.98620E+0	1.44680E-5	1.00002E+0	6.75174E-10
6.23903E-1	4.98821E+0	9.22547E-6	9.99997E-1	-2.20847E-9
6.24558E-1	4.98620E+0	6.73526E-6	9.99995E-1	9.33411E-10
6.25213E-1	4.98620E+0	1.25021E-5	1.00000E+0	-8.31206E-10
6.25869E-1	4.98889E+0	8.30802E-6	1.00000E+0	1.58701E-10
6.26524E-1	4.98620E+0	1.25021E-5	1.00000E+0	5.46056E-10
6.27180E-1	4.98553E+0	1.19778E-5	9.99997E-1	1.15661E-10
6.27835E-1	4.98687E+0	1.49272E-6	9.99997E-1	-1.34768E-9
6.28490E-1	4.98821E+0	1.06672E-5	1.00001E+0	1.58701E-10
6.29146E-1	4.98687E+0	9.48759E-6	9.99984E-1	-1.34570E-11
6.29801E-1	4.98620E+0	6.60420E-6	1.00001E+0	2.44780E-10
6.30456E-1	4.99090E+0	1.13225E-5	9.99999E-1	-1.43376E-9
6.31112E-1	4.98620E+0	1.21089E-5	9.99999E-1	8.47332E-10
6.31767E-1	4.98620E+0	4.50718E-6	9.99997E-1	1.58701E-10
6.32422E-1	4.98620E+0	6.73526E-6	1.00001E+0	-3.14733E-10
6.33078E-1	4.98620E+0	8.57015E-6	9.99992E-1	4.59977E-10
6.33733E-1	4.98821E+0	5.29356E-6	1.00001E+0	-1.47680E-9
6.34388E-1	4.98620E+0	1.02740E-5	9.99999E-1	-3.14733E-10
6.35044E-1	4.98485E+0	1.31574E-5	9.99999E-1	1.53596E-9
6.35699E-1	4.98485E+0	7.65270E-6	9.99997E-1	-1.56288E-9
6.36355E-1	4.98821E+0	6.86632E-6	1.00001E+0	-1.51984E-9
6.37010E-1	4.98485E+0	1.07982E-5	9.99997E-1	1.23469E-9
6.37665E-1	4.98821E+0	5.42462E-6	1.00002E+0	-1.17552E-9
6.38321E-1	4.98889E+0	1.43369E-5	9.99986E-1	2.95824E-11
6.38976E-1	4.98956E+0	5.68675E-6	1.00001E+0	-3.14733E-10
6.39631E-1	4.99090E+0	2.54123E-6	9.99984E-1	1.92332E-9
6.40287E-1	4.98620E+0	1.02740E-5	1.00000E+0	-1.47680E-9
6.40942E-1	4.98620E+0	1.19778E-5	9.99997E-1	5.89095E-10
6.41597E-1	4.98620E+0	1.04050E-5	1.00000E+0	-2.03631E-9
6.42253E-1	4.98821E+0	1.01429E-5	9.99992E-1	2.35371E-9
6.42908E-1	4.98620E+0	1.10604E-5	1.00001E+0	-2.38063E-9
6.43564E-1	4.98620E+0	6.47313E-6	9.99999E-1	2.01740E-10
6.44219E-1	4.98620E+0	1.14535E-5	1.00000E+0	-4.43851E-10
6.44874E-1	4.98620E+0	1.07982E-5	9.99992E-1	1.53596E-9
6.45530E-1	4.98821E+0	7.91483E-6	1.00000E+0	-2.55278E-9
6.46185E-1	4.98889E+0	1.42059E-5	1.00001E+0	1.19165E-9
6.46840E-1	4.98620E+0	1.26331E-5	9.99997E-1	-1.26160E-9
6.47496E-1	4.98754E+0	1.36816E-5	9.99999E-1	9.33411E-10
6.48151E-1	4.98687E+0	9.09440E-6	1.00001E+0	-2.29455E-9
6.48806E-1	4.98754E+0	9.88078E-6	9.99986E-1	2.13851E-9
6.49462E-1	4.98620E+0	7.65270E-6	1.00007E+0	-1.59777E-6
6.50117E-1	-1.43103E-2	6.60420E-6	9.99959E-1	-6.68107E-8
6.50772E-1	-1.56545E-2	6.73526E-6	1.00002E+0	-7.20104E-9
6.51428E-1	-1.43103E-2	5.42462E-6	9.99995E-1	-1.04640E-9
6.52083E-1	-1.56545E-2	9.48759E-6	1.00000E+0	-2.59582E-9
6.52739E-1	-1.43103E-2	9.74972E-6	1.00001E+0	-4.86891E-10
6.53394E-1	-1.22939E-2	1.18467E-5	9.99986E-1	-5.64964E-11
6.54049E-1	-1.22939E-2	9.88078E-6	1.00001E+0	-7.02088E-10
6.54705E-1	-1.43103E-2	9.35653E-6	1.00000E+0	-2.29455E-9
6.55360E-1	-1.29660E-2	5.55569E-6	9.99999E-1	9.33411E-10
6.56015E-1	-1.49824E-2	1.17157E-5	9.99992E-1	-2.85406E-9
6.56671E-1	-1.29660E-2	9.74972E-6	1.00001E+0	2.01740E-10
6.57326E-1	-1.22939E-2	7.78377E-6	9.99999E-1	-4.86891E-10
6.57981E-1	-1.63266E-2	9.61866E-6	9.99997E-1	-1.34768E-9
6.58637E-1	-1.22939E-2	1.40748E-5	9.99986E-1	5.03016E-10
6.59292E-1	-1.22939E-2	8.43908E-6	1.00001E+0	-1.82111E-9
6.59948E-1	-1.29660E-2	9.35653E-6	9.99999E-1	1.88028E-9
6.60603E-1	-1.36381E-2	8.83228E-6	1.00000E+0	-1.17552E-9
6.61258E-1	-1.36381E-2	1.02740E-5	9.99999E-1	5.46056E-10
6.61914E-1	-1.36381E-2	9.88078E-6	1.00000E+0	-2.42367E-9
6.62569E-1	-1.43103E-2	9.09440E-6	9.99995E-1	1.75116E-9
6.63224E-1	-1.22939E-2	7.91483E-6	1.00001E+0	-1.17552E-9
6.63880E-1	-1.43103E-2	1.30263E-5	9.99995E-1	-1.08944E-9
6.64535E-1	-1.16218E-2	9.35653E-6	1.00001E+0	-1.34570E-11
6.65190E-1	-1.16218E-2	6.86632E-6	1.00000E+0	3.73898E-10
6.65846E-1	-1.43103E-2	1.15846E-5	9.99990E-1	-4.00812E-10
6.66501E-1	-1.43103E-2	6.73526E-6	1.00001E+0	1.01949E-9
6.67156E-1	-1.29660E-2	8.70121E-6	9.99995E-1	-1.47680E-9
6.67812E-1	-1.36381E-2	7.25951E-6	1.00001E+0	-1.42575E-10
6.68467E-1	-1.49824E-2	1.04050E-5	9.99992E-1	-1.34570E-11
6.69123E-1	-1.29660E-2	9.22547E-6	1.00000E+0	-4.43851E-10
6.69778E-1	-1.22939E-2	6.47313E-6	9.99999E-1	-9.60325E-10
6.70433E-1	-1.16218E-2	5.94888E-6	9.99999E-1	1.88028E-9
6.71089E-1	-1.43103E-2	1.48612E-5	9.99997E-1	-1.13248E-9
6.71744E-1	-1.36381E-2	1.10604E-5	1.00000E+0	2.87819E-10
6.72399E-1	-1.36381E-2	8.96334E-6	1.00001E+0	-2.76798E-9
6.73055E-1	-1.22939E-2	9.88078E-6	1.00000E+0	1.58701E-10
6.73710E-1	-1.36381E-2	1.02740E-5	9.99992E-1	-6.16009E-10
6.74365E-1	-1.56545E-2	-1.91493E-6	9.99997E-1	1.32077E-9
6.75021E-1	-1.36381E-2	1.97105E-5	1.00001E+0	-1.73503E-9
6.75676E-1	-1.16218E-2	1.04050E-5	1.00000E+0	-3.57772E-10
6.76332E-1	-1.29660E-2	7.78377E-6	9.99997E-1	-9.95359E-11
6.76987E-1	-1.22939E-2	1.48612E-5	1.00001E+0	6.75174E-10
6.77642E-1	-1.16218E-2	8.30802E-6	9.99984E-1	1.83724E-9
6.78298E-1	-1.16218E-2	7.78377E-6	1.00001E+0	-3.28445E-9
6.78953E-1	-1.09497E-2	6.34207E-6	9.99992E-1	2.31067E-9
6.79608E-1	-1.36381E-2	3.06548E-6	1.00001E+0	-2.55278E-9
6.80264E-1	-1.29660E-2	7.91483E-6	9.99990E-1	2.13851E-9
6.80919E-1	-1.16218E-2	1.25021E-5	1.00000E+0	-1.82111E-9
6.81574E-1	-1.56545E-2	1.22399E-5	1.00001E+0	1.96636E-9
6.82230E-1	-1.09497E-2	1.11914E-5	1.00001E+0	-2.38063E-9
6.82885E-1	-1.29660E-2	1.31574E-5	9.99984E-1	2.01740E-10
6.83540E-1	-1.69987E-2	5.10203E-8	1.00001E+0	5.03016E-10
6.84196E-1	-1.43103E-2	7.65270E-6	1.00000E+0	-8.74246E-10
6.84851E-1	-1.43103E-2	9.09440E-6	9.99995E-1	-9.60325E-10
6.85507E-1	-1.56545E-2	1.06672E-5	1.00001E+0	2.87819E-10
6.86162E-1	-1.16218E-2	1.07982E-5	9.99992E-1	2.44780E-10
6.86817E-1	-1.43103E-2	1.02740E-5	1.00001E+0	5.03016E-10
6.87473E-1	-1.22939E-2	4.63824E-6	9.99988E-1	-2.20847E-9
6.88128E-1	-1.09497E-2	7.39058E-6	1.00000E+0	1.06253E-9
6.88783E-1	-1.29660E-2	2.06280E-5	9.99997E-1	-1.60592E-9
6.89439E-1	-1.43103E-2	1.02740E-5	1.00001E+0	1.96636E-9
6.90094E-1	-9.60547E-3	1.11914E-5	9.99997E-1	-1.39072E-9
6.90749E-1	-1.36381E-2	5.94888E-6	9.99999E-1	1.06253E-9
6.91405E-1	-1.29660E-2	9.61866E-6	1.00000E+0	-2.07935E-9
6.92060E-1	-1.43103E-2	8.43908E-6	1.00001E+0	9.33411E-10
6.92716E-1	-1.29660E-2	9.22547E-6	1.00000E+0	-2.12239E-9
6.93371E-1	-1.16218E-2	1.17157E-5	9.99984E-1	2.09548E-9
6.94026E-1	-1.43103E-2	8.83228E-6	1.00001E+0	-1.56288E-9
6.94682E-1	-1.43103E-2	1.19778E-5	1.00001E+0	-1.30464E-9
6.95337E-1	-1.22939E-2	1.47301E-5	9.99992E-1	1.10557E-9
6.95992E-1	-1.22939E-2	9.22547E-6	1.00001E+0	-1.85615E-10
6.96648E-1	-1.36381E-2	5.94888E-6	9.99995E-1	1.19165E-9
6.97303E-1	-1.56545E-2	6.21101E-6	1.00001E+0	-2.72494E-9
6.97958E-1	-1.29660E-2	8.83228E-6	1.00000E+0	7.61253E-10
6.98614E-1	-1.22939E-2	1.40748E-5	9.99986E-1	8.90371E-10
6.99269E-1	-1.16218E-2	1.32884E-5	9.99967E-1	1.62520E-6
6.99924E-1	4.98956E+0	8.17696E-6	1.00003E+0	3.75600E-8
7.00580E-1	4.98620E+0	8.70121E-6	1.00000E+0	4.11833E-9
7.01235E-1	4.98821E+0	9.35653E-6	9.99999E-1	-1.17552E-9
7.01891E-1	4.99090E+0	1.05361E-5	9.99995E-1	2.61195E-9
7.02546E-1	4.98821E+0	1.00118E-5	1.00001E+0	-2.42367E-9
7.03201E-1	4.98821E+0	4.24505E-6	9.99999E-1	6.32135E-10
7.03857E-1	4.98821E+0	1.47301E-5	1.00000E+0	3.73898E-10
7.04512E-1	4.98485E+0	1.19778E-5	1.00000E+0	1.23469E-9
7.05167E-1	4.99158E+0	8.83228E-6	9.99988E-1	-1.30464E-9
7.05823E-1	4.98754E+0	1.00118E-5	1.00001E+0	5.89095E-10
7.06478E-1	4.98821E+0	7.65270E-6	9.99995E-1	1.49292E-9
7.07133E-1	4.98687E+0	9.61866E-6	1.00001E+0	-2.16543E-9
7.07789E-1	4.98956E+0	9.22547E-6	1.00000E+0	-2.71694E-10
7.08444E-1	4.98821E+0	9.35653E-6	1.00000E+0	-7.88167E-10
7.09100E-1	4.98889E+0	7.52164E-6	9.99999E-1	2.31067E-9
7.09755E-1	4.98821E+0	1.15846E-5	9.99997E-1	-2.29455E-9
7.10410E-1	4.98687E+0	2.80335E-6	9.99999E-1	2.31067E-9
7.11066E-1	4.98553E+0	1.09293E-5	1.00000E+0	-2.16543E-9
7.11721E-1	4.98889E+0	1.17157E-5	1.00000E+0	1.36380E-9
7.12376E-1	4.99023E+0	7.12845E-6	9.99992E-1	-1.64896E-9
7.13032E-1	4.98620E+0	8.04589E-6	1.00001E+0	-1.85615E-10
7.13687E-1	4.98889E+0	1.28952E-5	9.99988E-1	7.18213E-10
7.14342E-1	4.98553E+0	9.74972E-6	1.00000E+0	5.03016E-10
7.14998E-1	4.98956E+0	6.99739E-6	1.00001E+0	-1.08944E-9
7.15653E-1	4.98687E+0	1.23710E-5	9.99992E-1	1.44988E-9
7.16308E-1	4.98821E+0	8.57015E-6	9.99995E-1	-7.02088E-10
7.16964E-1	4.98217E+0	1.91863E-5	1.00002E+0	-1.21856E-9
7.17619E-1	4.98620E+0	2.71812E-5	9.99997E-1	-1.85615E-10
7.18275E-1	4.98754E+0	-2.17706E-6	1.00000E+0	-1.26160E-9
7.18930E-1	4.98418E+0	1.07982E-5	1.00000E+0	7.18213E-10
7.19585E-1	4.98284E+0	-2.70131E-6	1.00000E+0	-5.72970E-10
7.20241E-1	4.98620E+0	7.91483E-6	9.99995E-1	2.09548E-9
7.20896E-1	4.98553E+0	2.67229E-6	1.00001E+0	-3.24141E-9
7.21551E-1	4.98687E+0	8.43908E-6	1.00000E+0	2.31067E-9
7.22207E-1	4.98687E+0	9.09440E-6	9.99988E-1	-1.04640E-9
7.22862E-1	4.98620E+0	6.73526E-6	1.00000E+0	1.23469E-9
7.23517E-1	4.98754E+0	9.74972E-6	9.99995E-1	-1.73503E-9
7.24173E-1	4.98754E+0	1.25021E-5	1.00001E+0	7.61253E-10
7.24828E-1	4.98485E+0	9.48759E-6	9.99990E-1	6.75174E-10
7.25484E-1	4.98485E+0	5.16250E-6	1.00001E+0	-8.31206E-10
7.26139E-1	4.98889E+0	8.83228E-6	9.99999E-1	-1.21856E-9
7.26794E-1	4.98687E+0	1.30263E-5	1.00000E+0	-5.72970E-10
7.27450E-1	4.98553E+0	1.45991E-5	9.99997E-1	1.15661E-10
7.28105E-1	4.98687E+0	6.60420E-6	1.00001E+0	-5.72970E-10
7.28760E-1	4.98821E+0	8.70121E-6	1.00000E+0	1.06253E-9
7.29416E-1	4.98754E+0	7.12845E-6	1.00000E+0	-1.13248E-9
7.30071E-1	4.98754E+0	8.70121E-6	9.99990E-1	1.75116E-9
7.30726E-1	4.98687E+0	9.22547E-6	1.00001E+0	-2.68190E-9
7.31382E-1	4.98485E+0	8.17696E-6	1.00000E+0	5.03016E-10
7.32037E-1	4.98889E+0	8.17696E-6	9.99992E-1	1.58701E-10
7.32692E-1	4.98821E+0	9.61866E-6	9.99999E-1	1.01949E-9
7.33348E-1	4.98821E+0	1.49923E-5	1.00000E+0	-2.03631E-9
7.34003E-1	4.98687E+0	1.01429E-5	1.00001E+0	1.75116E-9
7.34659E-1	4.98687E+0	1.00118E-5	9.99997E-1	-1.17552E-9
7.35314E-1	4.98821E+0	8.70121E-6	9.99995E-1	1.10557E-9
7.35969E-1	4.98485E+0	8.70121E-6	9.99999E-1	-1.90719E-9
7.36625E-1	4.98889E+0	8.17696E-6	1.00001E+0	-2.71694E-10
7.37280E-1	4.98956E+0	1.01429E-5	9.99990E-1	1.01949E-9
7.37935E-1	4.98754E+0	2.07591E-5	1.00001E+0	-2.50974E-9
7.38591E-1	4.98687E+0	5.42462E-6	1.00000E+0	5.46056E-10
7.39246E-1	4.98620E+0	9.09440E-6	9.99992E-1	-5.29930E-10
7.39901E-1	4.98889E+0	9.35653E-6	1.00000E+0	2.05244E-9
7.40557E-1	4.98553E+0	1.06672E-5	1.00001E+0	-1.86415E-9
7.41212E-1	4.98553E+0	5.42462E-6	9.99995E-1	-2.28654E-10
7.41868E-1	4.98821E+0	1.14535E-5	9.99992E-1	2.87819E-10
7.42523E-1	4.98754E+0	9.09440E-6	1.00001E+0	6.32135E-10
7.43178E-1	4.98553E+0	3.06548E-6	9.99988E-1	7.26219E-11
7.43834E-1	4.98956E+0	8.83228E-6	1.00001E+0	-5.72970E-10
7.44489E-1	4.98754E+0	8.57015E-6	9.99999E-1	-1.00336E-9
7.45144E-1	4.98485E+0	7.91483E-6	1.00000E+0	5.46056E-10
7.45800E-1	4.98889E+0	5.68675E-6	1.00000E+0	-1.08944E-9
7.46455E-1	4.98620E+0	3.45867E-6	1.00000E+0	-4.00812E-10
7.47110E-1	4.98754E+0	7.25951E-6	9.99986E-1	8.04292E-10
7.47766E-1	4.98889E+0	1.07982E-5	1.00001E+0	-1.90719E-9
7.48421E-1	4.98687E+0	1.23710E-5	9.99999E-1	2.56891E-9
7.49076E-1	4.98485E+0	2.93442E-6	9.99997E-1	-2.33759E-9
7.49732E-1	-1.43103E-2	8.17696E-6	1.00008E+0	-1.30299E-6
7.50387E-1	-1.49824E-2	1.21089E-5	9.99925E-1	-3.09639E-7
7.51043E-1	-1.36381E-2	-3.42170E-7	9.99999E-1	-2.20927E-8
7.51698E-1	-1.43103E-2	1.13225E-5	1.00000E+0	-8.01879E-9
7.52353E-1	-1.43103E-2	1.73514E-5	9.99992E-1	-4.27436E-9
7.53009E-1	-1.22939E-2	2.54123E-6	1.00001E+0	-3.62877E-9
7.53664E-1	-1.43103E-2	8.70121E-6	1.00000E+0	-1.43376E-9
7.54319E-1	-1.16218E-2	9.48759E-6	9.99997E-1	-2.16543E-9
7.54975E-1	-1.36381E-2	1.07982E-5	9.99995E-1	-2.20847E-9
7.55630E-1	-1.36381E-2	8.43908E-6	1.00002E+0	-2.72494E-9
7.56285E-1	-1.63266E-2	1.09293E-5	1.00000E+0	-1.60592E-9
7.56941E-1	-1.22939E-2	2.40356E-5	9.99992E-1	-5.29930E-10
7.57596E-1	-1.56545E-2	1.04050E-5	9.99995E-1	-1.30464E-9
7.58252E-1	-1.29660E-2	2.15454E-5	1.00000E+0	-5.72970E-10
7.58907E-1	-1.29660E-2	1.04050E-5	1.00000E+0	-1.60592E-9
7.59562E-1	-1.69987E-2	-4.40514E-6	9.99995E-1	5.89095E-10
7.60218E-1	-1.63266E-2	1.06672E-5	1.00000E+0	-2.29455E-9
7.60873E-1	-1.49824E-2	9.09440E-6	9.99999E-1	1.92332E-9
7.61528E-1	-1.43103E-2	8.17696E-6	1.00001E+0	-2.98318E-9
7.62184E-1	-1.36381E-2	1.62378E-6	9.99992E-1	1.96636E-9
7.62839E-1	-1.29660E-2	4.63824E-6	1.00000E+0	-1.17552E-9
7.63494E-1	-1.56545E-2	1.38127E-5	1.00000E+0	-1.42575E-10
7.64150E-1	-1.63266E-2	2.16765E-5	9.99992E-1	-1.82111E-9
7.64805E-1	-1.49824E-2	1.42059E-5	1.00002E+0	-1.85615E-10
7.65460E-1	-1.29660E-2	1.01429E-5	9.99990E-1	-6.59049E-10
7.66116E-1	-1.49824E-2	7.39058E-6	1.00001E+0	-1.56288E-9
7.66771E-1	-1.49824E-2	9.48759E-6	9.99995E-1	-1.34570E-11
7.67427E-1	-1.49824E-2	8.30802E-6	9.99999E-1	-1.42575E-10
7.68082E-1	-1.49824E-2	3.45867E-6	1.00000E+0	-8.74246E-10
7.68737E-1	-1.36381E-2	1.43369E-5	9.99992E-1	-1.85615E-10
7.69393E-1	-1.49824E-2	9.88078E-6	9.99997E-1	-9.95359E-11
7.70048E-1	-1.36381E-2	8.70121E-6	1.00000E+0	6.32135E-10
7.70703E-1	-1.36381E-2	1.01429E-5	1.00000E+0	-6.16009E-10
7.71359E-1	-1.56545E-2	9.48759E-6	1.00001E+0	-1.43376E-9
7.72014E-1	-1.22939E-2	9.88078E-6	9.99995E-1	1.92332E-9
7.72669E-1	-1.36381E-2	1.04050E-5	9.99995E-1	-1.43376E-9
7.73325E-1	-1.16218E-2	9.35653E-6	1.00000E+0	-1.30464E-9
7.73980E-1	-1.43103E-2	7.78377E-6	1.00000E+0	-5.72970E-10
7.74636E-1	-1.49824E-2	1.00118E-5	9.99992E-1	2.43979E-9
7.75291E-1	-1.49824E-2	4.76931E-6	1.00000E+0	-2.63886E-9
7.75946E-1	-9.60547E-3	5.68675E-6	1.00001E+0	1.06253E-9
7.76602E-1	-1.43103E-2	1.13225E-5	9.99982E-1	-1.56288E-9
7.77257E-1	-1.36381E-2	6.86632E-6	1.00001E+0	-1.85615E-10
7.77912E-1	-1.36381E-2	1.02740E-5	9.99999E-1	2.26763E-9
7.78568E-1	-1.69987E-2	8.04589E-6	1.00001E+0	-1.82111E-9
7.79223E-1	-1.56545E-2	1.11914E-5	9.99995E-1	-1.60592E-9
7.79878E-1	-1.36381E-2	8.83228E-6	1.00000E+0	2.44780E-10
7.80534E-1	-9.60547E-3	6.86632E-6	9.99997E-1	3.30858E-10
7.81189E-1	-1.16218E-2	5.16250E-6	1.00001E+0	-3.57772E-10
7.81844E-1	-1.36381E-2	2.61327E-5	1.00000E+0	-5.29930E-10
7.82500E-1	-1.43103E-2	1.28952E-5	9.99986E-1	-1.08944E-9
7.83155E-1	-1.56545E-2	1.17157E-5	1.00001E+0	6.32135E-10
7.83811E-1	-1.29660E-2	1.06672E-5	9.99997E-1	-9.60325E-10
7.84466E-1	-1.56545E-2	1.00118E-5	9.99992E-1	1.32077E-9
7.85121E-1	-1.22939E-2	8.43908E-6	1.00000E+0	-4.43851E-10
7.85777E-1	-1.22939E-2	2.06280E-5	9.99999E-1	5.89095E-10
7.86432E-1	-1.49824E-2	1.51233E-5	1.00001E+0	-1.47680E-9
7.87087E-1	-1.29660E-2	-2.30812E-6	1.00001E+0	-9.95359E-11
7.87743E-1	-1.09497E-2	1.47301E-5	9.99984E-1	7.26219E-11
7.88398E-1	-1.43103E-2	1.06672E-5	1.00001E+0	-6.16009E-10
7.89053E-1	-1.36381E-2	3.32761E-6	9.99988E-1	1.36380E-9
7.89709E-1	-1.29660E-2	1.36816E-5	1.00001E+0	-2.76798E-9
7.90364E-1	-1.16218E-2	2.67229E-6	9.99997E-1	1.88028E-9
7.91020E-1	-1.29660E-2	2.11522E-5	1.00001E+0	-2.76798E-9
7.91675E-1	-1.36381E-2	2.24629E-5	9.99999E-1	5.46056E-10
7.92330E-1	-1.43103E-2	3.58973E-6	9.99995E-1	-4.43851E-10
7.92986E-1	-1.43103E-2	2.46910E-5	9.99997E-1	1.57900E-9
7.93641E-1	-1.02776E-2	7.52164E-6	1.00001E+0	-1.13248E-9
7.94296E-1	-1.36381E-2	7.52164E-6	9.99995E-1	1.27773E-9
7.94952E-1	-1.09497E-2	1.06672E-5	1.00001E+0	-2.81102E-9
7.95607E-1	-1.36381E-2	1.19778E-5	9.99995E-1	1.92332E-9
7.96262E-1	-1.49824E-2	6.34207E-6	1.00001E+0	-1.17552E-9
7.96918E-1	-1.09497E-2	7.39058E-6	1.00000E+0	-8.74246E-10
7.97573E-1	-1.22939E-2	8.83228E-6	9.99999E-1	-9.95359E-11
7.98228E-1	-1.16218E-2	1.39438E-5	9.99995E-1	4.59977E-10
7.98884E-1	-1.09497E-2	1.04050E-5	1.00000E+0	-1.73503E-9
7.99539E-1	-1.49824E-2	1.15846E-5	9.99486E-1	1.01925E-6
8.00195E-1	4.98821E+0	1.13225E-5	1.00050E+0	5.90315E-7
8.00850E-1	4.98620E+0	8.30802E-6	1.00001E+0	2.18075E-8
8.01505E-1	4.98956E+0	8.70121E-6	9.99990E-1	1.02730E-8
8.02161E-1	4.98687E+0	1.36816E-5	1.00001E+0	4.20441E-9
8.02816E-1	4.98889E+0	1.27642E-5	9.99992E-1	6.22726E-9
8.03471E-1	4.98687E+0	-1.91493E-6	9.99999E-1	2.44780E-10
8.04127E-1	4.98956E+0	1.49272E-6	1.00002E+0	2.00940E-9
8.04782E-1	4.98821E+0	1.07982E-5	9.99986E-1	2.43979E-9
8.05437E-1	4.98620E+0	8.57015E-6	1.00001E+0	1.96636E-9
8.06093E-1	4.98889E+0	1.02740E-5	9.99986E-1	8.90371E-10
8.06748E-1	4.98485E+0	8.83228E-6	1.00001E+0	1.23469E-9
8.07404E-1	4.99090E+0	1.07982E-5	9.99997E-1	2.56891E-9
8.08059E-1	4.99158E+0	1.27642E-5	1.00001E+0	-1.85615E-10
8.08714E-1	4.98687E+0	7.25951E-6	9.99995E-1	6.32135E-10
8.09370E-1	4.98687E+0	1.05361E-5	1.00001E+0	4.59977E-10
8.10025E-1	4.98418E+0	1.02740E-5	9.99995E-1	7.18213E-10
8.10680E-1	4.98620E+0	8.17696E-6	1.00001E+0	-1.34768E-9
8.11336E-1	4.98889E+0	1.01429E-5	9.99988E-1	1.23469E-9
8.11991E-1	4.98821E+0	6.21101E-6	1.00001E+0	-1.00336E-9
8.12646E-1	4.98821E+0	8.70121E-6	9.99995E-1	2.74107E-9
8.13302E-1	4.98620E+0	1.52544E-5	9.99990E-1	-2.76798E-9
8.13957E-1	4.98956E+0	1.10604E-5	1.00001E+0	8.90371E-10
8.14612E-1	4.98821E+0	1.28952E-5	9.99997E-1	6.75174E-10
8.15268E-1	4.98687E+0	6.73526E-6	9.99999E-1	1.49292E-9
8.15923E-1	4.98620E+0	7.91483E-6	9.99997E-1	-2.28654E-10
8.16579E-1	4.98889E+0	8.96334E-6	1.00001E+0	-9.95359E-11
8.17234E-1	4.98620E+0	8.70121E-6	1.00000E+0	-6.59049E-10
8.17889E-1	4.98351E+0	8.83228E-6	1.00000E+0	9.76450E-10
8.18545E-1	4.98821E+0	1.19778E-5	9.99999E-1	-9.60325E-10
8.19200E-1	4.98687E+0	8.57015E-6	9.99999E-1	8.04292E-10
8.19855E-1	4.98687E+0	1.21089E-5	1.00001E+0	-1.04640E-9
8.20511E-1	4.98620E+0	1.43369E-5	9.99992E-1	6.75174E-10
8.21166E-1	4.98620E+0	9.48759E-6	9.99992E-1	3.30858E-10
8.21821E-1	4.98687E+0	8.17696E-6	1.00002E+0	-2.12239E-9
8.22477E-1	4.98754E+0	1.09293E-5	9.99986E-1	2.56891E-9
8.23132E-1	4.98351E+0	-2.96344E-6	1.00002E+0	-2.38063E-9
8.23788E-1	4.98485E+0	3.06548E-6	9.99986E-1	3.08538E-9
8.24443E-1	4.98553E+0	7.52164E-6	1.00001E+0	-3.06926E-9
8.25098E-1	4.98620E+0	1.26331E-5	9.99990E-1	2.00940E-9
8.25754E-1	4.98821E+0	5.94888E-6	1.00001E+0	-1.86415E-9
8.26409E-1	4.98754E+0	4.24505E-6	1.00000E+0	1.32077E-9
8.27064E-1	4.98754E+0	9.74972E-6	9.99997E-1	-1.21856E-9
8.27720E-1	4.98687E+0	8.70121E-6	1.00001E+0	-1.08944E-9
8.28375E-1	4.98956E+0	5.29356E-6	9.99997E-1	2.44780E-10
8.29030E-1	4.98620E+0	1.13225E-5	1.00001E+0	8.04292E-10
8.29686E-1	4.98553E+0	1.00118E-5	9.99990E-1	-7.45127E-10
8.30341E-1	4.98889E+0	3.32761E-6	1.00001E+0	-1.08944E-9
8.30996E-1	4.98687E+0	7.91483E-6	9.99995E-1	6.32135E-10
8.31652E-1	4.98754E+0	9.09440E-6	1.00001E+0	-1.34570E-11
8.32307E-1	4.98687E+0	2.54123E-6	9.99984E-1	7.26219E-11
8.32963E-1	4.98687E+0	5.29356E-6	1.00002E+0	4.59977E-10
8.33618E-1	4.98418E+0	1.07982E-5	9.99986E-1	1.53596E-9
8.34273E-1	4.98754E+0	7.25951E-6	1.00001E+0	-1.82111E-9
8.34929E-1	4.98553E+0	7.91483E-6	9.99999E-1	2.01740E-10
8.35584E-1	4.98553E+0	1.00118E-5	1.00001E+0	-2.03631E-9
8.36239E-1	4.98754E+0	5.29356E-6	9.99986E-1	3.25754E-9
8.36895E-1	4.98553E+0	1.14535E-5	1.00001E+0	-1.86415E-9
8.37550E-1	4.98485E+0	9.09440E-6	9.99999E-1	8.90371E-10
8.38205E-1	4.98956E+0	3.58973E-6	9.99997E-1	-1.95023E-9
8.38861E-1	4.98620E+0	9.48759E-6	1.00002E+0	-4.43851E-10
8.39516E-1	4.98485E+0	-3.22557E-6	9.99995E-1	4.16937E-10
8.40172E-1	4.98956E+0	8.30802E-6	1.00001E+0	-5.72970E-10
8.40827E-1	4.98889E+0	1.06672E-5	9.99984E-1	1.62204E-9
8.41482E-1	4.98553E+0	1.02740E-5	1.00001E+0	-2.33759E-9
8.42138E-1	4.98553E+0	6.86632E-6	9.99997E-1	1.49292E-9
8.42793E-1	4.98553E+0	6.73526E-6	9.99997E-1	-1.82111E-9
8.43448E-1	4.98687E+0	5.81781E-6	9.99997E-1	2.82715E-9
8.44104E-1	4.98821E+0	2.52152E-5	1.00000E+0	-3.71485E-9
8.44759E-1	4.98620E+0	8.96334E-6	1.00001E+0	6.75174E-10
8.45414E-1	4.98754E+0	1.14535E-5	1.00001E+0	5.03016E-10
8.46070E-1	4.98351E+0	9.74972E-6	9.99990E-1	2.01740E-10
8.46725E-1	4.98687E+0	9.61866E-6	1.00000E+0	-6.59049E-10
8.47380E-1	4.98485E+0	1.04050E-5	1.00001E+0	-5.72970E-10
8.48036E-1	4.98351E+0	1.38127E-5	1.00000E+0	-7.45127E-10
8.48691E-1	4.98687E+0	1.40748E-5	1.00000E+0	-4.86891E-10
8.49347E-1	4.98821E+0	1.11914E-5	1.00014E+0	-5.13990E-7
8.50002E-1	-1.36381E-2	9.35653E-6	9.99876E-1	-1.05155E-6
8.50657E-1	-1.63266E-2	-2.04600E-6	9.99973E-1	-6.80158E-8
8.51313E-1	-1.63266E-2	-9.97488E-7	1.00001E+0	-1.40443E-8
8.51968E-1	-1.36381E-2	7.65270E-6	9.99988E-1	-2.38063E-9
8.52623E-1	-1.63266E-2	-2.30812E-6	1.00000E+0	-5.22123E-9
8.53279E-1	-1.49824E-2	-9.97488E-7	1.00000E+0	-1.34768E-9
8.53934E-1	-1.29660E-2	6.73526E-6	9.99999E-1	-4.36044E-9
8.54589E-1	-1.16218E-2	1.06672E-5	9.99992E-1	5.03016E-10
8.55245E-1	-1.29660E-2	6.99739E-6	1.00001E+0	-2.42367E-9
8.55900E-1	-1.29660E-2	9.35653E-6	1.00000E+0	-1.39072E-9
8.56556E-1	-1.29660E-2	7.65270E-6	9.99990E-1	-1.90719E-9
8.57211E-1	-1.09497E-2	9.74972E-6	1.00001E+0	-1.26160E-9
8.57866E-1	-1.63266E-2	9.74972E-6	9.99992E-1	-1.56288E-9
8.58522E-1	-1.16218E-2	3.72080E-6	1.00001E+0	5.03016E-10
8.59177E-1	-1.29660E-2	1.05361E-5	9.99990E-1	4.59977E-10
8.59832E-1	-1.56545E-2	1.91863E-5	1.00000E+0	-2.07935E-9
8.60488E-1	-1.16218E-2	1.31574E-5	1.00001E+0	-7.45127E-10
8.61143E-1	-1.29660E-2	-2.96344E-6	9.99995E-1	-1.43376E-9
8.61798E-1	-1.36381E-2	1.18467E-5	1.00001E+0	7.26219E-11
8.62454E-1	-1.29660E-2	5.42462E-6	9.99990E-1	-1.43376E-9
8.63109E-1	-1.43103E-2	-6.04297E-7	9.99999E-1	1.88028E-9
8.63764E-1	-1.43103E-2	9.61866E-6	9.99995E-1	-1.39072E-9
8.64420E-1	-1.49824E-2	9.22547E-6	1.00000E+0	1.10557E-9
8.65075E-1	-1.43103E-2	2.70501E-5	9.99999E-1	-1.43376E-9
8.65731E-1	-1.49824E-2	-9.97488E-7	1.00002E+0	-2.46670E-9
8.66386E-1	-1.16218E-2	1.28952E-5	9.99982E-1	2.56891E-9
8.67041E-1	-1.63266E-2	1.70893E-5	1.00000E+0	-3.02622E-9
8.67697E-1	-1.29660E-2	1.27642E-5	1.00001E+0	-5.64964E-11
8.68352E-1	-1.36381E-2	3.06548E-6	9.99992E-1	-7.88167E-10
8.69007E-1	-1.22939E-2	1.07982E-5	1.00001E+0	7.18213E-10
8.69663E-1	-1.43103E-2	1.04050E-5	9.99997E-1	4.16937E-10
8.70318E-1	-1.36381E-2	3.32761E-6	9.99999E-1	-1.56288E-9
8.70973E-1	-1.02776E-2	5.03143E-6	1.00000E+0	2.87819E-10
8.71629E-1	-1.29660E-2	1.06672E-5	1.00000E+0	4.16937E-10
8.72284E-1	-1.63266E-2	9.74972E-6	9.99992E-1	-7.45127E-10
8.72940E-1	-1.49824E-2	1.02740E-5	1.00001E+0	3.73898E-10
8.73595E-1	-1.63266E-2	9.74972E-6	9.99997E-1	-8.74246E-10
8.74250E-1	-1.22939E-2	8.04589E-6	1.00000E+0	1.15661E-10
8.74906E-1	-1.36381E-2	2.01697E-6	1.00001E+0	-1.95023E-9
8.75561E-1	-1.36381E-2	-4.92939E-6	9.99990E-1	3.73898E-10
8.76216E-1	-1.16218E-2	1.17157E-5	9.99988E-1	2.87819E-10
8.76872E-1	-1.22939E-2	1.19778E-5	1.00001E+0	-1.77807E-9
8.77527E-1	-1.36381E-2	1.11914E-5	9.99995E-1	2.05244E-9
8.78182E-1	-1.09497E-2	9.88078E-6	1.00000E+0	-2.42367E-9
8.78838E-1	-1.02776E-2	7.65270E-6	9.99997E-1	2.35371E-9
8.79493E-1	-1.16218E-2	1.09293E-5	9.99999E-1	-1.77807E-9
8.80148E-1	-1.29660E-2	3.45867E-6	1.00000E+0	1.19165E-9
8.80804E-1	-1.22939E-2	8.70121E-6	9.99986E-1	-1.85615E-10
8.81459E-1	-1.29660E-2	7.12845E-6	1.00002E+0	-1.64896E-9
8.82115E-1	-1.29660E-2	1.14535E-5	9.99988E-1	-1.47680E-9
8.82770E-1	-1.22939E-2	1.86620E-5	1.00001E+0	9.76450E-10
8.83425E-1	-1.49824E-2	1.52544E-5	9.99997E-1	-1.30464E-9
8.84081E-1	-1.36381E-2	-2.04600E-6	1.00000E+0	-1.85615E-10
8.84736E-1	-1.29660E-2	6.73526E-6	9.99992E-1	1.53596E-9
8.85391E-1	-1.02776E-2	1.14535E-5	1.00000E+0	-9.17285E-10
8.86047E-1	-1.09497E-2	9.61866E-6	9.99997E-1	1.01949E-9
8.86702E-1	-1.09497E-2	8.96334E-6	1.00001E+0	-1.82111E-9
8.87357E-1	-1.16218E-2	1.11914E-5	9.99997E-1	-3.14733E-10
8.88013E-1	-1.16218E-2	2.27910E-6	1.00000E+0	-1.39072E-9
8.88668E-1	-1.56545E-2	1.06672E-5	1.00000E+0	2.39675E-9
8.89324E-1	-1.56545E-2	1.32884E-5	1.00000E+0	-2.85406E-9
8.89979E-1	-1.22939E-2	1.86620E-5	1.00001E+0	2.95824E-11
8.90634E-1	-1.43103E-2	1.05361E-5	9.99999E-1	-4.86891E-10
8.91290E-1	-9.60547E-3	1.15846E-5	9.99997E-1	-6.16009E-10
8.91945E-1	-1.22939E-2	9.88078E-6	9.99992E-1	2.18155E-9
8.92600E-1	-1.22939E-2	9.35653E-6	1.00000E+0	-2.38063E-9
8.93256E-1	-1.49824E-2	1.04050E-5	9.99990E-1	1.88028E-9
8.93911E-1	-1.16218E-2	1.18467E-5	1.00001E+0	-2.38063E-9
8.94566E-1	-9.60547E-3	1.27642E-5	9.99992E-1	2.39675E-9
8.95222E-1	-1.29660E-2	1.73514E-5	1.00001E+0	-1.56288E-9
8.95877E-1	-1.16218E-2	9.88078E-6	1.00001E+0	-1.26160E-9
8.96532E-1	-1.36381E-2	5.68675E-6	9.99984E-1	2.95824E-11
8.97188E-1	-1.22939E-2	1.36816E-5	1.00000E+0	1.70812E-9
8.97843E-1	-1.22939E-2	3.06548E-6	9.99992E-1	-1.21856E-9
8.98499E-1	-1.22939E-2	1.19778E-5	1.00002E+0	-9.17285E-10
8.99154E-1	-1.29660E-2	9.74972E-6	9.99728E-1	9.73840E-7
8.99809E-1	4.99225E+0	1.07982E-5	1.00026E+0	6.84529E-7
9.00465E-1	4.98956E+0	8.37401E-7	1.00000E+0	4.20441E-9
9.01120E-1	4.98620E+0	6.86632E-6	9.99999E-1	2.39675E-9
9.01775E-1	4.99090E+0	8.04589E-6	9.99999E-1	2.95626E-9
9.02431E-1	4.98687E+0	7.65270E-6	9.99999E-1	-1.64896E-9
9.03086E-1	4.98956E+0	1.02740E-5	1.00000E+0	2.87019E-9
9.03741E-1	4.98620E+0	9.88078E-6	1.00001E+0	-1.47680E-9
9.04397E-1	4.98889E+0	4.90037E-6	9.99992E-1	1.36380E-9
9.05052E-1	4.98889E+0	9.61866E-6	1.00000E+0	-1.43376E-9
9.05708E-1	4.98821E+0	9.35653E-6	1.00000E+0	6.75174E-10
9.06363E-1	4.98889E+0	8.96334E-6	9.99990E-1	7.26219E-11
9.07018E-1	4.98821E+0	1.09293E-5	1.00001E+0	-6.59049E-10
9.07674E-1	4.98485E+0	-4.14301E-6	9.99990E-1	1.32077E-9
9.08329E-1	4.98821E+0	1.25021E-5	1.00001E+0	-1.73503E-9
9.08984E-1	4.98620E+0	1.02740E-5	9.99986E-1	2.05244E-9
9.09640E-1	4.98889E+0	1.22399E-5	1.00001E+0	-2.42367E-9
9.10295E-1	4.98687E+0	1.42059E-5	1.00000E+0	2.31067E-9
9.10950E-1	4.98620E+0	5.29356E-6	9.99997E-1	-1.39072E-9
9.11606E-1	4.98821E+0	1.02740E-5	1.00000E+0	1.06253E-9
9.12261E-1	4.98889E+0	5.55569E-6	9.99992E-1	-2.03631E-9
9.12916E-1	4.98620E+0	1.72203E-5	1.00001E+0	1.32077E-9
9.13572E-1	4.98284E+0	2.24629E-5	1.00000E+0	-1.85615E-10
9.14227E-1	4.98620E+0	4.90037E-6	1.00000E+0	-9.17285E-10
9.14883E-1	4.98620E+0	8.83228E-6	9.99992E-1	-9.95359E-11
9.15538E-1	4.98553E+0	7.12845E-6	1.00001E+0	-5.29930E-10
9.16193E-1	4.98821E+0	8.30802E-6	9.99992E-1	2.22459E-9
9.16849E-1	4.98754E+0	8.83228E-6	1.00001E+0	-2.85406E-9
9.17504E-1	4.98754E+0	1.01429E-5	9.99995E-1	1.83724E-9
9.18159E-1	4.98687E+0	1.26331E-5	9.99999E-1	-1.69199E-9
9.18815E-1	4.98821E+0	6.73526E-6	9.99997E-1	-5.64964E-11
9.19470E-1	4.98889E+0	1.07982E-5	9.99997E-1	-7.45127E-10
9.20125E-1	4.98620E+0	1.18467E-5	1.00002E+0	-4.00812E-10
9.20781E-1	4.98956E+0	1.18467E-5	9.99986E-1	9.33411E-10
9.21436E-1	4.98687E+0	1.88591E-6	9.99999E-1	5.46056E-10
9.22092E-1	4.98889E+0	7.65270E-6	1.00000E+0	-1.56288E-9
9.22747E-1	4.98620E+0	8.83228E-6	9.99992E-1	7.18213E-10
9.23402E-1	4.98553E+0	9.74972E-6	1.00001E+0	-1.21856E-9
9.24058E-1	4.98754E+0	9.61866E-6	1.00000E+0	1.15661E-10
9.24713E-1	4.98889E+0	1.05361E-5	9.99999E-1	1.15661E-10
9.25368E-1	4.98821E+0	9.09440E-6	9.99995E-1	-6.59049E-10
9.26024E-1	4.98889E+0	5.55569E-6	9.99999E-1	1.70812E-9
9.26679E-1	4.98620E+0	1.01429E-5	1.00001E+0	-1.64896E-9
9.27334E-1	4.98821E+0	1.00118E-5	9.99999E-1	1.92332E-9
9.27990E-1	4.98754E+0	6.07994E-6	9.99999E-1	-2.98318E-9
9.28645E-1	4.98821E+0	1.09293E-5	1.00000E+0	2.26763E-9
9.29300E-1	4.98687E+0	1.10604E-5	9.99995E-1	-2.46670E-9
9.29956E-1	4.98553E+0	9.22547E-6	1.00001E+0	2.31067E-9
9.30611E-1	4.98754E+0	1.43369E-5	9.99986E-1	-6.59049E-10
9.31267E-1	4.98821E+0	8.83228E-6	1.00002E+0	-1.69199E-9
9.31922E-1	4.98620E+0	7.25951E-6	9.99990E-1	1.58701E-10
9.32577E-1	4.98620E+0	4.44211E-7	1.00002E+0	-1.85615E-10
9.33233E-1	4.98553E+0	8.96334E-6	9.99992E-1	-1.77807E-9
9.33888E-1	4.99023E+0	7.91483E-6	1.00000E+0	-9.95359E-11
9.34543E-1	4.98821E+0	6.86632E-6	9.99997E-1	4.16937E-10
9.35199E-1	4.98553E+0	1.07982E-5	9.99990E-1	1.01949E-9
9.35854E-1	4.98821E+0	-5.58471E-6	9.99999E-1	6.32135E-10
9.36509E-1	4.98821E+0	1.44680E-5	1.00001E+0	-3.02622E-9
9.37165E-1	4.98553E+0	6.99739E-6	9.99999E-1	3.30858E-10
9.37820E-1	4.98956E+0	9.22547E-6	1.00000E+0	2.44780E-10
9.38476E-1	4.98620E+0	9.22547E-6	9.99995E-1	-5.29930E-10
9.39131E-1	4.98687E+0	7.52164E-6	9.99999E-1	1.06253E-9
9.39786E-1	4.98687E+0	7.39058E-6	1.00000E+0	2.44780E-10
9.40442E-1	4.98553E+0	8.30802E-6	9.99992E-1	-4.86891E-10
9.41097E-1	4.98754E+0	5.16250E-6	1.00001E+0	-1.26160E-9
9.41752E-1	4.98889E+0	1.74825E-5	9.99992E-1	2.01740E-10
9.42408E-1	4.98889E+0	2.03659E-5	1.00001E+0	-1.26160E-9
9.43063E-1	4.98553E+0	7.78377E-6	9.99988E-1	1.57900E-9
9.43718E-1	4.98485E+0	5.42462E-6	1.00001E+0	-1.00336E-9
9.44374E-1	4.98821E+0	7.25951E-6	9.99990E-1	9.76450E-10
9.45029E-1	4.98889E+0	8.17696E-6	1.00001E+0	-2.12239E-9
9.45684E-1	4.98485E+0	1.31574E-5	1.00001E+0	1.44988E-9
9.46340E-1	4.98485E+0	8.57015E-6	9.99995E-1	-1.04640E-9
9.46995E-1	4.98754E+0	4.24505E-6	1.00001E+0	1.32077E-9
9.47651E-1	4.98620E+0	1.07982E-5	9.99997E-1	-2.29455E-9
9.48306E-1	4.98889E+0	1.07982E-5	9.99999E-1	7.18213E-10
9.48961E-1	4.98754E+0	1.14535E-5	1.00001E+0	-1.34768E-9
9.49617E-1	-1.36381E-2	8.96334E-6	1.00004E+0	-1.47898E-6
9.50272E-1	-1.56545E-2	1.49272E-6	9.99963E-1	-1.59905E-7
9.50927E-1	-1.29660E-2	7.91483E-6	9.99999E-1	-1.16771E-8
9.51583E-1	-1.36381E-2	1.14535E-5	1.00000E+0	-4.96299E-9
9.52238E-1	-1.43103E-2	1.30263E-5	9.99995E-1	-4.44652E-9
9.52893E-1	-1.63266E-2	8.30802E-6	9.99999E-1	-2.42367E-9
9.53549E-1	-1.22939E-2	9.35653E-6	1.00000E+0	-3.28445E-9
9.54204E-1	-1.29660E-2	3.45867E-6	1.00001E+0	-3.57772E-10
9.54860E-1	-1.16218E-2	1.02740E-5	9.99999E-1	-2.38063E-9
9.55515E-1	-1.49824E-2	-1.65281E-6	9.99997E-1	8.04292E-10
9.56170E-1	-1.56545E-2	8.04589E-6	1.00000E+0	-2.76798E-9
9.56826E-1	-1.16218E-2	8.30802E-6	9.99999E-1	1.10557E-9
9.57481E-1	-1.36381E-2	1.43369E-5	9.99999E-1	-1.77807E-9
9.58136E-1	-1.36381E-2	1.39438E-5	9.99999E-1	-1.42575E-10
9.58792E-1	-1.43103E-2	7.12845E-6	9.99999E-1	-1.60592E-9
9.59447E-1	-1.56545E-2	8.17696E-6	1.00000E+0	-9.95359E-11
9.60102E-1	-1.43103E-2	5.55569E-6	1.00001E+0	-8.74246E-10
9.60758E-1	-1.36381E-2	1.06672E-5	1.00000E+0	2.87819E-10
9.61413E-1	-1.22939E-2	9.35653E-6	9.99988E-1	-1.69199E-9
9.62068E-1	-1.22939E-2	1.31574E-5	1.00001E+0	1.15661E-10
9.62724E-1	-1.29660E-2	2.28561E-5	9.99992E-1	-7.45127E-10
9.63379E-1	-1.43103E-2	7.52164E-6	1.00001E+0	-1.69199E-9
9.64035E-1	-1.43103E-2	8.83228E-6	1.00000E+0	2.13851E-9
9.64690E-1	-1.22939E-2	9.48759E-6	9.99988E-1	-2.20847E-9
9.65345E-1	-1.43103E-2	8.96334E-6	9.99999E-1	7.61253E-10
9.66001E-1	-1.69987E-2	1.31574E-5	1.00001E+0	-2.25151E-9
9.66656E-1	-1.49824E-2	1.14535E-5	9.99995E-1	1.14861E-9
9.67311E-1	-1.56545E-2	8.43908E-6	9.99997E-1	-1.95023E-9
9.67967E-1	-1.29660E-2	8.70121E-6	1.00001E+0	8.47332E-10
9.68622E-1	-1.16218E-2	7.91483E-6	9.99986E-1	7.61253E-10
9.69277E-1	-1.29660E-2	6.21101E-6	1.00001E+0	-2.81102E-9
9.69933E-1	-1.22939E-2	1.01429E-5	1.00001E+0	2.95824E-11
9.70588E-1	-8.93336E-3	8.30802E-6	9.99990E-1	4.16937E-10
9.71244E-1	-1.43103E-2	1.30263E-5	1.00000E+0	-1.85615E-10
9.71899E-1	-1.43103E-2	1.10604E-5	1.00000E+0	-1.26160E-9
9.72554E-1	-1.36381E-2	9.09440E-6	1.00000E+0	1.06253E-9
9.73210E-1	-1.29660E-2	2.18076E-5	9.99995E-1	1.58701E-10
9.73865E-1	-1.09497E-2	7.78377E-6	1.00001E+0	-1.64896E-9
9.74520E-1	-1.63266E-2	1.19778E-5	1.00001E+0	-5.29930E-10
9.75176E-1	-1.02776E-2	5.81781E-6	9.99999E-1	9.76450E-10
9.75831E-1	-1.36381E-2	1.04050E-5	9.99997E-1	-1.17552E-9
9.76486E-1	-1.16218E-2	1.00118E-5	1.00000E+0	-4.00812E-10
9.77142E-1	-1.09497E-2	1.30263E-5	9.99988E-1	6.32135E-10
9.77797E-1	-1.43103E-2	1.06672E-5	1.00002E+0	-7.88167E-10
9.78452E-1	-1.09497E-2	1.13225E-5	9.99992E-1	3.30858E-10
9.79108E-1	-1.16218E-2	8.04589E-6	1.00000E+0	-6.59049E-10
9.79763E-1	-1.29660E-2	1.02740E-5	9.99997E-1	1.27773E-9
9.80419E-1	-1.29660E-2	4.90037E-6	1.00001E+0	-3.54269E-9
9.81074E-1	-1.63266E-2	5.42462E-6	9.99995E-1	2.43979E-9
9.81729E-1	-1.43103E-2	1.14535E-5	9.99999E-1	-2.63886E-9
9.82385E-1	-1.36381E-2	1.40748E-5	9.99995E-1	-4.86891E-10
9.83040E-1	-1.29660E-2	3.06548E-6	1.00001E+0	-4.43851E-10
9.83695E-1	-1.43103E-2	1.10604E-5	1.00001E+0	-1.85615E-10
9.84351E-1	-1.43103E-2	9.09440E-6	9.99990E-1	2.01740E-10
9.85006E-1	-1.63266E-2	7.12845E-6	9.99997E-1	1.01949E-9
9.85661E-1	-1.22939E-2	7.25951E-6	1.00000E+0	-2.50974E-9
9.86317E-1	-1.29660E-2	1.10604E-5	9.99992E-1	2.56891E-9
9.86972E-1	-1.69987E-2	6.21101E-6	1.00001E+0	-2.63886E-9
9.87628E-1	-1.16218E-2	7.78377E-6	1.00001E+0	1.70812E-9
9.88283E-1	-1.29660E-2	1.01429E-5	9.99992E-1	-9.60325E-10
9.88938E-1	-1.63266E-2	2.63948E-5	9.99995E-1	-2.71694E-10
9.89594E-1	-1.22939E-2	8.04589E-6	1.00000E+0	-7.45127E-10
9.90249E-1	-1.36381E-2	1.11914E-5	1.00001E+0	-9.60325E-10
9.90904E-1	-1.43103E-2	7.12845E-6	9.99982E-1	8.04292E-10
9.91560E-1	-1.56545E-2	7.12845E-6	1.00002E+0	-9.60325E-10
9.92215E-1	-1.16218E-2	7.91483E-6	9.99992E-1	1.96636E-9
9.92870E-1	-1.63266E-2	2.41016E-6	1.00001E+0	-2.25151E-9
9.93526E-1	-9.60547E-3	1.06672E-5	1.00000E+0	-2.28654E-10
9.94181E-1	-1.02776E-2	1.39438E-5	9.99988E-1	-1.17552E-9
9.94836E-1	-1.22939E-2	-2.57025E-6	1.00001E+0	2.13851E-9
9.95492E-1	-1.63266E-2	6.34207E-6	9.99992E-1	-1.86415E-9
9.96147E-1	-1.29660E-2	2.35114E-5	1.00001E+0	-1.34570E-11
9.96803E-1	-1.16218E-2	1.07982E-5	1.00000E+0	-1.43376E-9
9.97458E-1	-1.36381E-2	9.48759E-6	1.00000E+0	1.83724E-9
9.98113E-1	-1.29660E-2	4.63824E-6	1.00000E+0	-2.89710E-9
9.98769E-1	-1.56545E-2	1.36166E-6	1.00000E+0	1.06253E-9
9.99424E-1	-1.22939E-2	1.00118E-5	1.00000E+0	1.64039E-6
