## Header ##
[General info]
User	Giorgos_Psaltakis
Device	Sample
Cell area (cm2)	1
Test	Pulsed
Date	2024-03-03
Time	03:59:10
Temperature	21.36
Note	

[Acquisition Settings]
Amplitude (V)	2.000
Frequency (Hz)	10.0
DC Offset (V)	1.000
Duty Cycle (%)	50
Phase (°)	0
Cycles	10

## Data ##
Time (s)	DC Channel Voltage (V)	DC Channel Current (A)	Pulse Channel Voltage (V)	Pulse Channel Current (A)
0.00000E+0	1.99319E+0	6.07994E-6	9.52231E-1	3.51199E-7
6.55360E-4	1.99238E+0	6.73526E-6	1.00034E+0	2.13171E-8
1.31072E-3	1.99265E+0	4.90037E-6	1.00010E+0	5.09237E-9
1.96608E-3	1.99346E+0	4.37612E-6	1.00001E+0	4.31553E-9
2.62144E-3	1.99238E+0	7.52164E-6	1.00001E+0	1.89801E-9
3.27680E-3	1.99562E+0	6.60420E-6	9.99881E-1	3.58481E-9
3.93216E-3	1.99373E+0	1.32884E-5	1.00011E+0	2.79703E-9
4.58752E-3	1.99292E+0	9.61866E-6	9.99902E-1	2.14190E-9
5.24288E-3	1.99292E+0	1.27642E-5	1.00005E+0	3.07088E-9
5.89824E-3	1.99211E+0	-3.61876E-6	1.00001E+0	1.88280E-9
6.55360E-3	1.99238E+0	8.43908E-6	1.00006E+0	5.65403E-10
7.20896E-3	1.99265E+0	1.51233E-5	9.99906E-1	2.80274E-9
7.86432E-3	1.99454E+0	1.35506E-5	1.00004E+0	1.28091E-9
8.51968E-3	1.99346E+0	1.23710E-5	1.00007E+0	2.70100E-9
9.17504E-3	1.99130E+0	8.96334E-6	9.99912E-1	1.48107E-9
9.83040E-3	1.99346E+0	4.90037E-6	1.00008E+0	1.67076E-9
1.04858E-2	1.99265E+0	1.70893E-5	9.99876E-1	1.74302E-9
1.11411E-2	1.99454E+0	2.29871E-5	1.00016E+0	2.05110E-9
1.17965E-2	1.99319E+0	1.23059E-6	9.99914E-1	1.46347E-9
1.24518E-2	1.99265E+0	1.00118E-5	1.00003E+0	1.31229E-9
1.31072E-2	1.99104E+0	-1.65281E-6	9.99942E-1	2.93681E-9
1.37626E-2	1.99238E+0	4.11399E-6	1.00002E+0	1.91893E-9
1.44179E-2	1.99319E+0	1.42059E-5	1.00003E+0	1.05271E-9
1.50733E-2	1.99265E+0	6.99739E-6	1.00003E+0	2.03969E-9
1.57286E-2	1.99319E+0	8.43908E-6	9.99973E-1	2.10339E-9
1.63840E-2	1.99211E+0	9.48759E-6	9.99980E-1	1.10548E-9
1.70394E-2	1.99373E+0	1.63029E-5	9.99912E-1	1.11737E-9
1.76947E-2	1.99184E+0	9.61866E-6	1.00007E+0	2.97009E-9
1.83501E-2	1.99265E+0	9.88078E-6	9.99946E-1	9.29576E-10
1.90054E-2	1.99346E+0	1.90552E-5	1.00005E+0	1.79294E-9
1.96608E-2	1.99346E+0	1.52544E-5	9.99963E-1	2.80987E-9
2.03162E-2	1.99373E+0	2.66569E-5	1.00002E+0	1.08504E-9
2.09715E-2	1.99157E+0	8.70121E-6	1.00005E+0	1.20532E-9
2.16269E-2	1.99346E+0	1.01429E-5	1.00001E+0	2.64728E-9
2.22822E-2	1.99265E+0	1.11914E-5	9.99904E-1	1.44921E-9
2.29376E-2	1.99265E+0	9.09440E-6	1.00007E+0	1.20199E-9
2.35930E-2	1.99211E+0	1.93174E-5	1.00003E+0	1.96029E-9
2.42483E-2	1.99211E+0	2.14804E-6	1.00000E+0	2.32969E-9
2.49037E-2	1.99265E+0	8.04589E-6	1.00000E+0	5.76338E-10
2.55590E-2	1.99050E+0	2.31182E-5	1.00000E+0	2.39388E-9
2.62144E-2	1.99211E+0	1.15846E-5	9.99973E-1	1.22386E-9
2.68698E-2	1.99292E+0	7.65270E-6	9.99940E-1	1.61846E-9
2.75251E-2	1.99130E+0	3.45867E-6	1.00010E+0	1.70974E-9
2.81805E-2	1.99373E+0	1.15846E-5	9.99944E-1	2.60401E-9
2.88358E-2	1.99319E+0	9.22547E-6	9.99946E-1	1.14161E-9
2.94912E-2	1.99238E+0	1.11914E-5	1.00003E+0	2.28168E-9
3.01466E-2	1.99319E+0	1.34195E-5	1.00005E+0	1.72496E-9
3.08019E-2	1.99157E+0	9.48759E-6	9.99944E-1	7.01849E-10
3.14573E-2	1.99292E+0	8.43908E-6	1.00003E+0	2.13144E-9
3.21126E-2	1.99265E+0	3.19654E-6	1.00007E+0	2.04349E-9
3.27680E-2	1.99265E+0	1.42059E-5	9.99942E-1	1.77345E-9
3.34234E-2	1.99373E+0	1.90552E-5	9.99978E-1	1.16206E-9
3.40787E-2	1.99211E+0	5.68675E-6	1.00009E+0	9.52396E-10
3.47341E-2	1.99346E+0	1.36816E-5	9.99957E-1	2.18136E-9
3.53894E-2	1.99211E+0	1.15846E-5	9.99967E-1	1.13638E-9
3.60448E-2	1.99238E+0	1.39438E-5	1.00004E+0	2.97151E-9
3.67002E-2	1.99238E+0	1.30263E-5	9.99959E-1	5.10729E-10
3.73555E-2	1.99157E+0	6.60420E-6	1.00000E+0	2.83982E-9
3.80109E-2	1.99184E+0	5.29356E-6	1.00002E+0	2.07534E-9
3.86662E-2	1.99319E+0	1.45991E-5	9.99938E-1	1.21863E-9
3.93216E-2	1.99508E+0	9.48759E-6	9.99995E-1	1.65032E-9
3.99770E-2	1.99373E+0	1.18467E-5	9.99982E-1	1.05556E-9
4.06323E-2	1.99130E+0	-8.66424E-7	1.00012E+0	1.77012E-9
4.12877E-2	1.99238E+0	1.22399E-5	9.99940E-1	2.17613E-9
4.19430E-2	1.99265E+0	1.49923E-5	1.00000E+0	1.05699E-9
4.25984E-2	1.99427E+0	1.40748E-5	1.00007E+0	2.53222E-9
4.32538E-2	1.99319E+0	1.05361E-5	1.00003E+0	9.58101E-10
4.39091E-2	1.99319E+0	7.65270E-6	9.99912E-1	1.85855E-9
4.45645E-2	1.99157E+0	7.25951E-6	9.99976E-1	1.43970E-9
4.52198E-2	1.99265E+0	8.30802E-6	1.00007E+0	1.69073E-9
4.58752E-2	1.99373E+0	1.06672E-5	9.99935E-1	2.56740E-9
4.65306E-2	1.99481E+0	1.39438E-5	1.00002E+0	8.65394E-10
4.71859E-2	1.99346E+0	9.22547E-6	9.99978E-1	2.00165E-9
4.78413E-2	1.99508E+0	5.29356E-6	1.00005E+0	1.97075E-9
4.84966E-2	1.99211E+0	1.38127E-5	1.00003E+0	1.29565E-9
4.91520E-2	1.99211E+0	9.61866E-6	9.99916E-1	1.55808E-9
4.98074E-2	-5.52658E-3	1.14535E-5	1.19989E+0	-5.13952E-7
5.04627E-2	-6.87507E-3	3.19654E-6	1.00062E+0	1.37384E-8
5.11181E-2	-6.06598E-3	8.43908E-6	1.00008E+0	4.85799E-9
5.17734E-2	-6.60537E-3	9.22547E-6	1.00001E+0	3.62379E-9
5.24288E-2	-5.52658E-3	1.36816E-5	1.00005E+0	4.31886E-9
5.30842E-2	-6.87507E-3	-2.30812E-6	9.99950E-1	4.14533E-9
5.37395E-2	-7.41446E-3	7.91483E-6	1.00004E+0	3.62142E-9
5.43949E-2	-6.60537E-3	7.65270E-6	9.99997E-1	3.10891E-9
5.50502E-2	-6.60537E-3	8.70121E-6	1.00000E+0	2.26504E-9
5.57056E-2	-6.06598E-3	9.22547E-6	9.99874E-1	4.32742E-9
5.63610E-2	-5.52658E-3	3.19654E-6	1.00010E+0	1.87091E-9
5.70163E-2	-5.25689E-3	1.14535E-5	9.99997E-1	2.91494E-9
5.76717E-2	-6.60537E-3	1.31574E-5	1.00003E+0	3.21540E-9
5.83270E-2	-6.60537E-3	8.96334E-6	9.99878E-1	3.47689E-9
5.89824E-2	-6.87507E-3	1.18467E-5	1.00010E+0	2.55742E-9
5.96378E-2	-6.60537E-3	9.88078E-6	1.00004E+0	2.93918E-9
6.02931E-2	-8.49324E-3	8.30802E-6	9.99938E-1	2.97389E-9
6.09485E-2	-5.79628E-3	8.83228E-6	9.99927E-1	2.16092E-9
6.16038E-2	-6.06598E-3	9.61866E-6	1.00018E+0	2.45188E-9
6.22592E-2	-6.87507E-3	-2.11107E-7	9.99933E-1	2.33445E-9
6.29146E-2	-5.25689E-3	1.04050E-5	9.99921E-1	2.24317E-9
6.35699E-2	-7.41446E-3	7.39058E-6	1.00009E+0	2.45093E-9
6.42253E-2	-6.60537E-3	7.65270E-6	9.99864E-1	2.92540E-9
6.48806E-2	-5.79628E-3	1.30263E-5	1.00009E+0	3.37895E-9
6.55360E-2	-7.68415E-3	9.22547E-6	9.99935E-1	1.35793E-9
6.61914E-2	-6.60537E-3	2.01037E-5	1.00007E+0	3.40890E-9
6.68467E-2	-7.14476E-3	8.57015E-6	1.00007E+0	1.88090E-9
6.75021E-2	-5.25689E-3	9.61866E-6	9.99990E-1	1.95316E-9
6.81574E-2	-6.33567E-3	1.19778E-5	9.99868E-1	2.94727E-9
6.88128E-2	-6.06598E-3	1.00118E-5	1.00010E+0	2.75615E-9
6.94682E-2	-6.06598E-3	3.19654E-6	1.00002E+0	2.15616E-9
7.01235E-2	-5.79628E-3	1.06672E-5	9.99906E-1	2.23889E-9
7.07789E-2	-6.33567E-3	9.48759E-6	1.00001E+0	1.90704E-9
7.14342E-2	-6.33567E-3	8.83228E-6	1.00008E+0	2.38865E-9
7.20896E-2	-8.76294E-3	7.78377E-6	9.99933E-1	2.28073E-9
7.27450E-2	-7.41446E-3	5.55569E-6	1.00005E+0	1.96219E-9
7.34003E-2	-4.98719E-3	6.99739E-6	9.99976E-1	2.59355E-9
7.40557E-2	-5.52658E-3	5.16250E-6	1.00008E+0	1.88708E-9
7.47110E-2	-7.95385E-3	9.35653E-6	9.99948E-1	2.36155E-9
7.53664E-2	-5.52658E-3	1.00118E-5	9.99969E-1	3.03522E-9
7.60218E-2	-7.14476E-3	1.10604E-5	1.00003E+0	1.72924E-9
7.66771E-2	-6.33567E-3	1.18467E-5	9.99976E-1	2.74236E-9
7.73325E-2	-5.25689E-3	3.19654E-6	1.00001E+0	1.39882E-9
7.79878E-2	-5.79628E-3	7.52164E-6	9.99935E-1	2.64965E-9
7.86432E-2	-6.06598E-3	1.26331E-5	1.00006E+0	2.88689E-9
7.92986E-2	-6.60537E-3	1.04050E-5	9.99946E-1	2.42335E-9
7.99539E-2	-6.60537E-3	1.30263E-5	1.00005E+0	2.20941E-9
8.06093E-2	-6.87507E-3	1.00118E-5	9.99948E-1	1.20817E-9
8.12646E-2	-7.14476E-3	7.78377E-6	1.00010E+0	2.51083E-9
8.19200E-2	-6.60537E-3	1.34195E-5	9.99921E-1	2.91589E-9
8.25754E-2	-6.60537E-3	1.01429E-5	1.00001E+0	7.04701E-10
8.32307E-2	-5.25689E-3	1.19778E-5	9.99990E-1	3.05043E-9
8.38861E-2	-5.79628E-3	1.23059E-6	1.00006E+0	1.90419E-9
8.45414E-2	-7.41446E-3	7.91483E-6	9.99995E-1	2.05157E-9
8.51968E-2	-8.22355E-3	7.65270E-6	9.99948E-1	2.44760E-9
8.58522E-2	-5.25689E-3	1.19778E-5	1.00002E+0	2.67485E-9
8.65075E-2	-6.60537E-3	-6.04297E-7	9.99992E-1	2.03018E-9
8.71629E-2	-6.06598E-3	5.68675E-6	9.99990E-1	2.60354E-9
8.78182E-2	-7.14476E-3	1.49272E-6	9.99946E-1	1.88898E-9
8.84736E-2	-6.33567E-3	1.10604E-5	1.00007E+0	1.54667E-9
8.91290E-2	-4.98719E-3	4.50718E-6	9.99988E-1	2.59450E-9
8.97843E-2	-4.98719E-3	1.82688E-5	9.99997E-1	2.17613E-9
9.04397E-2	-5.25689E-3	1.61718E-5	1.00004E+0	1.35413E-9
9.10950E-2	-7.68415E-3	1.83999E-5	1.00002E+0	2.78657E-9
9.17504E-2	-6.33567E-3	1.32884E-5	9.99988E-1	1.45302E-9
9.24058E-2	-6.87507E-3	7.91483E-6	9.99986E-1	3.44028E-9
9.30611E-2	-6.60537E-3	6.34207E-6	9.99963E-1	8.52082E-10
9.37165E-2	-6.87507E-3	1.22399E-5	1.00009E+0	2.62873E-9
9.43718E-2	-6.33567E-3	1.06672E-5	9.99809E-1	2.21036E-9
9.50272E-2	-6.33567E-3	1.98416E-5	1.00017E+0	1.99405E-9
9.56826E-2	-6.06598E-3	1.04050E-5	9.99969E-1	2.59308E-9
9.63379E-2	-5.79628E-3	4.63824E-6	1.00002E+0	1.03227E-9
9.69933E-2	-3.36901E-3	1.13225E-5	9.99990E-1	2.32684E-9
9.76486E-2	-4.98719E-3	1.18467E-5	1.00004E+0	2.10387E-9
9.83040E-2	-6.60537E-3	1.19778E-5	9.99954E-1	2.11243E-9
9.89594E-2	-6.60537E-3	6.21101E-6	9.99976E-1	3.16549E-9
9.96147E-2	-6.33567E-3	8.96334E-6	8.53170E-1	3.33386E-7
1.00270E-1	1.99265E+0	5.94888E-6	9.91536E-1	1.84470E-7
1.00925E-1	1.99454E+0	1.11914E-5	1.00009E+0	1.89278E-9
1.01581E-1	1.99346E+0	1.02740E-5	9.99912E-1	3.91107E-11
1.02236E-1	1.99454E+0	7.25951E-6	1.00010E+0	1.45587E-9
1.02892E-1	1.99373E+0	6.21101E-6	9.99906E-1	1.81737E-10
1.03547E-1	1.99238E+0	7.12845E-6	1.00009E+0	6.74274E-10
1.04202E-1	1.99319E+0	4.63824E-6	9.99997E-1	1.13353E-9
1.04858E-1	1.99238E+0	1.39438E-5	1.00001E+0	3.61922E-10
1.05513E-1	1.99319E+0	8.96334E-6	9.99910E-1	1.59992E-9
1.06168E-1	1.99265E+0	1.07982E-5	1.00011E+0	9.44790E-10
1.06824E-1	1.99184E+0	1.15846E-5	9.99952E-1	1.35318E-9
1.07479E-1	1.99211E+0	1.15846E-5	1.00002E+0	4.23252E-10
1.08134E-1	1.99373E+0	5.94888E-6	1.00001E+0	1.99928E-9
1.08790E-1	1.99292E+0	1.66961E-5	9.99940E-1	8.84411E-10
1.09445E-1	1.99319E+0	6.34207E-6	1.00005E+0	1.14304E-9
1.10100E-1	1.99373E+0	1.10604E-5	9.99976E-1	1.99024E-9
1.10756E-1	1.99211E+0	6.60420E-6	9.99984E-1	1.35080E-9
1.11411E-1	1.99292E+0	6.73526E-6	1.00000E+0	1.51957E-9
1.12067E-1	1.99373E+0	1.21089E-5	1.00002E+0	1.59279E-9
1.12722E-1	1.99319E+0	1.22399E-5	1.00001E+0	1.39882E-9
1.13377E-1	1.99373E+0	1.91863E-5	9.99990E-1	6.67143E-10
1.14033E-1	1.99454E+0	8.17696E-6	9.99948E-1	1.09122E-9
1.14688E-1	1.99184E+0	9.61866E-6	1.00013E+0	9.60954E-10
1.15343E-1	1.99454E+0	8.30802E-6	9.99910E-1	1.51957E-9
1.15999E-1	1.99427E+0	8.83228E-6	1.00003E+0	7.92655E-10
1.16654E-1	1.99319E+0	1.00118E-5	9.99967E-1	1.80198E-9
1.17309E-1	1.99346E+0	2.93442E-6	9.99995E-1	1.91132E-9
1.17965E-1	1.99184E+0	1.62378E-6	1.00004E+0	8.26409E-10
1.18620E-1	1.99184E+0	1.49923E-5	9.99999E-1	2.68864E-9
1.19276E-1	1.99508E+0	2.27910E-6	9.99919E-1	9.06756E-10
1.19931E-1	1.99454E+0	9.61866E-6	1.00011E+0	1.37267E-9
1.20586E-1	1.99346E+0	5.81781E-6	9.99950E-1	8.16901E-10
1.21242E-1	1.99211E+0	4.63824E-6	1.00002E+0	1.98691E-9
1.21897E-1	1.99346E+0	1.05361E-5	9.99973E-1	1.66030E-9
1.22552E-1	1.99454E+0	1.42059E-5	9.99967E-1	1.76156E-9
1.23208E-1	1.99238E+0	1.53855E-5	1.00006E+0	1.67171E-9
1.23863E-1	1.99454E+0	1.15846E-5	1.00002E+0	4.70794E-10
1.24518E-1	1.99292E+0	6.86632E-6	9.99948E-1	2.00070E-9
1.25174E-1	1.99265E+0	1.94484E-5	1.00002E+0	2.11766E-9
1.25829E-1	1.99265E+0	1.05361E-5	1.00007E+0	7.69359E-10
1.26484E-1	1.99319E+0	1.42059E-5	9.99828E-1	1.44779E-9
1.27140E-1	1.99130E+0	1.01429E-5	1.00009E+0	1.98644E-9
1.27795E-1	1.99319E+0	6.73526E-6	1.00007E+0	6.26732E-10
1.28451E-1	1.99292E+0	8.30802E-6	9.99931E-1	2.19277E-9
1.29106E-1	1.99292E+0	1.04050E-5	1.00011E+0	1.40452E-9
1.29761E-1	1.99346E+0	1.34195E-5	9.99912E-1	2.07059E-9
1.30417E-1	1.99454E+0	9.88078E-6	9.99933E-1	6.41946E-10
1.31072E-1	1.99238E+0	1.14535E-5	1.00007E+0	2.40529E-9
1.31727E-1	1.99265E+0	7.39058E-6	1.00006E+0	1.07173E-9
1.32383E-1	1.99238E+0	1.15846E-5	1.00000E+0	1.19819E-9
1.33038E-1	1.99238E+0	1.04050E-5	9.99927E-1	2.54506E-9
1.33693E-1	1.99319E+0	6.99739E-6	9.99942E-1	4.33711E-10
1.34349E-1	1.99373E+0	9.61866E-6	1.00014E+0	1.80911E-9
1.35004E-1	1.99211E+0	7.91483E-6	9.99908E-1	1.97455E-9
1.35660E-1	1.99373E+0	-4.14301E-6	1.00004E+0	1.14589E-9
1.36315E-1	1.99130E+0	1.10604E-5	1.00005E+0	1.30421E-9
1.36970E-1	1.99319E+0	1.14535E-5	9.99959E-1	1.42734E-9
1.37626E-1	1.99319E+0	9.48759E-6	9.99965E-1	2.78134E-9
1.38281E-1	1.99157E+0	9.48759E-6	1.00001E+0	1.63605E-9
1.38936E-1	1.99238E+0	8.70121E-6	9.99959E-1	1.49057E-9
1.39592E-1	1.99211E+0	1.00118E-5	1.00007E+0	3.59545E-10
1.40247E-1	1.99184E+0	1.02740E-5	9.99957E-1	1.68835E-9
1.40902E-1	1.99427E+0	7.52164E-6	1.00006E+0	2.09579E-9
1.41558E-1	1.99481E+0	1.77446E-5	9.99849E-1	1.37695E-9
1.42213E-1	1.99211E+0	7.12845E-6	1.00012E+0	2.62636E-9
1.42868E-1	1.99238E+0	1.25021E-5	9.99944E-1	2.94412E-10
1.43524E-1	1.99373E+0	8.83228E-6	1.00012E+0	1.52813E-9
1.44179E-1	1.99346E+0	1.34195E-5	9.99925E-1	2.44998E-9
1.44835E-1	1.99292E+0	1.63029E-5	1.00009E+0	8.82034E-10
1.45490E-1	1.99346E+0	7.25951E-6	9.99872E-1	2.63159E-9
1.46145E-1	1.99346E+0	7.52164E-6	1.00013E+0	6.89013E-10
1.46801E-1	1.99265E+0	7.25951E-6	9.99938E-1	1.49580E-9
1.47456E-1	1.99211E+0	1.57786E-5	9.99908E-1	2.00118E-9
1.48111E-1	1.99211E+0	1.65650E-5	9.99990E-1	1.79294E-9
1.48767E-1	1.99319E+0	1.68271E-5	1.00011E+0	1.18535E-9
1.49422E-1	1.99319E+0	9.22547E-6	1.02003E+0	-4.80893E-8
1.50077E-1	-4.98719E-3	7.52164E-6	1.15414E+0	-5.20596E-7
1.50733E-1	-5.25689E-3	1.13225E-5	9.99906E-1	2.39197E-9
1.51388E-1	-6.60537E-3	1.09293E-5	1.00008E+0	1.53098E-9
1.52044E-1	-8.49324E-3	1.27642E-5	9.99952E-1	3.35946E-9
1.52699E-1	-4.98719E-3	9.22547E-6	9.99988E-1	3.34567E-9
1.53354E-1	-6.87507E-3	1.30263E-5	1.00004E+0	1.82337E-9
1.54010E-1	-6.60537E-3	2.06280E-5	9.99995E-1	3.45359E-9
1.54665E-1	-7.14476E-3	1.13225E-5	9.99923E-1	2.09008E-9
1.55320E-1	-7.95385E-3	2.27250E-5	1.00001E+0	2.06013E-9
1.55976E-1	-6.87507E-3	5.55569E-6	1.00004E+0	2.28120E-9
1.56631E-1	-7.68415E-3	7.78377E-6	9.99952E-1	2.33207E-9
1.57286E-1	-7.14476E-3	1.23710E-5	1.00006E+0	2.45188E-9
1.57942E-1	-5.25689E-3	3.32761E-6	9.99946E-1	2.24412E-9
1.58597E-1	-5.79628E-3	1.39438E-5	9.99984E-1	2.77326E-9
1.59252E-1	-5.52658E-3	1.14535E-5	1.00003E+0	2.72002E-9
1.59908E-1	-7.68415E-3	6.21101E-6	1.00010E+0	2.18612E-9
1.60563E-1	-8.22355E-3	1.18467E-5	9.99878E-1	1.47631E-9
1.61219E-1	-5.79628E-3	1.75485E-6	1.00004E+0	2.30735E-9
1.61874E-1	-5.52658E-3	8.96334E-6	9.99967E-1	2.29499E-9
1.62529E-1	-6.87507E-3	6.86632E-6	1.00007E+0	1.30849E-9
1.63185E-1	-6.87507E-3	7.52164E-6	9.99988E-1	2.32589E-9
1.63840E-1	-3.90841E-3	1.44680E-5	1.00004E+0	2.50132E-9
1.64495E-1	-4.98719E-3	1.35506E-5	9.99986E-1	2.18279E-9
1.65151E-1	-6.87507E-3	1.88591E-6	9.99906E-1	2.66296E-9
1.65806E-1	-6.06598E-3	6.86632E-6	1.00007E+0	1.26332E-9
1.66461E-1	-6.87507E-3	7.65270E-6	1.00003E+0	2.07202E-9
1.67117E-1	-5.52658E-3	1.07982E-5	9.99982E-1	2.03731E-9
1.67772E-1	-5.79628E-3	1.42059E-5	9.99990E-1	2.89022E-9
1.68428E-1	-6.33567E-3	1.26331E-5	9.99944E-1	1.92368E-9
1.69083E-1	-6.33567E-3	8.70121E-6	9.99992E-1	1.47393E-9
1.69738E-1	-5.52658E-3	7.12845E-6	1.00006E+0	2.95630E-9
1.70394E-1	-6.06598E-3	4.76931E-6	9.99927E-1	1.02466E-9
1.71049E-1	-7.14476E-3	5.55569E-6	1.00011E+0	2.42097E-9
1.71704E-1	-6.87507E-3	4.63824E-6	9.99897E-1	1.79389E-9
1.72360E-1	-5.52658E-3	1.05361E-5	1.00015E+0	1.62464E-9
1.73015E-1	-5.52658E-3	1.07982E-5	9.99912E-1	2.18849E-9
1.73670E-1	-7.41446E-3	6.99739E-6	1.00003E+0	1.44446E-9
1.74326E-1	-5.25689E-3	7.65270E-6	1.00001E+0	3.04758E-9
1.74981E-1	-5.52658E-3	1.40748E-5	9.99948E-1	2.19467E-9
1.75636E-1	-6.33567E-3	8.70121E-6	1.00007E+0	4.99795E-10
1.76292E-1	-6.87507E-3	1.09293E-5	9.99978E-1	3.35993E-9
1.76947E-1	-6.87507E-3	1.13225E-5	9.99878E-1	1.52956E-9
1.77603E-1	-5.79628E-3	9.74972E-6	1.00008E+0	1.58613E-9
1.78258E-1	-6.87507E-3	-1.52174E-6	1.00004E+0	2.66914E-9
1.78913E-1	-6.60537E-3	6.47313E-6	9.99940E-1	1.51007E-9
1.79569E-1	-6.06598E-3	4.24505E-6	1.00005E+0	1.52576E-9
1.80224E-1	-7.95385E-3	1.57786E-5	9.99940E-1	2.13192E-9
1.80879E-1	-6.06598E-3	1.10604E-5	1.00004E+0	2.11623E-9
1.81535E-1	-6.33567E-3	7.78377E-6	9.99950E-1	1.85189E-9
1.82190E-1	-4.98719E-3	8.30802E-6	1.00003E+0	1.93937E-9
1.82845E-1	-7.41446E-3	1.06672E-5	1.00003E+0	2.76470E-9
1.83501E-1	-7.14476E-3	1.27642E-5	9.99954E-1	1.81862E-9
1.84156E-1	-7.41446E-3	7.91483E-6	9.99948E-1	1.52671E-9
1.84812E-1	-6.60537E-3	8.96334E-6	1.00008E+0	1.24906E-9
1.85467E-1	-7.14476E-3	6.47313E-6	1.00001E+0	2.60924E-9
1.86122E-1	-5.52658E-3	9.61866E-6	9.99971E-1	2.42953E-9
1.86778E-1	-6.60537E-3	3.98293E-6	9.99984E-1	1.36696E-9
1.87433E-1	-5.25689E-3	1.53855E-5	1.00002E+0	1.40928E-9
1.88088E-1	-5.25689E-3	9.61866E-6	1.00002E+0	2.04397E-9
1.88744E-1	-5.52658E-3	6.86632E-6	1.00003E+0	2.75662E-9
1.89399E-1	-6.06598E-3	7.78377E-6	9.99978E-1	1.39882E-9
1.90054E-1	-6.06598E-3	9.88078E-6	9.99986E-1	1.81386E-9
1.90710E-1	-4.44780E-3	6.21101E-6	9.99978E-1	2.68864E-9
1.91365E-1	-6.87507E-3	1.23710E-5	9.99976E-1	1.94127E-9
1.92020E-1	-4.71749E-3	1.19778E-5	1.00004E+0	7.86474E-10
1.92676E-1	-5.79628E-3	1.07982E-5	9.99895E-1	2.07629E-9
1.93331E-1	-6.06598E-3	1.19778E-5	1.00010E+0	3.00717E-9
1.93987E-1	-4.44780E-3	1.68271E-5	9.99967E-1	1.58138E-9
1.94642E-1	-6.87507E-3	1.01429E-5	9.99986E-1	1.65412E-9
1.95297E-1	-6.06598E-3	9.48759E-6	9.99999E-1	1.81101E-9
1.95953E-1	-7.41446E-3	6.73526E-6	1.00012E+0	2.09911E-9
1.96608E-1	-6.87507E-3	2.67880E-5	9.99959E-1	1.13734E-9
1.97263E-1	-6.06598E-3	1.05361E-5	9.99948E-1	2.78420E-9
1.97919E-1	-5.52658E-3	8.57015E-6	9.99944E-1	1.39692E-9
1.98574E-1	-6.06598E-3	1.11914E-5	1.00012E+0	2.44142E-9
1.99229E-1	-7.41446E-3	1.14535E-5	9.99995E-1	1.55428E-9
1.99885E-1	1.99427E+0	1.02740E-5	7.82272E-1	5.69144E-7
2.00540E-1	1.99373E+0	1.09293E-5	9.99515E-1	6.86760E-9
2.01196E-1	1.99346E+0	8.96334E-6	9.99916E-1	1.82575E-9
2.01851E-1	1.99292E+0	9.74972E-6	1.00003E+0	2.76375E-9
2.02506E-1	1.99319E+0	9.88078E-6	1.00000E+0	1.65317E-9
2.03162E-1	1.99346E+0	7.52164E-6	1.00009E+0	8.12622E-10
2.03817E-1	1.99184E+0	7.91483E-6	9.99942E-1	1.80816E-9
2.04472E-1	1.99319E+0	1.18467E-5	1.00002E+0	7.86474E-10
2.05128E-1	1.99346E+0	4.37612E-6	1.00002E+0	2.09769E-9
2.05783E-1	1.99373E+0	1.17157E-5	9.99986E-1	1.04130E-9
2.06438E-1	1.99292E+0	9.61866E-6	9.99965E-1	2.41717E-9
2.07094E-1	1.99454E+0	2.67229E-6	1.00000E+0	9.86151E-10
2.07749E-1	1.99211E+0	1.31574E-5	1.00006E+0	1.93890E-9
2.08404E-1	1.99319E+0	1.43369E-5	9.99931E-1	1.54002E-9
2.09060E-1	1.99319E+0	6.60420E-6	1.00004E+0	1.13752E-10
2.09715E-1	1.99238E+0	-1.39068E-6	1.00003E+0	2.64014E-9
2.10371E-1	1.99130E+0	1.13225E-5	9.99946E-1	6.38618E-10
2.11026E-1	1.99292E+0	1.07982E-5	1.00007E+0	1.04891E-9
2.11681E-1	1.99319E+0	1.01429E-5	9.99967E-1	9.08657E-10
2.12337E-1	1.99427E+0	4.11399E-6	9.99923E-1	2.83174E-9
2.12992E-1	1.99184E+0	2.15454E-5	1.00009E+0	3.89497E-10
2.13647E-1	1.99238E+0	9.48759E-6	9.99900E-1	1.70642E-9
2.14303E-1	1.99454E+0	7.12845E-6	1.00009E+0	1.03179E-9
2.14958E-1	1.99292E+0	1.05361E-5	9.99988E-1	1.64604E-9
2.15613E-1	1.99265E+0	8.17696E-6	1.00007E+0	1.60135E-9
2.16269E-1	1.99292E+0	8.57015E-6	9.99889E-1	1.34462E-9
2.16924E-1	1.99481E+0	1.52544E-5	1.00002E+0	1.55048E-9
2.17580E-1	1.99104E+0	9.35653E-6	9.99997E-1	1.26665E-9
2.18235E-1	1.99265E+0	1.01429E-5	1.00003E+0	9.49544E-10
2.18890E-1	1.99211E+0	8.43908E-6	1.00001E+0	1.36887E-9
2.19546E-1	1.99077E+0	4.50718E-6	9.99931E-1	2.90068E-9
2.20201E-1	1.99130E+0	4.76931E-6	1.00004E+0	4.77450E-10
2.20856E-1	1.99238E+0	9.35653E-6	9.99933E-1	1.47393E-9
2.21512E-1	1.99211E+0	8.43908E-6	1.00013E+0	1.30516E-9
2.22167E-1	1.99211E+0	9.48759E-6	9.99957E-1	1.22196E-9
2.22822E-1	1.99238E+0	9.22547E-6	1.00000E+0	3.06565E-9
2.23478E-1	1.99130E+0	1.49923E-5	1.00000E+0	6.17224E-10
2.24133E-1	1.99265E+0	1.15846E-5	9.99967E-1	2.10577E-9
2.24788E-1	1.99157E+0	1.10604E-5	1.00006E+0	1.55238E-9
2.25444E-1	1.99319E+0	7.91483E-6	9.99959E-1	1.15302E-9
2.26099E-1	1.99265E+0	1.21089E-5	1.00002E+0	1.38170E-9
2.26755E-1	1.99454E+0	9.48759E-6	9.99933E-1	2.05252E-9
2.27410E-1	1.99292E+0	1.30263E-5	1.00003E+0	1.67504E-9
2.28065E-1	1.99292E+0	1.93174E-5	9.99969E-1	5.03598E-10
2.28721E-1	1.99400E+0	4.90037E-6	1.00013E+0	1.35365E-9
2.29376E-1	1.99265E+0	7.52164E-6	9.99893E-1	2.02685E-9
2.30031E-1	1.99319E+0	7.65270E-6	1.00005E+0	1.76774E-9
2.30687E-1	1.99319E+0	1.02740E-5	9.99912E-1	1.46157E-9
2.31342E-1	1.99265E+0	9.61866E-6	1.00011E+0	1.08694E-9
2.31997E-1	1.99265E+0	7.65270E-6	9.99883E-1	1.84809E-9
2.32653E-1	1.99184E+0	8.96334E-6	1.00009E+0	2.28833E-9
2.33308E-1	1.99157E+0	1.22399E-5	9.99938E-1	6.28818E-11
2.33964E-1	1.99346E+0	1.27642E-5	1.00002E+0	2.61209E-9
2.34619E-1	1.99373E+0	1.19778E-5	9.99965E-1	1.01896E-9
2.35274E-1	1.99346E+0	1.14535E-5	1.00013E+0	1.47489E-9
2.35930E-1	1.99292E+0	4.24505E-6	9.99900E-1	1.68217E-9
2.36585E-1	1.99292E+0	6.47313E-6	9.99982E-1	1.12830E-9
2.37240E-1	1.99265E+0	1.18467E-5	9.99999E-1	2.16710E-9
2.37896E-1	1.99265E+0	7.39058E-6	1.00005E+0	2.21987E-9
2.38551E-1	1.99050E+0	8.17696E-6	9.99927E-1	8.56361E-10
2.39206E-1	1.99265E+0	8.17696E-6	1.00003E+0	1.38646E-9
2.39862E-1	1.99238E+0	1.82084E-7	1.00013E+0	1.30563E-9
2.40517E-1	1.99427E+0	1.23710E-5	9.99857E-1	2.52557E-9
2.41172E-1	1.99238E+0	1.02740E-5	1.00005E+0	1.56284E-9
2.41828E-1	1.99211E+0	6.21101E-6	1.00002E+0	6.35290E-10
2.42483E-1	1.99292E+0	5.68675E-6	9.99990E-1	1.15112E-9
2.43139E-1	1.99292E+0	1.51233E-5	9.99885E-1	1.98264E-9
2.43794E-1	1.99373E+0	1.13225E-5	1.00007E+0	2.22748E-9
2.44449E-1	1.99184E+0	5.68675E-6	1.00001E+0	1.98549E-9
2.45105E-1	1.99373E+0	7.91483E-6	1.00010E+0	4.37514E-10
2.45760E-1	1.99023E+0	2.15454E-5	9.99904E-1	2.02875E-9
2.46415E-1	1.99211E+0	9.22547E-6	1.00002E+0	6.24355E-10
2.47071E-1	1.99373E+0	8.30802E-6	9.99965E-1	2.64442E-9
2.47726E-1	1.99238E+0	6.86632E-6	9.99997E-1	9.24822E-10
2.48381E-1	1.99184E+0	1.23059E-6	9.99973E-1	2.08200E-9
2.49037E-1	1.99319E+0	1.14535E-5	1.00001E+0	9.87578E-10
2.49692E-1	1.99238E+0	1.25021E-5	1.11116E+0	-3.98401E-7
2.50348E-1	-5.79628E-3	1.21089E-5	1.00078E+0	1.86129E-8
2.51003E-1	-6.87507E-3	7.78377E-6	1.00012E+0	8.74884E-9
2.51658E-1	-6.87507E-3	2.80335E-6	9.99891E-1	6.18679E-9
2.52314E-1	-6.87507E-3	6.34207E-6	1.00007E+0	5.06242E-9
2.52969E-1	-6.06598E-3	1.17157E-5	9.99973E-1	6.18014E-9
2.53624E-1	-6.33567E-3	9.61866E-6	1.00004E+0	3.84724E-9
2.54280E-1	-7.41446E-3	2.01697E-6	9.99973E-1	6.08553E-9
2.54935E-1	-7.14476E-3	1.15846E-5	9.99986E-1	3.23823E-9
2.55590E-1	-6.33567E-3	9.61866E-6	1.00008E+0	3.58005E-9
2.56246E-1	-6.06598E-3	1.10604E-5	9.99950E-1	4.06403E-9
2.56901E-1	-6.60537E-3	1.15846E-5	1.00001E+0	4.67162E-9
2.57556E-1	-5.52658E-3	9.74972E-6	9.99942E-1	3.10130E-9
2.58212E-1	-6.87507E-3	6.60420E-6	1.00010E+0	4.54278E-9
2.58867E-1	-7.68415E-3	1.01429E-5	1.00001E+0	2.84220E-9
2.59523E-1	-6.60537E-3	9.09440E-6	9.99940E-1	2.21987E-9
2.60178E-1	-6.06598E-3	1.32884E-5	9.99914E-1	3.96895E-9
2.60833E-1	-8.76294E-3	1.25021E-5	1.00018E+0	4.16482E-9
2.61489E-1	-5.79628E-3	6.86632E-6	9.99990E-1	2.80844E-9
2.62144E-1	-6.06598E-3	1.98416E-5	9.99940E-1	1.99405E-9
2.62799E-1	-4.98719E-3	8.30802E-6	1.00003E+0	3.51825E-9
2.63455E-1	-6.33567E-3	8.43908E-6	9.99950E-1	3.29242E-9
2.64110E-1	-6.60537E-3	-4.14301E-6	1.00002E+0	2.72239E-9
2.64765E-1	-6.33567E-3	7.65270E-6	9.99925E-1	3.56769E-9
2.65421E-1	-4.98719E-3	1.14535E-5	1.00009E+0	2.01259E-9
2.66076E-1	-5.52658E-3	1.01429E-5	9.99908E-1	3.31572E-9
2.66732E-1	-7.68415E-3	2.14804E-6	1.00010E+0	1.89040E-9
2.67387E-1	-7.95385E-3	9.35653E-6	9.99959E-1	3.96182E-9
2.68042E-1	-5.79628E-3	4.63824E-6	1.00001E+0	2.88736E-9
2.68698E-1	-6.33567E-3	2.19386E-5	9.99965E-1	2.00878E-9
2.69353E-1	-6.60537E-3	1.51233E-5	1.00006E+0	3.31287E-9
2.70008E-1	-4.98719E-3	9.35653E-6	9.99999E-1	3.28814E-9
2.70664E-1	-8.22355E-3	9.48759E-6	9.99990E-1	1.39216E-9
2.71319E-1	-4.98719E-3	9.74972E-6	1.00002E+0	3.53774E-9
2.71974E-1	-8.22355E-3	5.75274E-7	9.99976E-1	2.06821E-9
2.72630E-1	-7.41446E-3	8.43908E-6	9.99992E-1	3.70271E-9
2.73285E-1	-6.33567E-3	1.40748E-5	9.99992E-1	2.39958E-9
2.73940E-1	-6.06598E-3	9.61866E-6	1.00009E+0	2.08152E-9
2.74596E-1	-8.22355E-3	-2.17706E-6	9.99893E-1	3.32000E-9
2.75251E-1	-5.79628E-3	4.76931E-6	1.00004E+0	1.14161E-9
2.75907E-1	-6.33567E-3	1.10604E-5	9.99990E-1	2.69339E-9
2.76562E-1	-6.06598E-3	1.13225E-5	1.00002E+0	2.97532E-9
2.77217E-1	-6.06598E-3	2.08901E-5	1.00002E+0	2.67960E-9
2.77873E-1	-7.68415E-3	1.15846E-5	1.00002E+0	1.80198E-9
2.78528E-1	-7.41446E-3	7.12845E-6	9.99919E-1	2.97009E-9
2.79183E-1	-4.71749E-3	1.72203E-5	1.00006E+0	2.97674E-9
2.79839E-1	-4.71749E-3	9.74972E-6	9.99952E-1	2.09769E-9
2.80494E-1	-5.52658E-3	2.33803E-5	1.00006E+0	3.14885E-9
2.81149E-1	-6.33567E-3	1.11914E-5	9.99921E-1	2.75757E-9
2.81805E-1	-5.25689E-3	5.03143E-6	1.00001E+0	2.92777E-9
2.82460E-1	-5.52658E-3	1.30263E-5	1.00007E+0	8.34492E-10
2.83116E-1	-7.95385E-3	2.19386E-5	9.99893E-1	2.56218E-9
2.83771E-1	-9.30233E-3	1.25021E-5	1.00007E+0	3.95849E-9
2.84426E-1	-6.87507E-3	-3.88088E-6	9.99950E-1	2.62541E-9
2.85082E-1	-7.68415E-3	7.65270E-6	1.00011E+0	1.49866E-9
2.85737E-1	-7.41446E-3	1.35506E-5	9.99821E-1	2.34063E-9
2.86392E-1	-6.60537E-3	7.91483E-6	1.00014E+0	2.08580E-9
2.87048E-1	-5.52658E-3	8.83228E-6	9.99927E-1	2.36820E-9
2.87703E-1	-8.22355E-3	9.74972E-6	1.00006E+0	3.27816E-9
2.88358E-1	-5.79628E-3	1.01429E-5	9.99935E-1	2.46281E-9
2.89014E-1	-5.25689E-3	8.83228E-6	9.99990E-1	1.49248E-9
2.89669E-1	-4.44780E-3	1.13225E-5	1.00006E+0	4.01839E-9
2.90324E-1	-7.14476E-3	6.07994E-6	9.99982E-1	1.24573E-9
2.90980E-1	-4.71749E-3	1.07982E-5	1.00007E+0	2.66582E-9
2.91635E-1	-5.79628E-3	1.00118E-5	9.99995E-1	2.12003E-9
2.92291E-1	-7.41446E-3	1.27642E-5	9.99984E-1	2.46424E-9
2.92946E-1	-6.06598E-3	1.13225E-5	9.99950E-1	1.72115E-9
2.93601E-1	-3.36901E-3	1.49272E-6	1.00003E+0	3.22491E-9
2.94257E-1	-5.52658E-3	1.38127E-5	9.99988E-1	2.90543E-9
2.94912E-1	-7.14476E-3	9.35653E-6	9.99963E-1	2.10054E-9
2.95567E-1	-6.06598E-3	4.63824E-6	9.99967E-1	3.50446E-9
2.96223E-1	-5.79628E-3	1.04050E-5	1.00008E+0	8.06917E-10
2.96878E-1	-7.41446E-3	1.62378E-6	1.00003E+0	2.11623E-9
2.97533E-1	-5.79628E-3	7.39058E-6	1.00001E+0	2.53365E-9
2.98189E-1	-6.06598E-3	7.39058E-6	9.99959E-1	2.83554E-9
2.98844E-1	-7.14476E-3	4.50718E-6	9.99980E-1	2.32684E-9
2.99500E-1	-6.60537E-3	1.57786E-5	1.02835E+0	-2.09131E-7
3.00155E-1	1.99265E+0	1.35506E-5	7.77897E-1	5.97488E-7
3.00810E-1	1.99373E+0	1.51233E-5	1.00024E+0	4.38209E-9
3.01466E-1	1.99373E+0	1.14535E-5	9.99916E-1	3.59070E-10
3.02121E-1	1.99211E+0	1.26331E-5	1.00003E+0	-1.42043E-9
3.02776E-1	1.99319E+0	2.14804E-6	1.00000E+0	3.98530E-10
3.03432E-1	1.99292E+0	1.28952E-5	1.00004E+0	-6.42169E-10
3.04087E-1	1.99427E+0	2.44288E-5	9.99938E-1	-7.65779E-10
3.04742E-1	1.99319E+0	9.22547E-6	1.00002E+0	-1.30012E-12
3.05398E-1	1.99292E+0	7.52164E-6	9.99919E-1	3.71906E-10
3.06053E-1	1.99184E+0	7.91483E-6	1.00007E+0	1.14970E-9
3.06708E-1	1.99346E+0	1.23710E-5	1.00002E+0	2.35460E-10
3.07364E-1	1.99265E+0	1.06672E-5	1.00001E+0	1.12212E-9
3.08019E-1	1.99319E+0	-1.03030E-5	9.99999E-1	3.33397E-10
3.08675E-1	1.99481E+0	6.73526E-6	1.00007E+0	-3.23636E-10
3.09330E-1	1.99373E+0	2.06280E-5	9.99921E-1	1.06840E-9
3.09985E-1	1.99400E+0	3.19654E-6	9.99967E-1	9.00100E-10
3.10641E-1	1.99211E+0	6.07994E-6	9.99997E-1	1.24050E-9
3.11296E-1	1.99373E+0	1.09293E-5	9.99946E-1	1.00089E-9
3.11951E-1	1.99238E+0	7.52164E-6	1.00015E+0	7.09640E-11
3.12607E-1	1.99292E+0	7.78377E-6	9.99910E-1	1.78296E-9
3.13262E-1	1.99346E+0	9.61866E-6	1.00006E+0	-1.21582E-10
3.13917E-1	1.99400E+0	9.48759E-6	9.99908E-1	1.84904E-9
3.14573E-1	1.99319E+0	8.70121E-6	1.00010E+0	6.54782E-10
3.15228E-1	1.99427E+0	7.78377E-6	9.99929E-1	2.16710E-9
3.15884E-1	1.99319E+0	1.44680E-5	1.00001E+0	-4.62807E-12
3.16539E-1	1.99319E+0	7.91483E-6	1.00008E+0	1.63273E-9
3.17194E-1	1.99265E+0	1.11914E-5	9.99944E-1	1.70879E-9
3.17850E-1	1.99265E+0	1.07982E-5	1.00004E+0	6.85685E-10
3.18505E-1	1.99427E+0	1.49272E-6	9.99874E-1	1.54905E-9
3.19160E-1	1.99373E+0	9.88078E-6	1.00013E+0	4.22776E-10
3.19816E-1	1.99265E+0	3.85186E-6	9.99906E-1	2.36440E-9
3.20471E-1	1.99184E+0	1.43369E-5	1.00010E+0	2.53051E-10
3.21126E-1	1.99427E+0	1.31574E-5	9.99855E-1	1.65459E-9
3.21782E-1	1.99319E+0	8.57015E-6	1.00002E+0	1.14732E-9
3.22437E-1	1.99211E+0	9.74972E-6	9.99971E-1	1.24098E-9
3.23092E-1	1.99319E+0	7.65270E-6	1.00005E+0	1.87234E-9
3.23748E-1	1.99265E+0	1.00118E-5	9.99982E-1	6.66192E-10
3.24403E-1	1.99346E+0	6.60420E-6	1.00001E+0	1.68978E-9
3.25059E-1	1.99319E+0	1.39438E-5	1.00008E+0	1.10358E-9
3.25714E-1	1.99211E+0	7.65270E-6	9.99969E-1	1.69786E-9
3.26369E-1	1.99184E+0	5.94888E-6	1.00003E+0	1.20294E-9
3.27025E-1	1.99373E+0	9.22547E-6	1.00001E+0	1.48582E-9
3.27680E-1	1.99346E+0	1.65650E-5	1.00001E+0	1.12070E-9
3.28335E-1	1.99319E+0	4.37612E-6	9.99929E-1	1.95268E-9
3.28991E-1	1.99319E+0	8.30802E-6	1.00004E+0	6.96144E-10
3.29646E-1	1.99292E+0	6.73526E-6	9.99971E-1	8.68247E-10
3.30301E-1	1.99238E+0	1.05361E-5	1.00009E+0	1.88232E-9
3.30957E-1	1.99184E+0	1.97105E-5	9.99916E-1	2.51749E-9
3.31612E-1	1.99346E+0	1.06672E-5	1.00002E+0	-3.35997E-10
3.32268E-1	1.99346E+0	1.18467E-5	9.99976E-1	1.98834E-9
3.32923E-1	1.99104E+0	1.07982E-5	1.00003E+0	8.84411E-10
3.33578E-1	1.99265E+0	7.65270E-6	9.99912E-1	1.87139E-9
3.34234E-1	1.99238E+0	2.08901E-5	1.00013E+0	1.94745E-9
3.34889E-1	1.99104E+0	1.38127E-5	9.99836E-1	8.71575E-10
3.35544E-1	1.99238E+0	9.35653E-6	1.00007E+0	1.49866E-9
3.36200E-1	1.99346E+0	9.35653E-6	1.00001E+0	1.35128E-9
3.36855E-1	1.99157E+0	6.21101E-6	1.00001E+0	2.10957E-9
3.37510E-1	1.99454E+0	1.42059E-5	9.99976E-1	1.35603E-9
3.38166E-1	1.99104E+0	1.21089E-5	1.00005E+0	1.82860E-9
3.38821E-1	1.99373E+0	9.09440E-6	9.99925E-1	7.98835E-10
3.39476E-1	1.99265E+0	1.30263E-5	1.00004E+0	1.76537E-9
3.40132E-1	1.99427E+0	8.96334E-6	9.99957E-1	1.45064E-9
3.40787E-1	1.99427E+0	7.06338E-7	9.99997E-1	1.36554E-9
3.41443E-1	1.99373E+0	1.09293E-5	1.00005E+0	2.15521E-9
3.42098E-1	1.99157E+0	1.55165E-5	9.99980E-1	1.66048E-10
3.42753E-1	1.99265E+0	7.78377E-6	9.99992E-1	1.91655E-9
3.43409E-1	1.99319E+0	1.10604E-5	1.00007E+0	2.00641E-9
3.44064E-1	1.99238E+0	1.26331E-5	9.99959E-1	6.04863E-10
3.44719E-1	1.99427E+0	8.83228E-6	9.99976E-1	1.34842E-9
3.45375E-1	1.99238E+0	9.88078E-6	9.99963E-1	2.03398E-9
3.46030E-1	1.99265E+0	1.25021E-5	1.00003E+0	1.67028E-9
3.46685E-1	1.99319E+0	6.73526E-6	1.00005E+0	7.68408E-10
3.47341E-1	1.99319E+0	8.57015E-6	9.99921E-1	2.25172E-9
3.47996E-1	1.99238E+0	7.91483E-6	1.00004E+0	8.80132E-10
3.48652E-1	1.99481E+0	4.37612E-6	9.99959E-1	1.43780E-9
3.49307E-1	1.99265E+0	1.44680E-5	1.00936E+0	-2.62373E-9
3.49962E-1	-7.95385E-3	9.48759E-6	1.16262E+0	-4.62452E-7
3.50618E-1	-6.33567E-3	1.00118E-5	9.99982E-1	7.15951E-9
3.51273E-1	-6.60537E-3	8.83228E-6	9.99973E-1	4.75910E-9
3.51928E-1	-8.22355E-3	8.96334E-6	1.00008E+0	4.66449E-9
3.52584E-1	-5.79628E-3	3.45867E-6	9.99973E-1	4.57178E-9
3.53239E-1	-7.68415E-3	3.19654E-6	1.00003E+0	3.34615E-9
3.53894E-1	-6.60537E-3	8.83228E-6	9.99868E-1	3.97323E-9
3.54550E-1	-7.95385E-3	4.24505E-6	1.00003E+0	3.78781E-9
3.55205E-1	-7.68415E-3	1.49272E-6	9.99988E-1	2.73570E-9
3.55860E-1	-6.60537E-3	1.18467E-5	1.00007E+0	4.11776E-9
3.56516E-1	-6.60537E-3	6.47313E-6	9.99952E-1	3.05661E-9
3.57171E-1	-5.25689E-3	9.74972E-6	1.00000E+0	2.53555E-9
3.57827E-1	-6.06598E-3	1.30263E-5	1.00004E+0	2.56122E-9
3.58482E-1	-6.33567E-3	1.59097E-5	9.99988E-1	2.69006E-9
3.59137E-1	-6.87507E-3	7.52164E-6	1.00002E+0	4.08162E-9
3.59793E-1	-6.87507E-3	1.11914E-5	9.99965E-1	2.41479E-9
3.60448E-1	-7.14476E-3	9.35653E-6	1.00007E+0	1.78961E-9
3.61103E-1	-6.60537E-3	7.39058E-6	9.99938E-1	3.99985E-9
3.61759E-1	-7.41446E-3	9.48759E-6	1.00001E+0	2.08770E-9
3.62414E-1	-6.60537E-3	3.19654E-6	9.99973E-1	2.99243E-9
3.63069E-1	-5.52658E-3	1.13225E-5	1.00005E+0	2.60021E-9
3.63725E-1	-8.49324E-3	1.09293E-5	9.99957E-1	1.41213E-9
3.64380E-1	-8.22355E-3	1.14535E-5	1.00002E+0	3.36326E-9
3.65036E-1	-7.41446E-3	-2.30812E-6	1.00002E+0	2.27359E-9
3.65691E-1	-6.60537E-3	1.09293E-5	1.00006E+0	1.68122E-9
3.66346E-1	-7.14476E-3	9.88078E-6	9.99885E-1	3.12222E-9
3.67002E-1	-5.52658E-3	7.39058E-6	1.00011E+0	1.85808E-9
3.67657E-1	-7.95385E-3	5.10203E-8	9.99940E-1	3.25344E-9
3.68312E-1	-5.79628E-3	1.14535E-5	1.00004E+0	2.09293E-9
3.68968E-1	-4.98719E-3	1.05361E-5	9.99986E-1	1.79009E-9
3.69623E-1	-7.14476E-3	1.05361E-5	9.99944E-1	3.07753E-9
3.70278E-1	-6.60537E-3	8.17696E-6	1.00007E+0	2.00118E-9
3.70934E-1	-6.33567E-3	1.36816E-5	9.99940E-1	2.14761E-9
3.71589E-1	-5.52658E-3	1.42059E-5	1.00001E+0	2.31496E-9
3.72244E-1	-7.41446E-3	9.74972E-6	9.99982E-1	2.95059E-9
3.72900E-1	-5.79628E-3	8.43908E-6	1.00006E+0	1.31277E-9
3.73555E-1	-5.52658E-3	1.40748E-5	1.00003E+0	2.00641E-9
3.74211E-1	-6.87507E-3	7.91483E-6	9.99999E-1	2.74616E-9
3.74866E-1	-5.25689E-3	1.40748E-5	9.99900E-1	2.27454E-9
3.75521E-1	-6.33567E-3	9.22547E-6	1.00007E+0	2.24459E-9
3.76177E-1	-7.41446E-3	8.04589E-6	9.99978E-1	3.16453E-9
3.76832E-1	-6.06598E-3	2.28561E-5	1.00009E+0	1.28567E-9
3.77487E-1	-7.14476E-3	9.09440E-6	9.99838E-1	2.40338E-9
3.78143E-1	-6.87507E-3	1.23710E-5	1.00016E+0	2.59926E-9
3.78798E-1	-6.33567E-3	1.28952E-5	9.99895E-1	1.84096E-9
3.79453E-1	-6.60537E-3	8.70121E-6	1.00004E+0	1.82147E-9
3.80109E-1	-5.79628E-3	8.96334E-6	9.99967E-1	2.17376E-9
3.80764E-1	-6.06598E-3	1.17157E-5	1.00004E+0	2.11433E-9
3.81420E-1	-5.52658E-3	8.57015E-6	9.99982E-1	2.98197E-9
3.82075E-1	-6.33567E-3	7.06338E-7	1.00001E+0	2.29689E-9
3.82730E-1	-5.25689E-3	1.64340E-5	1.00003E+0	2.11338E-9
3.83386E-1	-6.60537E-3	7.12845E-6	9.99976E-1	2.20038E-9
3.84041E-1	-6.06598E-3	1.07982E-5	1.00007E+0	1.96314E-9
3.84696E-1	-6.87507E-3	2.67229E-6	9.99876E-1	1.87424E-9
3.85352E-1	-7.41446E-3	4.63824E-6	1.00010E+0	2.61447E-9
3.86007E-1	-5.25689E-3	1.01429E-5	9.99982E-1	1.88185E-9
3.86662E-1	-6.60537E-3	1.17157E-5	9.99961E-1	3.05471E-9
3.87318E-1	-4.98719E-3	9.09440E-6	9.99969E-1	1.35746E-9
3.87973E-1	-5.79628E-3	7.12845E-6	9.99995E-1	2.17851E-9
3.88628E-1	-6.06598E-3	1.06672E-5	9.99978E-1	2.36392E-9
3.89284E-1	-5.79628E-3	7.12845E-6	1.00013E+0	2.49371E-9
3.89939E-1	-6.60537E-3	1.02740E-5	9.99900E-1	1.06983E-9
3.90595E-1	-7.68415E-3	1.28952E-5	1.00012E+0	2.31068E-9
3.91250E-1	-6.87507E-3	9.22547E-6	9.99836E-1	2.25648E-9
3.91905E-1	-5.79628E-3	5.29356E-6	1.00013E+0	2.40719E-9
3.92561E-1	-5.52658E-3	2.12833E-5	9.99954E-1	1.73779E-9
3.93216E-1	-6.87507E-3	5.03143E-6	1.00002E+0	1.80863E-9
3.93871E-1	-4.98719E-3	2.42978E-5	9.99990E-1	2.97009E-9
3.94527E-1	-6.06598E-3	1.30263E-5	9.99944E-1	2.09103E-9
3.95182E-1	-6.33567E-3	6.99739E-6	1.00004E+0	2.34824E-9
3.95837E-1	-6.87507E-3	9.48759E-6	1.00004E+0	9.54773E-10
3.96493E-1	-6.33567E-3	1.34195E-5	9.99986E-1	3.05566E-9
3.97148E-1	-6.87507E-3	1.98416E-5	9.99978E-1	2.22986E-9
3.97804E-1	-4.71749E-3	1.09293E-5	9.99908E-1	1.85903E-9
3.98459E-1	-6.06598E-3	8.04589E-6	1.00010E+0	2.63634E-9
3.99114E-1	-5.79628E-3	9.35653E-6	9.99938E-1	1.41118E-9
3.99770E-1	1.99104E+0	1.11914E-5	8.87551E-1	4.64582E-7
4.00425E-1	1.99319E+0	7.12845E-6	9.99752E-1	6.59946E-9
4.01080E-1	1.99427E+0	1.21089E-5	9.99959E-1	-1.43945E-9
4.01736E-1	1.99454E+0	6.86632E-6	9.99923E-1	-6.86859E-10
4.02391E-1	1.99454E+0	1.11914E-5	1.00004E+0	-9.05077E-10
4.03046E-1	1.99373E+0	7.52164E-6	9.99986E-1	1.77168E-11
4.03702E-1	1.99373E+0	6.21101E-6	9.99957E-1	-2.45958E-11
4.04357E-1	1.99319E+0	8.17696E-6	1.00015E+0	2.02783E-12
4.05012E-1	1.99157E+0	2.56084E-5	9.99897E-1	6.28159E-10
4.05668E-1	1.99211E+0	9.09440E-6	1.00011E+0	-1.61517E-10
4.06323E-1	1.99346E+0	9.48759E-6	9.99838E-1	6.33388E-10
4.06979E-1	1.99346E+0	8.96334E-6	1.00008E+0	3.56693E-10
4.07634E-1	1.99265E+0	9.35653E-6	1.00000E+0	1.20817E-9
4.08289E-1	1.99292E+0	7.12845E-6	9.99978E-1	4.83155E-10
4.08945E-1	1.99184E+0	1.02740E-5	9.99914E-1	6.29109E-10
4.09600E-1	1.99211E+0	1.25021E-5	1.00009E+0	1.19771E-9
4.10255E-1	1.99454E+0	1.52544E-5	9.99963E-1	8.74427E-10
4.10911E-1	1.99211E+0	1.51233E-5	1.00007E+0	2.30230E-10
4.11566E-1	1.99427E+0	9.09440E-6	1.00003E+0	7.74589E-10
4.12221E-1	1.99373E+0	1.04050E-5	9.99940E-1	2.20276E-9
4.12877E-1	1.99373E+0	5.03143E-6	9.99978E-1	9.54773E-10
4.13532E-1	1.99319E+0	4.50718E-6	1.00007E+0	1.26617E-9
4.14188E-1	1.99346E+0	1.10604E-5	9.99893E-1	4.09940E-10
4.14843E-1	1.99373E+0	5.68675E-6	1.00007E+0	1.73114E-9
4.15498E-1	1.99211E+0	1.36816E-5	1.00003E+0	3.94251E-10
4.16154E-1	1.99184E+0	8.83228E-6	9.99963E-1	1.24003E-9
4.16809E-1	1.99211E+0	8.43908E-6	9.99959E-1	1.55999E-9
4.17464E-1	1.99454E+0	9.22547E-6	1.00005E+0	1.57758E-9
4.18120E-1	1.99023E+0	9.48759E-6	1.00004E+0	-2.24748E-10
4.18775E-1	1.99238E+0	9.61866E-6	9.99904E-1	2.40291E-9
4.19430E-1	1.99265E+0	8.96334E-6	1.00009E+0	8.63968E-10
4.20086E-1	1.99292E+0	9.09440E-6	9.99906E-1	2.00736E-9
4.20741E-1	1.99292E+0	1.04050E-5	1.00013E+0	4.00907E-10
4.21396E-1	1.99319E+0	8.30802E-6	9.99840E-1	1.15540E-9
4.22052E-1	1.99211E+0	5.16250E-6	1.00007E+0	1.38313E-9
4.22707E-1	1.99265E+0	8.70121E-6	9.99957E-1	8.66820E-10
4.23363E-1	1.99373E+0	7.12845E-6	1.00003E+0	2.72477E-9
4.24018E-1	1.99238E+0	6.99739E-6	9.99995E-1	6.10568E-10
4.24673E-1	1.99184E+0	2.54123E-6	1.00003E+0	1.53479E-9
4.25329E-1	1.99319E+0	1.02740E-5	9.99944E-1	6.62864E-10
4.25984E-1	1.99157E+0	1.30263E-5	1.00002E+0	2.04587E-9
4.26639E-1	1.99346E+0	1.02740E-5	9.99969E-1	1.61941E-9
4.27295E-1	1.99346E+0	1.00118E-5	1.00005E+0	1.61770E-10
4.27950E-1	1.99292E+0	9.09440E-6	1.00007E+0	1.42401E-9
4.28605E-1	1.99157E+0	8.70121E-6	9.99938E-1	1.27901E-9
4.29261E-1	1.99184E+0	-3.48769E-6	9.99929E-1	2.40196E-9
4.29916E-1	1.99427E+0	8.57015E-6	1.00011E+0	8.09294E-10
4.30572E-1	1.99427E+0	1.07982E-5	9.99929E-1	1.89326E-9
4.31227E-1	1.99238E+0	1.47301E-5	1.00008E+0	4.70794E-10
4.31882E-1	1.99346E+0	1.04050E-5	1.00001E+0	2.33207E-9
4.32538E-1	1.99184E+0	1.13225E-5	9.99923E-1	6.76176E-10
4.33193E-1	1.99292E+0	9.09440E-6	9.99990E-1	1.53003E-9
4.33848E-1	1.99292E+0	7.91483E-6	1.00010E+0	9.69987E-10
4.34504E-1	1.99265E+0	9.35653E-6	9.99887E-1	2.20181E-9
4.35159E-1	1.99292E+0	1.11914E-5	9.99940E-1	1.53717E-9
4.35814E-1	1.99157E+0	1.15846E-5	1.00015E+0	1.16253E-9
4.36470E-1	1.99104E+0	1.27642E-5	9.99834E-1	1.14352E-9
4.37125E-1	1.99373E+0	8.43908E-6	1.00013E+0	1.24716E-9
4.37780E-1	1.99292E+0	9.09440E-6	9.99961E-1	1.62654E-9
4.38436E-1	1.99265E+0	7.65270E-6	1.00004E+0	2.31638E-9
4.39091E-1	1.99319E+0	8.17696E-6	1.00001E+0	7.32751E-10
4.39747E-1	1.99077E+0	1.04050E-5	1.00003E+0	1.54953E-9
4.40402E-1	1.99130E+0	-4.73234E-7	9.99872E-1	1.50198E-9
4.41057E-1	1.99265E+0	7.91483E-6	1.00003E+0	1.34985E-9
4.41713E-1	1.99319E+0	9.48759E-6	1.00007E+0	1.87376E-9
4.42368E-1	1.99427E+0	9.88078E-6	9.99925E-1	5.18811E-10
4.43023E-1	1.99454E+0	7.78377E-6	9.99971E-1	1.93985E-9
4.43679E-1	1.99346E+0	1.57786E-5	1.00009E+0	9.09608E-10
4.44334E-1	1.99238E+0	7.12845E-6	1.00002E+0	2.23318E-9
4.44989E-1	1.99184E+0	1.06672E-5	9.99948E-1	1.24668E-9
4.45645E-1	1.99184E+0	1.09293E-5	1.00010E+0	1.01991E-9
4.46300E-1	1.99292E+0	8.43908E-6	9.99919E-1	1.02086E-9
4.46956E-1	1.99211E+0	1.02740E-5	9.99978E-1	3.10511E-9
4.47611E-1	1.99184E+0	7.78377E-6	9.99933E-1	-3.81638E-10
4.48266E-1	1.99184E+0	1.81378E-5	1.00009E+0	1.65079E-9
4.48922E-1	1.99319E+0	1.05361E-5	1.00003E+0	1.87329E-9
4.49577E-1	1.99130E+0	8.83228E-6	9.47397E-1	3.11392E-7
4.50232E-1	-7.68415E-3	9.35653E-6	9.99919E-1	4.80919E-8
4.50888E-1	-5.79628E-3	1.10604E-5	1.00008E+0	2.78717E-8
4.51543E-1	-6.60537E-3	9.61866E-6	1.00007E+0	2.10280E-8
4.52198E-1	-6.60537E-3	1.25021E-5	1.00005E+0	1.71186E-8
4.52854E-1	-6.60537E-3	1.13225E-5	9.99883E-1	1.56891E-8
4.53509E-1	-6.06598E-3	7.65270E-6	1.00016E+0	1.38786E-8
4.54164E-1	-7.41446E-3	2.04969E-5	9.99959E-1	1.17283E-8
4.54820E-1	-5.52658E-3	9.61866E-6	1.00000E+0	1.20188E-8
4.55475E-1	-7.14476E-3	1.21089E-5	9.99995E-1	1.13684E-8
4.56131E-1	-6.33567E-3	7.39058E-6	9.99952E-1	8.92332E-9
4.56786E-1	-5.79628E-3	8.70121E-6	1.00006E+0	1.03425E-8
4.57441E-1	-6.33567E-3	1.11914E-5	9.99971E-1	9.59794E-9
4.58097E-1	-7.14476E-3	1.18467E-5	9.99988E-1	8.01194E-9
4.58752E-1	-6.60537E-3	1.06672E-5	1.00006E+0	8.15694E-9
4.59407E-1	-5.25689E-3	6.07994E-6	9.99957E-1	9.03552E-9
4.60063E-1	-6.33567E-3	9.68465E-7	1.00002E+0	7.91875E-9
4.60718E-1	-5.79628E-3	6.07994E-6	9.99965E-1	7.91352E-9
4.61373E-1	-7.95385E-3	7.65270E-6	9.99950E-1	6.29757E-9
4.62029E-1	-6.33567E-3	1.02740E-5	1.00002E+0	7.98103E-9
4.62684E-1	-7.14476E-3	8.83228E-6	1.00006E+0	7.16236E-9
4.63340E-1	-6.60537E-3	7.39058E-6	9.99982E-1	7.51560E-9
4.63995E-1	-5.79628E-3	1.07982E-5	9.99973E-1	5.43372E-9
4.64650E-1	-5.25689E-3	1.70893E-5	1.00006E+0	6.75492E-9
4.65306E-1	-5.52658E-3	1.32884E-5	9.99931E-1	6.53480E-9
4.65961E-1	-7.95385E-3	1.10604E-5	1.00011E+0	6.49059E-9
4.66616E-1	-6.60537E-3	1.10604E-5	9.99900E-1	5.76414E-9
4.67272E-1	-6.06598E-3	1.38127E-5	1.00005E+0	7.25792E-9
4.67927E-1	-5.79628E-3	7.52164E-6	9.99997E-1	5.74750E-9
4.68582E-1	-5.79628E-3	9.48759E-6	1.00003E+0	6.46919E-9
4.69238E-1	-5.79628E-3	1.06672E-5	1.00004E+0	5.45940E-9
4.69893E-1	-6.60537E-3	9.74972E-6	9.99914E-1	6.74494E-9
4.70548E-1	-8.76294E-3	1.10604E-5	9.99944E-1	5.69235E-9
4.71204E-1	-7.68415E-3	7.12845E-6	1.00014E+0	5.63245E-9
4.71859E-1	-5.79628E-3	8.96334E-6	9.99851E-1	5.92056E-9
4.72515E-1	-7.95385E-3	1.18467E-5	1.00010E+0	5.46035E-9
4.73170E-1	-8.49324E-3	9.74972E-6	9.99940E-1	6.18679E-9
4.73825E-1	-7.41446E-3	8.96334E-6	1.00000E+0	5.86969E-9
4.74481E-1	-6.06598E-3	1.04050E-5	1.00001E+0	6.23909E-9
4.75136E-1	-8.49324E-3	9.35653E-6	1.00003E+0	5.44371E-9
4.75791E-1	-7.41446E-3	1.19778E-5	1.00003E+0	5.10283E-9
4.76447E-1	-6.87507E-3	8.43908E-6	9.99963E-1	5.74608E-9
4.77102E-1	-6.33567E-3	9.35653E-6	9.99980E-1	5.71470E-9
4.77757E-1	-8.22355E-3	6.60420E-6	9.99948E-1	5.29110E-9
4.78413E-1	-7.68415E-3	9.35653E-6	1.00005E+0	5.61011E-9
4.79068E-1	-6.33567E-3	3.58973E-6	1.00001E+0	4.64310E-9
4.79724E-1	-6.60537E-3	1.35506E-5	1.00004E+0	5.16749E-9
4.80379E-1	-5.79628E-3	3.72080E-6	9.99946E-1	6.25145E-9
4.81034E-1	-6.06598E-3	1.36166E-6	1.00003E+0	4.33693E-9
4.81690E-1	-6.60537E-3	1.04050E-5	9.99965E-1	6.59280E-9
4.82345E-1	-7.95385E-3	7.25951E-6	1.00010E+0	5.03247E-9
4.83000E-1	-7.14476E-3	1.23710E-5	9.99942E-1	4.23281E-9
4.83656E-1	-5.52658E-3	1.35506E-5	1.00003E+0	5.43182E-9
4.84311E-1	-6.87507E-3	9.74972E-6	9.99883E-1	5.96477E-9
4.84966E-1	-6.06598E-3	8.30802E-6	1.00007E+0	4.89269E-9
4.85622E-1	-6.87507E-3	9.22547E-6	9.99921E-1	5.18318E-9
4.86277E-1	-4.98719E-3	8.04589E-6	1.00011E+0	5.07478E-9
4.86932E-1	-6.60537E-3	1.23710E-5	9.99938E-1	5.18650E-9
4.87588E-1	-6.06598E-3	8.96334E-6	1.00006E+0	5.17129E-9
4.88243E-1	-6.33567E-3	1.06672E-5	1.00001E+0	5.90344E-9
4.88899E-1	-6.33567E-3	8.83228E-6	1.00002E+0	4.31458E-9
4.89554E-1	-6.06598E-3	5.29356E-6	9.99980E-1	5.60250E-9
4.90209E-1	-6.60537E-3	1.04050E-5	1.00006E+0	4.68636E-9
4.90865E-1	-4.98719E-3	3.45867E-6	9.99942E-1	5.33911E-9
4.91520E-1	-5.79628E-3	1.48612E-5	1.00003E+0	5.25164E-9
4.92175E-1	-6.06598E-3	2.36425E-5	9.99988E-1	5.73514E-9
4.92831E-1	-6.06598E-3	9.48759E-6	1.34706E+0	-7.95005E-7
4.93486E-1	-4.98719E-3	5.81781E-6	1.00025E+0	-7.17154E-8
4.94141E-1	-5.52658E-3	9.88078E-6	9.99747E-1	-2.06698E-8
4.94797E-1	-5.25689E-3	1.64340E-5	1.00006E+0	-1.22325E-8
4.95452E-1	-6.60537E-3	7.12845E-6	9.99902E-1	-9.02481E-9
4.96108E-1	-6.06598E-3	5.42462E-6	9.99967E-1	-6.22457E-9
4.96763E-1	-7.41446E-3	9.74972E-6	9.99976E-1	-4.73080E-9
4.97418E-1	-6.60537E-3	1.56476E-5	1.00015E+0	-5.10258E-9
4.98074E-1	-6.60537E-3	1.45991E-5	9.99914E-1	-4.38374E-9
4.98729E-1	-6.33567E-3	8.70121E-6	9.99999E-1	-2.84052E-9
4.99384E-1	-6.87507E-3	8.17696E-6	8.82300E-1	1.95381E-7
5.00040E-1	1.99373E+0	1.14535E-5	9.05400E-1	3.82339E-7
5.00695E-1	1.99346E+0	1.42059E-5	1.00002E+0	3.15040E-11
5.01350E-1	1.99319E+0	1.00118E-5	9.99883E-1	-1.41188E-9
5.02006E-1	1.99319E+0	8.83228E-6	9.99992E-1	-2.96080E-9
5.02661E-1	1.99292E+0	-4.73234E-7	1.00005E+0	-2.68934E-9
5.03316E-1	1.99562E+0	1.05361E-5	9.99965E-1	-2.05732E-10
5.03972E-1	1.99373E+0	1.15846E-5	9.99967E-1	-1.33438E-9
5.04627E-1	1.99157E+0	1.21089E-5	1.00014E+0	-1.84166E-9
5.05283E-1	1.99211E+0	1.13225E-5	9.99950E-1	-1.55628E-11
5.05938E-1	1.99373E+0	7.39058E-6	1.00005E+0	-1.30824E-9
5.06593E-1	1.99184E+0	7.12845E-6	9.99834E-1	-7.61500E-10
5.07249E-1	1.99346E+0	1.18467E-5	1.00018E+0	5.90785E-11
5.07904E-1	1.99427E+0	4.90037E-6	9.99931E-1	-6.00332E-10
5.08559E-1	1.99265E+0	7.78377E-6	1.00004E+0	3.50512E-10
5.09215E-1	1.99157E+0	2.40356E-5	9.99995E-1	-8.40420E-10
5.09870E-1	1.99265E+0	1.09293E-5	9.99982E-1	2.80150E-10
5.10525E-1	1.99319E+0	5.81781E-6	9.99982E-1	9.28334E-11
5.11181E-1	1.99400E+0	1.82688E-5	1.00000E+0	-1.50583E-10
5.11836E-1	1.99292E+0	2.42978E-5	9.99976E-1	1.73161E-9
5.12492E-1	1.99211E+0	7.52164E-6	1.00004E+0	-5.19985E-10
5.13147E-1	1.99184E+0	6.47313E-6	9.99963E-1	2.25952E-10
5.13802E-1	1.99373E+0	8.96334E-6	9.99997E-1	2.05508E-10
5.14458E-1	1.99346E+0	7.52164E-6	1.00001E+0	1.66743E-9
5.15113E-1	1.99184E+0	1.06672E-5	1.00004E+0	-7.89550E-10
5.15768E-1	1.99427E+0	8.30802E-6	9.99916E-1	1.58233E-9
5.16424E-1	1.99427E+0	8.70121E-6	1.00005E+0	-2.30929E-10
5.17079E-1	1.99427E+0	1.51233E-5	1.00005E+0	6.13420E-10
5.17734E-1	1.99238E+0	6.47313E-6	1.00004E+0	1.32132E-9
5.18390E-1	1.99238E+0	6.86632E-6	9.99809E-1	2.33083E-10
5.19045E-1	1.99211E+0	9.61866E-6	1.00009E+0	1.17252E-9
5.19700E-1	1.99184E+0	1.55165E-5	9.99904E-1	6.53356E-10
5.20356E-1	1.99265E+0	8.96334E-6	1.00012E+0	1.87662E-9
5.21011E-1	1.99319E+0	8.96334E-6	9.99963E-1	8.98674E-10
5.21667E-1	1.99265E+0	7.52164E-6	1.00008E+0	-3.12226E-10
5.22322E-1	1.99265E+0	1.11914E-5	9.99902E-1	1.49200E-9
5.22977E-1	1.99292E+0	9.88078E-6	1.00003E+0	1.05033E-9
5.23633E-1	1.99346E+0	2.27910E-6	9.99969E-1	3.85693E-10
5.24288E-1	1.99319E+0	4.63824E-6	1.00001E+0	1.08504E-9
5.24943E-1	1.99319E+0	1.30263E-5	9.99967E-1	1.25809E-9
5.25599E-1	1.99265E+0	1.23710E-5	1.00007E+0	1.38218E-9
5.26254E-1	1.99157E+0	7.91483E-6	9.99919E-1	4.29141E-11
5.26909E-1	1.99238E+0	1.25021E-5	1.00011E+0	9.21969E-10
5.27565E-1	1.99400E+0	2.41016E-6	9.99959E-1	2.00973E-9
5.28220E-1	1.99238E+0	8.17696E-6	9.99997E-1	-7.40397E-11
5.28876E-1	1.99346E+0	1.11914E-5	1.00000E+0	2.08818E-9
5.29531E-1	1.99184E+0	7.78377E-6	1.00003E+0	7.19915E-10
5.30186E-1	1.99238E+0	8.70121E-6	1.00005E+0	1.14684E-9
5.30842E-1	1.99157E+0	4.90037E-6	9.99950E-1	1.41926E-9
5.31497E-1	1.99077E+0	9.35653E-6	1.00005E+0	1.00850E-9
5.32152E-1	1.99319E+0	1.15846E-5	9.99887E-1	2.91560E-10
5.32808E-1	1.99265E+0	8.57015E-6	1.00009E+0	1.61181E-9
5.33463E-1	1.99211E+0	7.91483E-6	9.99895E-1	1.74255E-9
5.34118E-1	1.99427E+0	1.17157E-5	1.00004E+0	1.27616E-9
5.34774E-1	1.99292E+0	8.04589E-6	9.99914E-1	1.53212E-10
5.35429E-1	1.99535E+0	2.15454E-5	1.00013E+0	5.66829E-10
5.36084E-1	1.99292E+0	7.52164E-6	9.99984E-1	2.91018E-9
5.36740E-1	1.99238E+0	5.94888E-6	9.99967E-1	1.01373E-9
5.37395E-1	1.99346E+0	5.94888E-6	1.00001E+0	1.01135E-9
5.38051E-1	1.99373E+0	1.02740E-5	1.00002E+0	1.18773E-9
5.38706E-1	1.99346E+0	9.09440E-6	9.99933E-1	1.58233E-9
5.39361E-1	1.99265E+0	8.83228E-6	1.00007E+0	1.21245E-9
5.40017E-1	1.99319E+0	2.01697E-6	9.99954E-1	9.24822E-10
5.40672E-1	1.99211E+0	9.35653E-6	1.00010E+0	2.89658E-10
5.41327E-1	1.99373E+0	1.27642E-5	9.99976E-1	2.20133E-9
5.41983E-1	1.99292E+0	5.94888E-6	9.99954E-1	1.63035E-9
5.42638E-1	1.99346E+0	9.09440E-6	9.99938E-1	4.12792E-10
5.43293E-1	1.99346E+0	1.27642E-5	1.00008E+0	1.10929E-9
5.43949E-1	1.99265E+0	1.07982E-5	9.99942E-1	1.67361E-9
5.44604E-1	1.99265E+0	1.02740E-5	1.00003E+0	1.15635E-9
5.45260E-1	1.99319E+0	7.78377E-6	9.99946E-1	1.42544E-9
5.45915E-1	1.99184E+0	1.26331E-5	1.00010E+0	1.12022E-9
5.46570E-1	1.99373E+0	1.40748E-5	9.99986E-1	1.85570E-9
5.47226E-1	1.99319E+0	1.21089E-5	9.99912E-1	2.41640E-10
5.47881E-1	1.99184E+0	8.96334E-6	1.00001E+0	1.37742E-9
5.48536E-1	1.99346E+0	1.43369E-5	1.00007E+0	1.53003E-9
5.49192E-1	1.99292E+0	9.35653E-6	9.95239E-1	1.19242E-8
5.49847E-1	-7.14476E-3	1.14535E-5	9.51764E-1	3.27760E-7
5.50502E-1	-6.33567E-3	6.21101E-6	1.00017E+0	3.45971E-8
5.51158E-1	-7.68415E-3	1.25021E-5	1.06578E+0	-1.05681E-7
5.51813E-1	-5.52658E-3	8.17696E-6	1.41206E+0	-7.29026E-7
5.52468E-1	-7.14476E-3	1.04050E-5	9.99906E-1	-1.92882E-8
5.53124E-1	-6.87507E-3	7.12845E-6	1.00001E+0	-5.79669E-9
5.53779E-1	-5.52658E-3	4.50718E-6	9.99965E-1	-3.09962E-9
5.54435E-1	-7.68415E-3	1.82084E-7	1.00000E+0	-1.23217E-9
5.55090E-1	-7.68415E-3	8.70121E-6	1.00001E+0	-3.94474E-10
5.55745E-1	-5.52658E-3	9.61866E-6	1.00002E+0	-1.11331E-9
5.56401E-1	-7.14476E-3	1.05361E-5	9.99931E-1	2.51149E-10
5.57056E-1	-6.06598E-3	-1.12855E-6	1.00010E+0	1.05461E-9
5.57711E-1	-5.79628E-3	1.32884E-5	9.99887E-1	7.50817E-10
5.58367E-1	-4.71749E-3	7.39058E-6	1.00009E+0	6.11043E-10
5.59022E-1	-5.52658E-3	7.65270E-6	9.99916E-1	2.12384E-9
5.59677E-1	-8.49324E-3	1.15846E-5	1.00015E+0	5.94879E-10
5.60333E-1	-7.68415E-3	1.21089E-5	9.99813E-1	1.34319E-9
5.60988E-1	-7.14476E-3	9.35653E-6	1.00017E+0	1.35032E-9
5.61644E-1	-5.25689E-3	1.85310E-5	9.99900E-1	2.32779E-9
5.62299E-1	-6.87507E-3	6.86632E-6	1.00004E+0	-2.17142E-10
5.62954E-1	-6.87507E-3	1.05361E-5	1.00002E+0	1.86426E-9
5.63610E-1	-4.71749E-3	1.13225E-5	1.00000E+0	2.30640E-9
5.64265E-1	-6.33567E-3	1.11914E-5	9.99944E-1	1.18773E-9
5.64920E-1	-6.06598E-3	8.43908E-6	1.00003E+0	1.92701E-9
5.65576E-1	-6.87507E-3	1.00118E-5	9.99982E-1	2.50560E-9
5.66231E-1	-5.79628E-3	1.02740E-5	9.99950E-1	1.29660E-9
5.66886E-1	-4.71749E-3	3.58973E-6	1.00009E+0	1.42069E-9
5.67542E-1	-5.79628E-3	8.17696E-6	9.99891E-1	9.58101E-10
5.68197E-1	-7.14476E-3	4.50718E-6	1.00009E+0	1.67076E-9
5.68852E-1	-7.41446E-3	6.07994E-6	9.99990E-1	2.69054E-9
5.69508E-1	-6.33567E-3	1.02740E-5	1.00002E+0	7.00898E-10
5.70163E-1	-6.87507E-3	1.62378E-6	9.99938E-1	1.83953E-9
5.70819E-1	-6.06598E-3	1.26331E-5	1.00005E+0	2.01259E-9
5.71474E-1	-7.41446E-3	7.39058E-6	9.99995E-1	8.95821E-10
5.72129E-1	-5.52658E-3	7.91483E-6	9.99984E-1	2.27835E-9
5.72785E-1	-4.71749E-3	9.09440E-6	1.00001E+0	2.67913E-9
5.73440E-1	-5.52658E-3	9.48759E-6	1.00005E+0	1.39121E-9
5.74095E-1	-5.79628E-3	8.57015E-6	9.99982E-1	2.16615E-9
5.74751E-1	-6.87507E-3	1.11914E-5	1.00002E+0	9.87102E-10
5.75406E-1	-7.68415E-3	7.91483E-6	9.99868E-1	2.64775E-9
5.76061E-1	-7.95385E-3	3.98293E-6	1.00009E+0	1.65982E-9
5.76717E-1	-6.33567E-3	1.49923E-5	9.99976E-1	1.01800E-9
5.77372E-1	-6.87507E-3	1.17157E-5	1.00003E+0	2.58975E-9
5.78028E-1	-5.79628E-3	1.10604E-5	9.99887E-1	9.18166E-10
5.78683E-1	-7.41446E-3	1.15846E-5	1.00009E+0	1.36934E-9
5.79338E-1	-8.49324E-3	7.91483E-6	9.99965E-1	3.08561E-9
5.79994E-1	-7.14476E-3	2.06280E-5	1.00008E+0	6.77127E-10
5.80649E-1	-6.33567E-3	1.48612E-5	9.99893E-1	1.96600E-9
5.81304E-1	-6.60537E-3	4.37612E-6	1.00006E+0	2.19040E-9
5.81960E-1	-4.17810E-3	5.81781E-6	9.99997E-1	1.14066E-9
5.82615E-1	-6.06598E-3	1.04050E-5	1.00004E+0	1.86473E-9
5.83270E-1	-6.06598E-3	1.02740E-5	9.99948E-1	2.69767E-9
5.83926E-1	-7.68415E-3	8.70121E-6	1.00010E+0	4.55105E-10
5.84581E-1	-5.25689E-3	1.43369E-5	9.99874E-1	2.92254E-9
5.85236E-1	-6.60537E-3	1.65650E-5	1.00006E+0	8.30213E-10
5.85892E-1	-5.52658E-3	1.57786E-5	1.00001E+0	1.96077E-9
5.86547E-1	-3.90841E-3	5.42462E-6	1.00001E+0	1.88660E-9
5.87203E-1	-6.87507E-3	1.26331E-5	9.99995E-1	1.49580E-9
5.87858E-1	-4.98719E-3	1.45991E-5	9.99944E-1	2.62255E-9
5.88513E-1	-6.33567E-3	1.14535E-5	1.00001E+0	1.71212E-9
5.89169E-1	-7.14476E-3	-7.35361E-7	9.99944E-1	1.23908E-9
5.89824E-1	-5.25689E-3	1.40748E-5	1.00005E+0	2.27074E-9
5.90479E-1	-5.52658E-3	7.65270E-6	9.99942E-1	1.40310E-9
5.91135E-1	-5.52658E-3	1.02740E-5	1.00009E+0	2.13287E-9
5.91790E-1	-6.60537E-3	1.26331E-5	9.99999E-1	2.17756E-9
5.92445E-1	-6.87507E-3	9.61866E-6	1.00001E+0	1.87329E-9
5.93101E-1	-8.22355E-3	4.90037E-6	1.00008E+0	9.12461E-10
5.93756E-1	-5.25689E-3	1.17157E-5	9.99878E-1	2.57691E-9
5.94412E-1	-7.14476E-3	9.74972E-6	1.00006E+0	9.05805E-10
5.95067E-1	-5.52658E-3	7.25951E-6	1.00003E+0	3.05947E-9
5.95722E-1	-5.25689E-3	9.88078E-6	9.99984E-1	1.35175E-9
5.96378E-1	-5.52658E-3	2.93442E-6	9.99957E-1	1.21198E-9
5.97033E-1	-7.41446E-3	6.86632E-6	1.00003E+0	2.32684E-9
5.97688E-1	-6.87507E-3	8.57015E-6	9.99967E-1	1.34842E-9
5.98344E-1	-4.71749E-3	6.47313E-6	1.00006E+0	1.97741E-9
5.98999E-1	-6.06598E-3	1.34195E-5	9.99952E-1	1.39787E-9
5.99654E-1	-6.87507E-3	8.96334E-6	1.04904E+0	-1.22867E-7
6.00310E-1	1.99346E+0	9.35653E-6	1.00114E+0	2.50731E-7
6.00965E-1	1.99292E+0	7.52164E-6	1.00057E+0	8.51919E-8
6.01620E-1	1.99292E+0	8.30802E-6	1.00015E+0	4.18796E-8
6.02276E-1	1.99319E+0	1.56476E-5	1.00001E+0	2.06049E-8
6.02931E-1	1.99373E+0	7.25951E-6	9.99948E-1	2.24405E-8
6.03587E-1	1.99373E+0	9.22547E-6	1.00012E+0	1.41306E-8
6.04242E-1	1.99400E+0	1.01429E-5	9.99988E-1	1.72665E-8
6.04897E-1	1.99454E+0	6.21101E-6	9.99916E-1	1.60071E-8
6.05553E-1	1.99346E+0	1.19778E-5	9.99946E-1	1.58307E-8
6.06208E-1	1.99319E+0	-1.78387E-6	1.00020E+0	1.24719E-8
6.06863E-1	1.99373E+0	8.96334E-6	9.99878E-1	1.14293E-8
6.07519E-1	1.99292E+0	9.48759E-6	1.00007E+0	9.94833E-9
6.08174E-1	1.99184E+0	9.09440E-6	1.00005E+0	7.55173E-9
6.08829E-1	1.99184E+0	1.45991E-5	9.99933E-1	7.02021E-9
6.09485E-1	1.99373E+0	2.50842E-5	1.00004E+0	9.03314E-9
6.10140E-1	1.99373E+0	1.05361E-5	9.99973E-1	7.62066E-9
6.10796E-1	1.99400E+0	8.70121E-6	1.00004E+0	6.85856E-9
6.11451E-1	1.99373E+0	5.55569E-6	9.99990E-1	4.38494E-9
6.12106E-1	1.99400E+0	7.91483E-6	9.99952E-1	4.66687E-9
6.12762E-1	1.99373E+0	1.01429E-5	1.00004E+0	5.10711E-9
6.13417E-1	1.99184E+0	1.04050E-5	1.00007E+0	2.86597E-9
6.14072E-1	1.99104E+0	8.43908E-6	9.99967E-1	2.80274E-9
6.14728E-1	1.99184E+0	1.07982E-5	9.99946E-1	4.25991E-9
6.15383E-1	1.99157E+0	4.11399E-6	1.00006E+0	1.95744E-9
6.16038E-1	1.99454E+0	9.48759E-6	1.00001E+0	2.80512E-9
6.16694E-1	1.99265E+0	1.13225E-5	9.99961E-1	4.22377E-9
6.17349E-1	1.99238E+0	1.05361E-5	1.00010E+0	1.99880E-9
6.18004E-1	1.99319E+0	9.09440E-6	9.99876E-1	1.56569E-9
6.18660E-1	1.99265E+0	-8.00432E-8	1.00006E+0	2.32732E-9
6.19315E-1	1.99508E+0	8.30802E-6	9.99938E-1	9.65708E-10
6.19971E-1	1.99238E+0	1.27642E-5	1.00007E+0	8.50181E-10
6.20626E-1	1.99211E+0	5.29356E-6	9.99978E-1	2.51939E-9
6.21281E-1	1.99265E+0	7.52164E-6	1.00001E+0	1.39834E-9
6.21937E-1	1.99319E+0	1.49272E-6	1.00002E+0	1.56540E-10
6.22592E-1	1.99346E+0	1.06672E-5	9.99946E-1	2.06060E-9
6.23247E-1	1.99346E+0	1.60408E-5	1.00009E+0	1.45777E-9
6.23903E-1	1.99265E+0	1.09953E-6	9.99946E-1	1.65840E-9
6.24558E-1	1.99238E+0	1.01429E-5	9.99954E-1	1.04748E-9
6.25213E-1	1.99265E+0	1.49923E-5	1.00003E+0	1.02894E-9
6.25869E-1	1.99184E+0	1.25021E-5	1.00002E+0	3.42905E-10
6.26524E-1	1.99265E+0	7.12845E-6	9.99950E-1	1.83525E-9
6.27180E-1	1.99400E+0	1.05361E-5	1.00005E+0	1.81481E-9
6.27835E-1	1.99346E+0	8.43908E-6	1.00002E+0	3.78562E-10
6.28490E-1	1.99184E+0	6.07994E-6	9.99997E-1	1.70784E-9
6.29146E-1	1.99319E+0	1.09293E-5	9.99997E-1	1.59707E-9
6.29801E-1	1.99292E+0	4.63824E-6	9.99940E-1	5.31172E-10
6.30456E-1	1.99346E+0	6.73526E-6	1.00007E+0	1.41688E-9
6.31112E-1	1.99265E+0	1.14535E-5	9.99929E-1	1.23860E-9
6.31767E-1	1.99346E+0	6.34207E-6	1.00008E+0	1.80863E-9
6.32422E-1	1.99211E+0	1.72203E-5	9.99891E-1	7.85048E-10
6.33078E-1	1.99346E+0	1.30263E-5	1.00007E+0	5.72059E-10
6.33733E-1	1.99400E+0	1.19778E-5	9.99984E-1	2.50370E-9
6.34388E-1	1.99292E+0	1.31574E-5	1.00010E+0	2.70641E-10
6.35044E-1	1.99292E+0	1.27642E-5	9.99836E-1	1.30278E-9
6.35699E-1	1.99077E+0	1.04050E-5	1.00008E+0	2.00593E-9
6.36355E-1	1.99292E+0	1.02740E-5	1.00001E+0	1.38949E-10
6.37010E-1	1.99400E+0	1.83999E-5	9.99990E-1	1.39169E-9
6.37665E-1	1.99130E+0	8.43908E-6	9.99954E-1	1.20009E-9
6.38321E-1	1.99346E+0	1.69582E-5	9.99982E-1	1.22671E-9
6.38976E-1	1.99238E+0	9.09440E-6	1.00014E+0	1.84239E-9
6.39631E-1	1.99292E+0	7.12845E-6	9.99885E-1	3.87595E-10
6.40287E-1	1.99427E+0	1.51233E-5	1.00005E+0	1.91798E-9
6.40942E-1	1.99104E+0	9.48759E-6	9.99959E-1	1.17347E-9
6.41597E-1	1.99589E+0	1.00118E-5	1.00003E+0	1.40215E-9
6.42253E-1	1.99211E+0	9.48759E-6	9.99912E-1	6.08191E-10
6.42908E-1	1.99265E+0	9.88078E-6	1.00008E+0	1.83288E-9
6.43564E-1	1.99319E+0	1.05361E-5	9.99965E-1	1.92796E-9
6.44219E-1	1.99238E+0	8.57015E-6	1.00000E+0	6.41946E-10
6.44874E-1	1.99238E+0	9.61866E-6	9.99999E-1	1.97693E-9
6.45530E-1	1.99184E+0	1.47301E-5	1.00002E+0	8.20832E-12
6.46185E-1	1.99157E+0	8.70121E-6	1.00005E+0	2.14571E-9
6.46840E-1	1.99292E+0	8.17696E-6	9.99978E-1	4.99795E-10
6.47496E-1	1.99104E+0	1.91863E-5	1.00002E+0	1.22386E-9
6.48151E-1	1.99104E+0	1.14535E-5	9.99992E-1	1.70879E-9
6.48806E-1	1.99292E+0	7.91483E-6	9.99944E-1	1.89516E-9
6.49462E-1	1.99184E+0	9.48759E-6	9.49321E-1	3.01486E-7
6.50117E-1	-7.68415E-3	8.96334E-6	9.99435E-1	3.38226E-8
6.50772E-1	-4.44780E-3	2.07591E-5	1.41659E+0	-8.40036E-7
6.51428E-1	-6.60537E-3	1.80067E-5	1.00050E+0	-1.43120E-8
6.52083E-1	-6.06598E-3	1.49923E-5	9.99906E-1	-7.52152E-9
6.52739E-1	-7.68415E-3	4.63824E-6	9.99988E-1	-3.20137E-9
6.53394E-1	-6.06598E-3	9.48759E-6	9.99997E-1	-1.19033E-9
6.54049E-1	-6.06598E-3	1.04050E-5	9.99980E-1	-4.23475E-10
6.54705E-1	-6.06598E-3	4.76931E-6	1.00000E+0	-5.39002E-10
6.55360E-1	-6.60537E-3	1.01429E-5	9.99990E-1	1.02276E-9
6.56015E-1	-4.17810E-3	1.10604E-5	1.00002E+0	6.90623E-11
6.56671E-1	-6.06598E-3	1.01429E-5	1.00003E+0	7.78392E-10
6.57326E-1	-6.87507E-3	1.19778E-5	9.99950E-1	6.18650E-10
6.57981E-1	-6.33567E-3	1.01429E-5	1.00007E+0	1.90657E-9
6.58637E-1	-6.60537E-3	4.63824E-6	9.99931E-1	8.83460E-10
6.59292E-1	-6.87507E-3	1.10604E-5	1.00002E+0	1.10548E-9
6.59948E-1	-6.60537E-3	7.39058E-6	9.99995E-1	1.16491E-9
6.60603E-1	-7.14476E-3	1.43369E-5	1.00002E+0	1.58851E-9
6.61258E-1	-6.06598E-3	7.91483E-6	9.99999E-1	1.80720E-9
6.61914E-1	-6.33567E-3	5.81781E-6	9.99914E-1	2.08865E-9
6.62569E-1	-6.87507E-3	8.70121E-6	1.00005E+0	1.96742E-9
6.63224E-1	-7.14476E-3	1.13225E-5	1.00006E+0	9.08657E-10
6.63880E-1	-5.79628E-3	3.19654E-6	1.00001E+0	7.08029E-10
6.64535E-1	-6.87507E-3	7.78377E-6	9.99862E-1	2.51606E-9
6.65190E-1	-6.06598E-3	1.32884E-5	1.00002E+0	4.70794E-10
6.65846E-1	-6.06598E-3	6.99739E-6	1.00009E+0	2.76185E-9
6.66501E-1	-5.79628E-3	9.35653E-6	9.99950E-1	1.57710E-9
6.67156E-1	-6.60537E-3	1.35506E-5	9.99976E-1	1.43875E-9
6.67812E-1	-6.87507E-3	2.20697E-5	1.00007E+0	1.92273E-9
6.68467E-1	-6.60537E-3	5.94888E-6	9.99938E-1	1.67219E-9
6.69123E-1	-6.06598E-3	7.39058E-6	9.99992E-1	1.35983E-9
6.69778E-1	-7.41446E-3	1.22399E-5	1.00003E+0	2.14523E-9
6.70433E-1	-7.68415E-3	1.32884E-5	9.99984E-1	1.63938E-9
6.71089E-1	-6.06598E-3	1.05361E-5	1.00003E+0	3.20561E-10
6.71744E-1	-5.52658E-3	1.04050E-5	9.99952E-1	2.70861E-9
6.72399E-1	-6.06598E-3	1.06672E-5	1.00007E+0	9.24822E-10
6.73055E-1	-5.25689E-3	1.09293E-5	9.99976E-1	1.62702E-9
6.73710E-1	-6.06598E-3	1.19778E-5	9.99954E-1	2.06488E-9
6.74365E-1	-6.06598E-3	1.51233E-5	1.00000E+0	1.63558E-9
6.75021E-1	-5.25689E-3	8.70121E-6	1.00000E+0	1.83240E-9
6.75676E-1	-7.14476E-3	8.70121E-6	1.00002E+0	7.27997E-10
6.76332E-1	-6.06598E-3	8.57015E-6	9.99935E-1	2.44094E-9
6.76987E-1	-6.33567E-3	1.00118E-5	1.00001E+0	1.77060E-9
6.77642E-1	-6.33567E-3	1.44680E-5	1.00011E+0	9.29101E-10
6.78298E-1	-6.87507E-3	-1.39068E-6	9.99954E-1	2.06774E-9
6.78953E-1	-7.95385E-3	1.05361E-5	9.99997E-1	6.23880E-10
6.79608E-1	-8.76294E-3	1.25021E-5	9.99954E-1	2.06060E-9
6.80264E-1	-7.95385E-3	1.27642E-5	9.99961E-1	1.88280E-9
6.80919E-1	-6.06598E-3	1.11914E-5	1.00006E+0	2.21512E-9
6.81574E-1	-6.06598E-3	9.74972E-6	9.99984E-1	1.12307E-9
6.82230E-1	-6.60537E-3	-2.57025E-6	1.00002E+0	1.58423E-9
6.82885E-1	-5.79628E-3	1.00118E-5	9.99990E-1	1.88042E-9
6.83540E-1	-6.87507E-3	7.52164E-6	1.00005E+0	7.37030E-10
6.84196E-1	-6.87507E-3	9.74972E-6	9.99988E-1	2.09721E-9
6.84851E-1	-5.25689E-3	1.55165E-5	1.00001E+0	1.32465E-9
6.85507E-1	-6.87507E-3	1.25021E-5	1.00004E+0	1.07601E-9
6.86162E-1	-7.41446E-3	1.17157E-5	9.99940E-1	1.72924E-9
6.86817E-1	-6.06598E-3	6.99739E-6	1.00005E+0	1.46775E-9
6.87473E-1	-6.33567E-3	1.11914E-5	9.99889E-1	2.24554E-9
6.88128E-1	-4.71749E-3	3.45867E-6	1.00005E+0	1.79960E-9
6.88783E-1	-5.79628E-3	9.35653E-6	9.99971E-1	9.21969E-10
6.89439E-1	-7.68415E-3	7.78377E-6	1.00011E+0	1.97075E-9
6.90094E-1	-7.14476E-3	6.86632E-6	9.99902E-1	1.54430E-9
6.90749E-1	-6.06598E-3	8.96334E-6	1.00006E+0	1.26950E-9
6.91405E-1	-6.33567E-3	1.43369E-5	1.00000E+0	1.33036E-9
6.92060E-1	-6.06598E-3	3.45867E-6	1.00003E+0	2.14666E-9
6.92716E-1	-6.33567E-3	1.01429E-5	9.99897E-1	1.47393E-9
6.93371E-1	-6.60537E-3	9.22547E-6	1.00014E+0	1.62369E-9
6.94026E-1	-6.33567E-3	7.78377E-6	9.99826E-1	2.06108E-9
6.94682E-1	-5.79628E-3	9.74972E-6	1.00011E+0	7.56047E-10
6.95337E-1	-6.06598E-3	8.30802E-6	9.99927E-1	2.31163E-9
6.95992E-1	-5.25689E-3	6.60420E-6	1.00004E+0	2.35299E-9
6.96648E-1	-6.06598E-3	9.74972E-6	1.00001E+0	4.47023E-10
6.97303E-1	-5.79628E-3	7.65270E-6	9.99988E-1	2.36820E-9
6.97958E-1	-3.09932E-3	-2.11107E-7	9.99973E-1	1.40452E-9
6.98614E-1	-7.14476E-3	1.49923E-5	1.00001E+0	1.47489E-9
6.99269E-1	-5.25689E-3	1.02740E-5	1.00676E+0	-5.58976E-8
6.99924E-1	1.99319E+0	8.17696E-6	9.90940E-1	4.15618E-7
7.00580E-1	1.99346E+0	1.30263E-5	1.00080E+0	9.49742E-8
7.01235E-1	1.99319E+0	1.00118E-5	9.99916E-1	1.72004E-8
7.01891E-1	1.99508E+0	1.19778E-5	1.00001E+0	2.74572E-8
7.02546E-1	1.99454E+0	1.01429E-5	1.00013E+0	1.39737E-8
7.03201E-1	1.99373E+0	8.37401E-7	9.99984E-1	6.90515E-9
7.03857E-1	1.99319E+0	9.35653E-6	1.00005E+0	5.98426E-9
7.04512E-1	1.99427E+0	7.78377E-6	9.99931E-1	4.90553E-9
7.05167E-1	1.99346E+0	1.93174E-5	9.99969E-1	2.05110E-9
7.05823E-1	1.99346E+0	9.48759E-6	1.00016E+0	2.54744E-9
7.06478E-1	1.99373E+0	1.09293E-5	9.99878E-1	3.11984E-9
7.07133E-1	1.99481E+0	1.09293E-5	1.00006E+0	2.02780E-9
7.07789E-1	1.99373E+0	1.22399E-5	1.00001E+0	2.88356E-9
7.08444E-1	1.99535E+0	9.88078E-6	1.00000E+0	3.55248E-9
7.09100E-1	1.99427E+0	7.39058E-6	9.99929E-1	2.19562E-9
7.09755E-1	1.99346E+0	8.43908E-6	1.00004E+0	4.36498E-9
7.10410E-1	1.99373E+0	1.55165E-5	9.99957E-1	1.82907E-9
7.11066E-1	1.99508E+0	1.88591E-6	1.00006E+0	3.46880E-9
7.11721E-1	1.99319E+0	1.09293E-5	9.99984E-1	2.79371E-9
7.12376E-1	1.99373E+0	9.22547E-6	1.00000E+0	1.60658E-9
7.13032E-1	1.99265E+0	1.04050E-5	1.00000E+0	3.21445E-9
7.13687E-1	1.99373E+0	7.12845E-6	9.99999E-1	9.48118E-10
7.14342E-1	1.99616E+0	1.10604E-5	9.99997E-1	3.70556E-9
7.14998E-1	1.99292E+0	1.45991E-5	9.99954E-1	1.02228E-9
7.15653E-1	1.99211E+0	9.88078E-6	1.00010E+0	2.94727E-9
7.16308E-1	1.99265E+0	1.27642E-5	9.99891E-1	1.09265E-9
7.16964E-1	1.99184E+0	1.31574E-5	1.00006E+0	1.75253E-9
7.17619E-1	1.99265E+0	1.57786E-5	9.99946E-1	2.52414E-9
7.18275E-1	1.99292E+0	8.83228E-6	1.00006E+0	1.32037E-9
7.18930E-1	1.99481E+0	1.32884E-5	9.99973E-1	9.79495E-10
7.19585E-1	1.99346E+0	7.12845E-6	1.00006E+0	1.10881E-9
7.20241E-1	1.99157E+0	5.94888E-6	9.99885E-1	2.11195E-9
7.20896E-1	1.99319E+0	9.22547E-6	9.99997E-1	1.05842E-9
7.21551E-1	1.99346E+0	8.30802E-6	1.00006E+0	1.11309E-9
7.22207E-1	1.99400E+0	1.43369E-5	1.00007E+0	2.73969E-10
7.22862E-1	1.99508E+0	1.98416E-5	9.99876E-1	2.82271E-9
7.23517E-1	1.99238E+0	7.91483E-6	1.00017E+0	3.01068E-10
7.24173E-1	1.99211E+0	9.88078E-6	9.99821E-1	2.15474E-9
7.24828E-1	1.99346E+0	8.17696E-6	1.00011E+0	-3.43604E-10
7.25484E-1	1.99211E+0	1.00118E-5	9.99927E-1	1.94745E-9
7.26139E-1	1.99157E+0	1.13225E-5	1.00007E+0	1.66696E-9
7.26794E-1	1.99211E+0	1.15846E-5	9.99914E-1	7.79343E-10
7.27450E-1	1.99292E+0	5.55569E-6	1.00010E+0	1.64604E-9
7.28105E-1	1.99130E+0	8.30802E-6	9.99948E-1	1.44826E-9
7.28760E-1	1.99454E+0	7.52164E-6	1.00001E+0	9.16740E-10
7.29416E-1	1.99373E+0	2.01037E-5	9.99984E-1	6.50503E-10
7.30071E-1	1.99211E+0	1.35506E-5	9.99971E-1	2.38960E-9
7.30726E-1	1.99184E+0	1.05361E-5	9.99967E-1	8.00737E-10
7.31382E-1	1.99238E+0	1.13225E-5	1.00006E+0	1.89421E-9
7.32037E-1	1.99373E+0	1.02740E-5	9.99927E-1	6.59061E-10
7.32692E-1	1.99454E+0	8.30802E-6	1.00011E+0	7.18489E-10
7.33348E-1	1.99346E+0	9.09440E-6	9.99933E-1	1.65222E-9
7.34003E-1	1.99211E+0	1.04050E-5	1.00006E+0	1.92559E-9
7.34659E-1	1.99373E+0	8.57015E-6	1.00004E+0	1.10073E-9
7.35314E-1	1.99104E+0	1.27642E-5	1.00001E+0	2.73018E-10
7.35969E-1	1.99319E+0	1.05361E-5	9.99948E-1	2.85503E-9
7.36625E-1	1.99238E+0	5.81781E-6	1.00002E+0	-3.93999E-10
7.37280E-1	1.99346E+0	1.17157E-5	9.99921E-1	2.38817E-9
7.37935E-1	1.99157E+0	9.48759E-6	1.00009E+0	3.90448E-10
7.38591E-1	1.99211E+0	7.91483E-6	1.00001E+0	2.05918E-9
7.39246E-1	1.99319E+0	1.35506E-5	9.99999E-1	1.15302E-9
7.39901E-1	1.99211E+0	1.01429E-5	9.99944E-1	1.40072E-9
7.40557E-1	1.99130E+0	1.49923E-5	9.99982E-1	1.51339E-9
7.41212E-1	1.99535E+0	1.57786E-5	1.00008E+0	4.07087E-10
7.41868E-1	1.99346E+0	6.07994E-6	9.99961E-1	1.33368E-9
7.42523E-1	1.99211E+0	2.45599E-5	1.00004E+0	1.05556E-9
7.43178E-1	1.99184E+0	1.25021E-5	9.99965E-1	1.29803E-9
7.43834E-1	1.99211E+0	8.83228E-6	1.00001E+0	1.08599E-9
7.44489E-1	1.99238E+0	1.02740E-5	9.99973E-1	1.70024E-9
7.45144E-1	1.99211E+0	6.86632E-6	1.00005E+0	9.09608E-10
7.45800E-1	1.99265E+0	9.88078E-6	9.99919E-1	2.31923E-9
7.46455E-1	1.99373E+0	1.22399E-5	1.00007E+0	-8.06956E-11
7.47110E-1	1.99211E+0	1.44680E-5	9.99999E-1	2.59545E-9
7.47766E-1	1.99265E+0	9.88078E-6	9.99933E-1	1.03607E-9
7.48421E-1	1.99292E+0	8.43908E-6	1.00009E+0	1.61846E-9
7.49076E-1	1.99427E+0	4.76931E-6	9.99995E-1	1.55589E-10
7.49732E-1	-8.49324E-3	1.26331E-5	9.48495E-1	3.14775E-7
7.50387E-1	-6.87507E-3	1.27642E-5	1.00002E+0	2.60998E-8
7.51043E-1	-7.95385E-3	2.41016E-6	9.99980E-1	2.29331E-8
7.51698E-1	-8.22355E-3	8.17696E-6	1.00005E+0	1.77771E-8
7.52353E-1	-7.14476E-3	1.13225E-5	1.00005E+0	1.60803E-8
7.53009E-1	-6.06598E-3	3.32761E-6	9.99957E-1	1.47653E-8
7.53664E-1	-6.06598E-3	1.19778E-5	1.00002E+0	1.29169E-8
7.54319E-1	-6.60537E-3	9.61866E-6	1.00006E+0	1.03505E-8
7.54975E-1	-6.06598E-3	-5.84684E-6	9.99933E-1	1.11735E-8
7.55630E-1	-7.68415E-3	8.83228E-6	1.00001E+0	1.06985E-8
7.56285E-1	-4.98719E-3	1.28952E-5	1.00006E+0	9.03029E-9
7.56941E-1	-6.87507E-3	1.38127E-5	1.00001E+0	8.32714E-9
7.57596E-1	-5.25689E-3	8.70121E-6	9.99957E-1	8.30194E-9
7.58252E-1	-5.52658E-3	8.30802E-6	1.00001E+0	8.13650E-9
7.58907E-1	-6.60537E-3	1.14535E-5	9.99995E-1	7.88785E-9
7.59562E-1	-6.60537E-3	8.70121E-6	9.99999E-1	7.49896E-9
7.60218E-1	-7.41446E-3	8.57015E-6	1.00006E+0	7.25031E-9
7.60873E-1	-7.14476E-3	1.01429E-5	9.99910E-1	7.61068E-9
7.61528E-1	-4.71749E-3	1.15846E-5	1.00004E+0	7.09532E-9
7.62184E-1	-6.87507E-3	8.70121E-6	9.99982E-1	6.00994E-9
7.62839E-1	-6.06598E-3	5.55569E-6	1.00009E+0	6.54383E-9
7.63494E-1	-6.06598E-3	6.07994E-6	9.99954E-1	6.29947E-9
7.64150E-1	-5.52658E-3	6.86632E-6	9.99971E-1	7.00357E-9
7.64805E-1	-7.68415E-3	4.63824E-6	1.00001E+0	5.30916E-9
7.65460E-1	-6.87507E-3	8.04589E-6	1.00004E+0	6.18822E-9
7.66116E-1	-6.60537E-3	1.53855E-5	9.99906E-1	7.08439E-9
7.66771E-1	-8.22355E-3	9.74972E-6	1.00012E+0	4.91789E-9
7.67427E-1	-5.25689E-3	3.72080E-6	9.99857E-1	6.08363E-9
7.68082E-1	-7.41446E-3	1.17157E-5	1.00011E+0	5.76985E-9
7.68737E-1	-5.25689E-3	1.64340E-5	9.99906E-1	5.03437E-9
7.69393E-1	-5.79628E-3	1.30263E-5	1.00008E+0	6.16159E-9
7.70048E-1	-7.14476E-3	8.83228E-6	9.99933E-1	5.98807E-9
7.70703E-1	-6.60537E-3	9.48759E-6	1.00007E+0	4.45531E-9
7.71359E-1	-6.60537E-3	9.35653E-6	9.99982E-1	5.32961E-9
7.72014E-1	-8.22355E-3	1.18467E-5	1.00006E+0	5.52073E-9
7.72669E-1	-6.60537E-3	1.02740E-5	9.99881E-1	5.71089E-9
7.73325E-1	-6.60537E-3	8.43908E-6	1.00006E+0	4.63549E-9
7.73980E-1	-4.98719E-3	1.38127E-5	9.99978E-1	5.50551E-9
7.74636E-1	-6.33567E-3	9.74972E-6	9.99999E-1	4.52662E-9
7.75291E-1	-6.33567E-3	1.45991E-5	1.00007E+0	5.99757E-9
7.75946E-1	-6.87507E-3	1.31574E-5	9.99925E-1	5.75416E-9
7.76602E-1	-6.60537E-3	1.53855E-5	1.00005E+0	4.76576E-9
7.77257E-1	-7.14476E-3	6.86632E-6	9.99921E-1	5.55353E-9
7.77912E-1	-6.60537E-3	1.45991E-5	1.00007E+0	3.95231E-9
7.78568E-1	-7.14476E-3	9.88078E-6	9.99927E-1	5.92483E-9
7.79223E-1	-5.79628E-3	1.09293E-5	9.99990E-1	4.93025E-9
7.79878E-1	-6.06598E-3	5.16250E-6	1.00004E+0	4.62360E-9
7.80534E-1	-6.06598E-3	8.70121E-6	1.00008E+0	5.29300E-9
7.81189E-1	-4.17810E-3	1.99727E-5	9.99912E-1	5.13326E-9
7.81844E-1	-6.87507E-3	1.25021E-5	1.00007E+0	4.48621E-9
7.82500E-1	-5.52658E-3	1.21089E-5	9.99988E-1	4.53423E-9
7.83155E-1	-4.98719E-3	1.83999E-5	9.99885E-1	5.35433E-9
7.83811E-1	-5.52658E-3	-5.58471E-6	1.00007E+0	5.18841E-9
7.84466E-1	-6.60537E-3	9.35653E-6	1.00007E+0	4.44104E-9
7.85121E-1	-5.52658E-3	8.96334E-6	9.99946E-1	5.48887E-9
7.85777E-1	-6.87507E-3	5.42462E-6	1.00007E+0	4.54849E-9
7.86432E-1	-7.14476E-3	1.34195E-5	9.99914E-1	4.92550E-9
7.87087E-1	-5.52658E-3	7.65270E-6	9.99927E-1	4.81615E-9
7.87743E-1	-4.98719E-3	7.12845E-6	1.00009E+0	4.63977E-9
7.88398E-1	-8.22355E-3	9.35653E-6	9.99999E-1	4.89602E-9
7.89053E-1	-5.79628E-3	1.13225E-5	9.99952E-1	4.22758E-9
7.89709E-1	-6.60537E-3	1.07982E-5	1.00009E+0	4.57654E-9
7.90364E-1	-8.22355E-3	1.11914E-5	9.99990E-1	4.13867E-9
7.91020E-1	-5.52658E-3	9.22547E-6	9.99997E-1	4.54278E-9
7.91675E-1	-7.95385E-3	1.21089E-5	9.99940E-1	5.23642E-9
7.92330E-1	-6.33567E-3	4.63824E-6	1.00005E+0	5.38428E-9
7.92986E-1	-6.06598E-3	9.35653E-6	9.99965E-1	3.60192E-9
7.93641E-1	-7.95385E-3	9.09440E-6	9.99992E-1	4.32266E-9
7.94296E-1	-5.79628E-3	4.24505E-6	1.00007E+0	5.68237E-9
7.94952E-1	-5.79628E-3	1.19778E-5	1.00001E+0	4.33550E-9
7.95607E-1	-7.41446E-3	1.27642E-5	9.99997E-1	4.69967E-9
7.96262E-1	-6.33567E-3	1.42059E-5	9.99883E-1	4.57939E-9
7.96918E-1	-5.79628E-3	5.42462E-6	1.00014E+0	4.02600E-9
7.97573E-1	-6.06598E-3	1.26331E-5	9.99883E-1	5.30631E-9
7.98228E-1	-6.33567E-3	8.96334E-6	1.00008E+0	3.64851E-9
7.98884E-1	-5.79628E-3	1.23710E-5	9.99883E-1	4.70538E-9
7.99539E-1	-6.33567E-3	1.61718E-5	1.05237E+0	-3.12085E-7
8.00195E-1	1.99265E+0	8.57015E-6	9.99676E-1	-3.69349E-8
8.00850E-1	1.99238E+0	4.11399E-6	9.99982E-1	-1.98834E-8
8.01505E-1	1.99427E+0	5.55569E-6	9.99912E-1	-1.42915E-8
8.02161E-1	1.99346E+0	9.88078E-6	1.00006E+0	-1.22092E-8
8.02816E-1	1.99130E+0	5.03143E-6	9.99948E-1	-9.61718E-9
8.03471E-1	1.99427E+0	1.44680E-5	9.99992E-1	-6.60348E-9
8.04127E-1	1.99346E+0	6.86632E-6	1.00002E+0	-7.05609E-9
8.04782E-1	1.99292E+0	1.35506E-5	1.00001E+0	-4.97469E-9
8.05437E-1	1.99481E+0	1.11914E-5	9.99916E-1	-5.08832E-9
8.06093E-1	1.99265E+0	8.57015E-6	1.00002E+0	-4.41464E-9
8.06748E-1	1.99319E+0	1.26331E-5	1.00003E+0	-3.42291E-9
8.07404E-1	1.99157E+0	7.65270E-6	9.99969E-1	-2.77016E-9
8.08059E-1	1.99265E+0	1.40748E-5	1.00009E+0	-2.88759E-9
8.08714E-1	1.99238E+0	1.17157E-5	9.99923E-1	-2.32326E-9
8.09370E-1	1.99346E+0	1.11914E-5	9.99967E-1	-2.06035E-9
8.10025E-1	1.99211E+0	9.48759E-6	1.00003E+0	-1.41330E-9
8.10680E-1	1.99373E+0	1.42059E-5	9.99995E-1	-1.58588E-9
8.11336E-1	1.99157E+0	4.24505E-6	1.00004E+0	-2.77063E-9
8.11991E-1	1.99292E+0	1.36816E-5	9.99978E-1	-1.14517E-9
8.12646E-1	1.99346E+0	1.25021E-5	9.99946E-1	-7.26319E-10
8.13302E-1	1.99427E+0	8.30802E-6	1.00009E+0	-3.58817E-10
8.13957E-1	1.99211E+0	1.31574E-5	9.99910E-1	-6.07463E-10
8.14612E-1	1.99400E+0	6.60420E-6	1.00007E+0	-7.76713E-10
8.15268E-1	1.99292E+0	1.11914E-5	9.99923E-1	-8.19977E-10
8.15923E-1	1.99238E+0	1.09293E-5	1.00006E+0	-2.43765E-10
8.16579E-1	1.99130E+0	7.52164E-6	9.99921E-1	-8.47551E-10
8.17234E-1	1.99157E+0	9.61866E-6	1.00011E+0	-7.31073E-10
8.17889E-1	1.99265E+0	8.96334E-6	9.99965E-1	-6.97609E-11
8.18545E-1	1.99508E+0	1.04050E-5	1.00001E+0	6.13896E-10
8.19200E-1	1.99211E+0	1.42059E-5	9.99976E-1	-1.43375E-9
8.19855E-1	1.99211E+0	1.69582E-5	1.00003E+0	8.41623E-10
8.20511E-1	1.99292E+0	7.39058E-6	1.00001E+0	7.08029E-10
8.21166E-1	1.99211E+0	9.61866E-6	1.00004E+0	-3.15554E-10
8.21821E-1	1.99130E+0	1.31574E-5	9.99961E-1	-9.91604E-10
8.22477E-1	1.99265E+0	1.34195E-5	9.99902E-1	7.01374E-10
8.23132E-1	1.99211E+0	5.10203E-8	1.00007E+0	8.84411E-10
8.23788E-1	1.99319E+0	1.02740E-5	9.99999E-1	3.28167E-10
8.24443E-1	1.99130E+0	9.09440E-6	1.00010E+0	-1.10571E-9
8.25098E-1	1.99319E+0	1.34195E-5	9.99800E-1	7.57473E-10
8.25754E-1	1.99346E+0	2.24629E-5	1.00009E+0	5.75387E-10
8.26409E-1	1.99319E+0	-2.43919E-6	1.00003E+0	-3.43129E-10
8.27064E-1	1.99535E+0	1.36816E-5	1.00003E+0	1.10073E-9
8.27720E-1	1.99104E+0	7.65270E-6	9.99992E-1	1.40851E-10
8.28375E-1	1.99292E+0	7.12845E-6	9.99876E-1	1.09550E-9
8.29030E-1	1.99292E+0	1.10604E-5	1.00010E+0	1.43888E-11
8.29686E-1	1.99238E+0	7.39058E-6	1.00003E+0	6.30536E-10
8.30341E-1	1.99130E+0	9.35653E-6	9.99946E-1	9.84250E-10
8.30996E-1	1.99292E+0	1.72203E-5	9.99988E-1	7.10882E-10
8.31652E-1	1.99211E+0	8.04589E-6	1.00009E+0	2.32132E-10
8.32307E-1	1.99157E+0	1.43369E-5	9.99950E-1	-5.68479E-10
8.32963E-1	1.99184E+0	1.31574E-5	1.00003E+0	1.41403E-9
8.33618E-1	1.99400E+0	1.05361E-5	9.99950E-1	1.16158E-9
8.34273E-1	1.99373E+0	8.57015E-6	9.99969E-1	-1.01614E-10
8.34929E-1	1.99346E+0	8.70121E-6	1.00002E+0	2.72068E-10
8.35584E-1	1.99184E+0	3.19654E-6	1.00001E+0	8.58738E-10
8.36239E-1	1.99346E+0	1.60408E-5	1.00002E+0	9.95184E-10
8.36895E-1	1.99265E+0	9.61866E-6	1.00006E+0	5.67780E-10
8.37550E-1	1.99346E+0	4.63824E-6	9.99893E-1	8.10721E-10
8.38205E-1	1.99211E+0	9.88078E-6	1.00006E+0	6.90623E-11
8.38861E-1	1.99319E+0	7.12845E-6	9.99973E-1	6.66668E-10
8.39516E-1	1.99346E+0	1.17157E-5	1.00002E+0	3.53365E-10
8.40172E-1	1.99319E+0	1.01429E-5	9.99988E-1	2.07011E-9
8.40827E-1	1.99238E+0	1.77446E-5	1.00001E+0	-2.26175E-10
8.41482E-1	1.99346E+0	7.12845E-6	9.99938E-1	1.07791E-9
8.42138E-1	1.99211E+0	7.91483E-6	9.99995E-1	1.00612E-9
8.42793E-1	1.99373E+0	9.22547E-6	9.99969E-1	9.31478E-10
8.43448E-1	1.99211E+0	5.81781E-6	1.00010E+0	1.37837E-9
8.44104E-1	1.99238E+0	1.34195E-5	9.99984E-1	-3.77834E-10
8.44759E-1	1.99292E+0	7.65270E-6	9.99971E-1	7.28473E-10
8.45414E-1	1.99400E+0	8.70121E-6	9.99925E-1	1.44018E-9
8.46070E-1	1.99265E+0	1.14535E-5	1.00008E+0	1.54163E-10
8.46725E-1	1.99373E+0	1.32884E-5	9.99961E-1	1.99642E-9
8.47380E-1	1.99319E+0	9.22547E-6	1.00004E+0	-1.70550E-10
8.48036E-1	1.99211E+0	1.19778E-5	9.99969E-1	1.93177E-9
8.48691E-1	1.99319E+0	7.91483E-6	1.00004E+0	6.38618E-10
8.49347E-1	1.99427E+0	1.18467E-5	9.47038E-1	3.12790E-7
8.50002E-1	-7.68415E-3	1.01429E-5	1.00048E+0	3.89971E-8
8.50657E-1	-4.71749E-3	1.35506E-5	9.99997E-1	2.90180E-8
8.51313E-1	-4.17810E-3	2.50842E-5	1.00004E+0	2.05807E-8
8.51968E-1	-8.22355E-3	1.32884E-5	1.00006E+0	1.68610E-8
8.52623E-1	-7.68415E-3	7.65270E-6	1.00003E+0	1.43583E-8
8.53279E-1	-6.06598E-3	6.47313E-6	9.99967E-1	1.38221E-8
8.53934E-1	-5.79628E-3	2.42978E-5	9.99957E-1	1.14954E-8
8.54589E-1	-6.87507E-3	9.74972E-6	1.00007E+0	1.12814E-8
8.55245E-1	-6.33567E-3	1.19778E-5	9.99959E-1	1.11901E-8
8.55900E-1	-4.44780E-3	2.22008E-5	1.00002E+0	9.38353E-9
8.56556E-1	-5.79628E-3	6.86632E-6	1.00004E+0	8.83156E-9
8.57211E-1	-6.60537E-3	1.17157E-5	9.99995E-1	8.74646E-9
8.57866E-1	-7.68415E-3	6.86632E-6	9.99933E-1	7.29500E-9
8.58522E-1	-6.06598E-3	9.61866E-6	1.00008E+0	7.94253E-9
8.59177E-1	-7.14476E-3	9.88078E-6	1.00003E+0	6.94461E-9
8.59832E-1	-6.33567E-3	7.12845E-6	1.00004E+0	8.10322E-9
8.60488E-1	-6.06598E-3	5.29356E-6	9.99874E-1	6.89184E-9
8.61143E-1	-6.33567E-3	7.65270E-6	1.00010E+0	6.67505E-9
8.61798E-1	-7.14476E-3	4.76931E-6	9.99893E-1	7.38200E-9
8.62454E-1	-6.06598E-3	1.13225E-5	1.00006E+0	6.14686E-9
8.63109E-1	-6.60537E-3	1.02740E-5	1.00005E+0	6.32276E-9
8.63764E-1	-7.14476E-3	8.04589E-6	9.99931E-1	5.62912E-9
8.64420E-1	-6.60537E-3	1.10604E-5	1.00003E+0	6.02610E-9
8.65075E-1	-5.25689E-3	8.17696E-6	1.00001E+0	5.12470E-9
8.65731E-1	-6.06598E-3	5.29356E-6	9.99988E-1	6.10787E-9
8.66386E-1	-7.14476E-3	6.34207E-6	1.00001E+0	6.33084E-9
8.67041E-1	-4.17810E-3	9.09440E-6	9.99887E-1	5.40092E-9
8.67697E-1	-6.33567E-3	1.18467E-5	1.00013E+0	6.14210E-9
8.68352E-1	-6.60537E-3	7.52164E-6	9.99902E-1	5.05196E-9
8.69007E-1	-7.41446E-3	-4.40514E-6	1.00005E+0	5.58063E-9
8.69663E-1	-7.41446E-3	8.83228E-6	1.00011E+0	5.06717E-9
8.70318E-1	-6.87507E-3	-4.40514E-6	9.99914E-1	4.23804E-9
8.70973E-1	-6.06598E-3	1.06672E-5	9.99950E-1	5.39284E-9
8.71629E-1	-6.06598E-3	1.19778E-5	1.00002E+0	6.33132E-9
8.72284E-1	-8.49324E-3	1.61718E-5	9.99986E-1	4.84135E-9
8.72940E-1	-6.87507E-3	7.91483E-6	1.00001E+0	4.67400E-9
8.73595E-1	-6.87507E-3	1.23710E-5	1.00001E+0	5.50646E-9
8.74250E-1	-6.60537E-3	8.30802E-6	1.00008E+0	4.66306E-9
8.74906E-1	-5.25689E-3	9.74972E-6	1.00001E+0	5.46605E-9
8.75561E-1	-6.87507E-3	1.30263E-5	9.99906E-1	4.76243E-9
8.76216E-1	-6.06598E-3	6.86632E-6	1.00008E+0	4.45721E-9
8.76872E-1	-6.60537E-3	8.96334E-6	9.99944E-1	4.88176E-9
8.77527E-1	-7.68415E-3	4.44211E-7	1.00003E+0	4.51188E-9
8.78182E-1	-5.52658E-3	7.25951E-6	9.99940E-1	5.74322E-9
8.78838E-1	-6.60537E-3	1.55165E-5	1.00005E+0	4.95973E-9
8.79493E-1	-5.79628E-3	1.07982E-5	9.99921E-1	5.31297E-9
8.80148E-1	-7.14476E-3	8.43908E-6	1.00009E+0	2.96961E-9
8.80804E-1	-5.79628E-3	4.63824E-6	9.99963E-1	5.28349E-9
8.81459E-1	-6.33567E-3	9.68465E-7	1.00002E+0	5.09094E-9
8.82115E-1	-6.87507E-3	8.17696E-6	1.00001E+0	3.84819E-9
8.82770E-1	-7.41446E-3	1.26331E-5	1.00005E+0	5.35338E-9
8.83425E-1	-6.87507E-3	5.42462E-6	9.99946E-1	5.09998E-9
8.84081E-1	-8.22355E-3	2.06280E-5	1.00002E+0	4.99824E-9
8.84736E-1	-7.14476E-3	8.30802E-6	1.00003E+0	3.51730E-9
8.85391E-1	-4.98719E-3	7.25951E-6	9.99906E-1	5.12850E-9
8.86047E-1	-7.41446E-3	-7.35361E-7	1.00003E+0	4.15959E-9
8.86702E-1	-5.25689E-3	7.12845E-6	9.99978E-1	4.96163E-9
8.87357E-1	-5.79628E-3	9.09440E-6	1.00004E+0	3.90572E-9
8.88013E-1	-5.52658E-3	1.14535E-5	1.00002E+0	4.71584E-9
8.88668E-1	-6.33567E-3	-6.04297E-7	9.99948E-1	4.31506E-9
8.89324E-1	-6.60537E-3	8.57015E-6	1.00013E+0	4.93928E-9
8.89979E-1	-6.60537E-3	1.07982E-5	9.99908E-1	5.19031E-9
8.90634E-1	-5.79628E-3	7.65270E-6	1.00007E+0	3.74217E-9
8.91290E-1	-6.06598E-3	1.39438E-5	9.99868E-1	4.77764E-9
8.91945E-1	-6.33567E-3	2.10212E-5	1.00006E+0	3.31619E-9
8.92600E-1	-5.79628E-3	6.99739E-6	9.99995E-1	4.94927E-9
8.93256E-1	-6.33567E-3	8.30802E-6	9.99986E-1	4.44722E-9
8.93911E-1	-5.79628E-3	1.11914E-5	1.00004E+0	4.75054E-9
8.94566E-1	-6.06598E-3	1.36166E-6	9.99997E-1	4.03218E-9
8.95222E-1	-4.44780E-3	1.36816E-5	9.99927E-1	4.80569E-9
8.95877E-1	-5.79628E-3	9.35653E-6	1.00003E+0	4.96971E-9
8.96532E-1	-6.60537E-3	6.99739E-6	9.99999E-1	3.43695E-9
8.97188E-1	-5.52658E-3	9.22547E-6	9.99999E-1	4.92265E-9
8.97843E-1	-6.33567E-3	4.11399E-6	9.99986E-1	4.09969E-9
8.98499E-1	-5.52658E-3	1.27642E-5	1.00004E+0	4.22900E-9
8.99154E-1	-5.79628E-3	1.39438E-5	1.03985E+0	-1.05288E-7
8.99809E-1	1.99427E+0	7.25951E-6	1.01233E+0	-2.25535E-7
9.00465E-1	1.99400E+0	1.14535E-5	9.99842E-1	-2.67162E-8
9.01120E-1	1.99319E+0	1.02740E-5	1.00006E+0	-1.76128E-8
9.01775E-1	1.99157E+0	1.52544E-5	9.99935E-1	-1.24331E-8
9.02431E-1	1.99373E+0	7.91483E-6	1.00008E+0	-1.15379E-8
9.03086E-1	1.99319E+0	6.60420E-6	9.99853E-1	-8.11247E-9
9.03741E-1	1.99292E+0	1.07982E-5	1.00007E+0	-6.58970E-9
9.04397E-1	1.99238E+0	1.53855E-5	9.99982E-1	-6.65958E-9
9.05052E-1	1.99346E+0	1.39438E-5	1.00005E+0	-5.83092E-9
9.05708E-1	1.99265E+0	9.74972E-6	9.99908E-1	-4.56488E-9
9.06363E-1	1.99292E+0	1.10604E-5	9.99950E-1	-3.62021E-9
9.07018E-1	1.99346E+0	9.61866E-6	1.00008E+0	-2.64560E-9
9.07674E-1	1.99427E+0	8.70121E-6	9.99940E-1	-3.69438E-9
9.08329E-1	1.99346E+0	9.88078E-6	1.00009E+0	-2.91611E-9
9.08984E-1	1.99319E+0	1.99727E-5	9.99957E-1	-2.03278E-9
9.09640E-1	1.99238E+0	2.15454E-5	1.00007E+0	-2.55099E-9
9.10295E-1	1.99373E+0	9.35653E-6	9.99908E-1	-2.96556E-9
9.10950E-1	1.99184E+0	1.05361E-5	1.00001E+0	-1.44516E-9
9.11606E-1	1.99373E+0	1.18467E-5	9.99986E-1	-1.53501E-9
9.12261E-1	1.99319E+0	1.15846E-5	1.00009E+0	-5.37576E-10
9.12916E-1	1.99157E+0	3.58973E-6	9.99855E-1	-6.06988E-10
9.13572E-1	1.99319E+0	5.03143E-6	1.00004E+0	-1.46180E-9
9.14227E-1	1.99211E+0	8.83228E-6	1.00003E+0	-1.17749E-9
9.14883E-1	1.99292E+0	1.14535E-5	9.99948E-1	-3.10800E-10
9.15538E-1	1.99265E+0	1.27642E-5	1.00005E+0	-2.21249E-9
9.16193E-1	1.99319E+0	7.78377E-6	1.00002E+0	9.98512E-10
9.16849E-1	1.99373E+0	1.30263E-5	9.99900E-1	-1.12092E-9
9.17504E-1	1.99292E+0	7.78377E-6	1.00004E+0	-2.41204E-11
9.18159E-1	1.99265E+0	7.91483E-6	9.99969E-1	-5.87020E-10
9.18815E-1	1.99319E+0	1.10604E-5	1.00006E+0	4.69843E-10
9.19470E-1	1.99238E+0	1.05361E-5	9.99999E-1	-6.98269E-10
9.20125E-1	1.99373E+0	1.30263E-5	9.99961E-1	-2.88455E-10
9.20781E-1	1.99346E+0	1.39438E-5	9.99992E-1	3.11052E-10
9.21436E-1	1.99211E+0	1.22399E-5	1.00010E+0	-1.75780E-10
9.22092E-1	1.99319E+0	9.48759E-6	9.99995E-1	2.47346E-10
9.22747E-1	1.99292E+0	1.13225E-5	9.99935E-1	-3.10800E-10
9.23402E-1	1.99292E+0	6.73526E-6	1.00001E+0	-8.99372E-10
9.24058E-1	1.99238E+0	7.52164E-6	1.00003E+0	4.24678E-10
9.24713E-1	1.99319E+0	1.07982E-5	9.99935E-1	6.14556E-11
9.25368E-1	1.99346E+0	1.14535E-5	1.00009E+0	1.45682E-9
9.26024E-1	1.99427E+0	1.01429E-5	9.99891E-1	-5.78462E-10
9.26679E-1	1.99292E+0	1.78757E-5	1.00013E+0	1.78885E-10
9.27334E-1	1.99077E+0	9.48759E-6	9.99883E-1	3.04396E-10
9.27990E-1	1.99238E+0	9.61866E-6	1.00015E+0	6.72373E-10
9.28645E-1	1.99346E+0	1.04050E-5	9.99938E-1	5.33734E-11
9.29300E-1	1.99184E+0	-6.76428E-6	1.00007E+0	2.72543E-10
9.29956E-1	1.99319E+0	5.29356E-6	9.99855E-1	4.65564E-10
9.30611E-1	1.99265E+0	1.00118E-5	1.00008E+0	-1.30615E-10
9.31267E-1	1.99400E+0	-8.66424E-7	9.99900E-1	6.13896E-10
9.31922E-1	1.99211E+0	8.70121E-6	1.00013E+0	1.15255E-9
9.32577E-1	1.99238E+0	2.37735E-5	9.99919E-1	-1.42500E-10
9.33233E-1	1.99104E+0	2.11522E-5	1.00002E+0	3.92349E-10
9.33888E-1	1.99130E+0	1.56476E-5	1.00002E+0	2.82051E-10
9.34543E-1	1.99211E+0	8.17696E-6	9.99969E-1	1.36506E-9
9.35199E-1	1.99319E+0	8.57015E-6	1.00001E+0	6.09142E-10
9.35854E-1	1.99535E+0	1.82688E-5	1.00002E+0	-6.08889E-10
9.36509E-1	1.99184E+0	1.14535E-5	9.99942E-1	9.79495E-10
9.37165E-1	1.99184E+0	1.09293E-5	1.00004E+0	1.37172E-9
9.37820E-1	1.99373E+0	-3.09450E-6	9.99967E-1	-3.78785E-10
9.38476E-1	1.99238E+0	3.06548E-6	1.00003E+0	1.50769E-9
9.39131E-1	1.99373E+0	1.21089E-5	1.00009E+0	-7.87939E-11
9.39786E-1	1.99211E+0	-1.52174E-6	9.99965E-1	6.35765E-10
9.40442E-1	1.99238E+0	9.61866E-6	9.99883E-1	7.82195E-10
9.41097E-1	1.99346E+0	9.09440E-6	1.00005E+0	-5.44232E-10
9.41752E-1	1.99184E+0	2.80335E-6	1.00001E+0	1.37029E-9
9.42408E-1	1.99319E+0	1.09293E-5	1.00002E+0	8.59214E-10
9.43063E-1	1.99319E+0	4.50718E-6	1.00004E+0	3.24839E-10
9.43718E-1	1.99508E+0	1.25021E-5	9.99946E-1	7.66982E-10
9.44374E-1	1.99292E+0	1.45991E-5	1.00005E+0	1.88393E-10
9.45029E-1	1.99077E+0	1.55165E-5	9.99942E-1	2.01877E-9
9.45684E-1	1.99346E+0	8.57015E-6	1.00005E+0	2.21673E-10
9.46340E-1	1.99292E+0	1.57786E-5	9.99950E-1	5.53042E-10
9.46995E-1	1.99319E+0	9.35653E-6	9.99997E-1	1.54905E-9
9.47651E-1	1.99373E+0	1.27642E-5	1.00000E+0	-2.39962E-10
9.48306E-1	1.99184E+0	1.13225E-5	9.99984E-1	1.14875E-9
9.48961E-1	1.99319E+0	7.91483E-6	9.99978E-1	4.68892E-10
9.49617E-1	1.99373E+0	9.48759E-6	9.47013E-1	3.30953E-7
9.50272E-1	-6.33567E-3	8.17696E-6	1.00009E+0	3.52422E-8
9.50927E-1	-6.33567E-3	1.32884E-5	1.00003E+0	2.40674E-8
9.51583E-1	-7.14476E-3	1.11914E-5	1.00006E+0	1.96061E-8
9.52238E-1	-6.87507E-3	3.19654E-6	1.00004E+0	1.46778E-8
9.52893E-1	-5.52658E-3	1.11914E-5	1.00006E+0	1.43208E-8
9.53549E-1	-7.68415E-3	1.13225E-5	9.99959E-1	1.29644E-8
9.54204E-1	-5.25689E-3	9.48759E-6	1.00003E+0	1.13903E-8
9.54860E-1	-6.06598E-3	1.31574E-5	9.99900E-1	1.08012E-8
9.55515E-1	-7.14476E-3	8.70121E-6	1.00003E+0	9.93977E-9
9.56170E-1	-6.60537E-3	1.19778E-5	9.99957E-1	8.66041E-9
9.56826E-1	-7.68415E-3	1.02740E-5	1.00009E+0	8.62666E-9
9.57481E-1	-7.68415E-3	6.07994E-6	9.99997E-1	8.25202E-9
9.58136E-1	-6.33567E-3	3.58973E-6	1.00005E+0	7.63207E-9
9.58792E-1	-6.06598E-3	9.48759E-6	9.99921E-1	7.46568E-9
9.59447E-1	-6.87507E-3	6.60420E-6	1.00001E+0	6.38076E-9
9.60102E-1	-6.60537E-3	8.57015E-6	9.99961E-1	6.58757E-9
9.60758E-1	-5.79628E-3	1.13225E-5	1.00003E+0	8.09276E-9
9.61413E-1	-6.06598E-3	3.06548E-6	1.00001E+0	6.43686E-9
9.62068E-1	-5.52658E-3	1.73514E-5	9.99982E-1	6.06603E-9
9.62724E-1	-4.98719E-3	1.05361E-5	1.00005E+0	5.29395E-9
9.63379E-1	-5.79628E-3	8.70121E-6	1.00007E+0	6.64748E-9
9.64035E-1	-6.06598E-3	9.88078E-6	9.99853E-1	5.71327E-9
9.64690E-1	-7.41446E-3	1.45991E-5	1.00007E+0	6.05890E-9
9.65345E-1	-6.06598E-3	6.47313E-6	1.00002E+0	4.86607E-9
9.66001E-1	-4.17810E-3	1.28952E-5	1.00002E+0	6.75682E-9
9.66656E-1	-7.14476E-3	1.63029E-5	9.99959E-1	5.62152E-9
9.67311E-1	-5.79628E-3	8.83228E-6	1.00006E+0	4.11395E-9
9.67967E-1	-6.87507E-3	8.43908E-6	9.99900E-1	6.18679E-9
9.68622E-1	-7.41446E-3	1.36816E-5	1.00007E+0	4.69682E-9
9.69277E-1	-6.87507E-3	1.06672E-5	9.99927E-1	5.24783E-9
9.69933E-1	-6.60537E-3	9.48759E-6	1.00002E+0	5.09712E-9
9.70588E-1	-7.68415E-3	1.10604E-5	1.00003E+0	5.43040E-9
9.71244E-1	-5.79628E-3	7.52164E-6	1.00006E+0	4.75387E-9
9.71899E-1	-6.60537E-3	9.88078E-6	9.99942E-1	5.90772E-9
9.72554E-1	-6.06598E-3	8.70121E-6	1.00003E+0	4.58224E-9
9.73210E-1	-6.33567E-3	1.04050E-5	1.00003E+0	5.07383E-9
9.73865E-1	-7.68415E-3	9.09440E-6	1.00000E+0	3.98797E-9
9.74520E-1	-6.06598E-3	1.31574E-5	9.99868E-1	4.93025E-9
9.75176E-1	-6.33567E-3	1.01429E-5	1.00005E+0	4.24850E-9
9.75831E-1	-6.33567E-3	1.27642E-5	9.99957E-1	5.69663E-9
9.76486E-1	-6.60537E-3	2.27910E-6	1.00007E+0	4.98445E-9
9.77142E-1	-7.95385E-3	1.19778E-5	1.00002E+0	3.59004E-9
9.77797E-1	-5.79628E-3	1.00118E-5	9.99940E-1	5.73609E-9
9.78452E-1	-5.79628E-3	7.39058E-6	9.99978E-1	4.64167E-9
9.79108E-1	-8.22355E-3	1.73514E-5	1.00003E+0	3.44218E-9
9.79763E-1	-5.79628E-3	1.01429E-5	1.00003E+0	5.32295E-9
9.80419E-1	-5.79628E-3	7.52164E-6	9.99971E-1	4.79428E-9
9.81074E-1	-4.17810E-3	1.18467E-5	1.00003E+0	5.52691E-9
9.81729E-1	-4.98719E-3	8.70121E-6	9.99967E-1	3.11462E-9
9.82385E-1	-6.87507E-3	1.23710E-5	1.00005E+0	4.65974E-9
9.83040E-1	-5.52658E-3	8.83228E-6	1.00001E+0	5.63340E-9
9.83695E-1	-6.06598E-3	1.17157E-5	9.99963E-1	4.54278E-9
9.84351E-1	-4.98719E-3	8.30802E-6	1.00001E+0	3.35851E-9
9.85006E-1	-5.52658E-3	2.54123E-6	1.00006E+0	4.88746E-9
9.85661E-1	-6.33567E-3	9.09440E-6	9.99997E-1	3.83821E-9
9.86317E-1	-4.98719E-3	4.37612E-6	9.99986E-1	4.21189E-9
9.86972E-1	-8.22355E-3	4.11399E-6	9.99946E-1	4.64452E-9
9.87628E-1	-6.33567E-3	1.19778E-5	1.00003E+0	4.47527E-9
9.88283E-1	-6.06598E-3	9.22547E-6	1.00002E+0	5.27446E-9
9.88938E-1	-6.87507E-3	1.05361E-5	9.99971E-1	4.17005E-9
9.89594E-1	-5.52658E-3	8.30802E-6	9.99997E-1	3.94090E-9
9.90249E-1	-6.06598E-3	7.91483E-6	1.00002E+0	3.96705E-9
9.90904E-1	-6.87507E-3	9.09440E-6	9.99982E-1	4.79951E-9
9.91560E-1	-6.60537E-3	1.10604E-5	9.99984E-1	4.48003E-9
9.92215E-1	-6.60537E-3	6.34207E-6	1.00003E+0	3.90286E-9
9.92870E-1	-7.41446E-3	7.52164E-6	9.99969E-1	4.94927E-9
9.93526E-1	-6.87507E-3	1.09293E-5	9.99959E-1	3.23300E-9
9.94181E-1	-6.33567E-3	5.29356E-6	1.00009E+0	4.41347E-9
9.94836E-1	-7.41446E-3	8.57015E-6	9.99874E-1	4.53993E-9
9.95492E-1	-7.41446E-3	1.26331E-5	1.00012E+0	4.73153E-9
9.96147E-1	-6.06598E-3	9.74972E-6	9.99925E-1	3.85818E-9
9.96803E-1	-6.60537E-3	1.32884E-5	1.00009E+0	4.12584E-9
9.97458E-1	-6.06598E-3	8.30802E-6	9.99986E-1	4.83374E-9
9.98113E-1	-7.68415E-3	9.61866E-6	1.00001E+0	4.10682E-9
9.98769E-1	-9.30233E-3	2.18076E-5	9.99990E-1	3.94755E-9
9.99424E-1	-5.79628E-3	9.88078E-6	1.05256E+0	-3.06960E-7
