## Header ##
[General info]
User	Giorgos_Psaltakis
Device	Sample
Cell area (cm2)	1
Test	Pulsed
Date	2024-03-03
Time	03:57:05
Temperature	21.36
Note	

[Acquisition Settings]
Amplitude (V)	2.000
Frequency (Hz)	25.0
DC Offset (V)	2.500
Duty Cycle (%)	50
Phase (°)	0
Cycles	10

## Data ##
Time (s)	DC Channel Voltage (V)	DC Channel Current (A)	Pulse Channel Voltage (V)	Pulse Channel Current (A)
0.00000E+0	0.00000E+0	0.00000E+0	0.00000E+0	0.00000E+0
0.00000E+0	0.00000E+0	0.00000E+0	0.00000E+0	0.00000E+0
0.00000E+0	0.00000E+0	0.00000E+0	0.00000E+0	0.00000E+0
0.00000E+0	0.00000E+0	0.00000E+0	0.00000E+0	0.00000E+0
0.00000E+0	0.00000E+0	0.00000E+0	0.00000E+0	0.00000E+0
0.00000E+0	0.00000E+0	0.00000E+0	0.00000E+0	0.00000E+0
0.00000E+0	0.00000E+0	0.00000E+0	0.00000E+0	0.00000E+0
0.00000E+0	0.00000E+0	0.00000E+0	0.00000E+0	0.00000E+0
0.00000E+0	0.00000E+0	0.00000E+0	0.00000E+0	0.00000E+0
0.00000E+0	0.00000E+0	0.00000E+0	0.00000E+0	0.00000E+0
0.00000E+0	0.00000E+0	0.00000E+0	0.00000E+0	0.00000E+0
0.00000E+0	0.00000E+0	0.00000E+0	0.00000E+0	0.00000E+0
0.00000E+0	0.00000E+0	0.00000E+0	0.00000E+0	0.00000E+0
0.00000E+0	0.00000E+0	0.00000E+0	0.00000E+0	0.00000E+0
0.00000E+0	0.00000E+0	0.00000E+0	0.00000E+0	0.00000E+0
0.00000E+0	0.00000E+0	0.00000E+0	0.00000E+0	0.00000E+0
0.00000E+0	0.00000E+0	0.00000E+0	0.00000E+0	0.00000E+0
0.00000E+0	0.00000E+0	0.00000E+0	0.00000E+0	0.00000E+0
0.00000E+0	0.00000E+0	0.00000E+0	0.00000E+0	0.00000E+0
0.00000E+0	0.00000E+0	0.00000E+0	0.00000E+0	0.00000E+0
0.00000E+0	0.00000E+0	0.00000E+0	0.00000E+0	0.00000E+0
0.00000E+0	0.00000E+0	0.00000E+0	0.00000E+0	0.00000E+0
0.00000E+0	0.00000E+0	0.00000E+0	0.00000E+0	0.00000E+0
0.00000E+0	0.00000E+0	0.00000E+0	0.00000E+0	0.00000E+0
0.00000E+0	0.00000E+0	0.00000E+0	0.00000E+0	0.00000E+0
0.00000E+0	0.00000E+0	0.00000E+0	0.00000E+0	0.00000E+0
0.00000E+0	0.00000E+0	0.00000E+0	0.00000E+0	0.00000E+0
0.00000E+0	0.00000E+0	0.00000E+0	0.00000E+0	0.00000E+0
0.00000E+0	0.00000E+0	0.00000E+0	0.00000E+0	0.00000E+0
0.00000E+0	0.00000E+0	0.00000E+0	0.00000E+0	0.00000E+0
0.00000E+0	0.00000E+0	0.00000E+0	0.00000E+0	0.00000E+0
0.00000E+0	0.00000E+0	0.00000E+0	0.00000E+0	0.00000E+0
0.00000E+0	0.00000E+0	0.00000E+0	0.00000E+0	0.00000E+0
0.00000E+0	0.00000E+0	0.00000E+0	0.00000E+0	0.00000E+0
0.00000E+0	0.00000E+0	0.00000E+0	0.00000E+0	0.00000E+0
0.00000E+0	0.00000E+0	0.00000E+0	0.00000E+0	0.00000E+0
0.00000E+0	0.00000E+0	0.00000E+0	0.00000E+0	0.00000E+0
0.00000E+0	0.00000E+0	0.00000E+0	0.00000E+0	0.00000E+0
0.00000E+0	0.00000E+0	0.00000E+0	0.00000E+0	0.00000E+0
0.00000E+0	0.00000E+0	0.00000E+0	0.00000E+0	0.00000E+0
0.00000E+0	0.00000E+0	0.00000E+0	0.00000E+0	0.00000E+0
0.00000E+0	0.00000E+0	0.00000E+0	0.00000E+0	0.00000E+0
0.00000E+0	0.00000E+0	0.00000E+0	0.00000E+0	0.00000E+0
0.00000E+0	0.00000E+0	0.00000E+0	0.00000E+0	0.00000E+0
0.00000E+0	0.00000E+0	0.00000E+0	0.00000E+0	0.00000E+0
0.00000E+0	0.00000E+0	0.00000E+0	0.00000E+0	0.00000E+0
0.00000E+0	0.00000E+0	0.00000E+0	0.00000E+0	0.00000E+0
0.00000E+0	0.00000E+0	0.00000E+0	0.00000E+0	0.00000E+0
0.00000E+0	0.00000E+0	0.00000E+0	0.00000E+0	0.00000E+0
0.00000E+0	0.00000E+0	0.00000E+0	0.00000E+0	0.00000E+0
0.00000E+0	0.00000E+0	0.00000E+0	0.00000E+0	0.00000E+0
0.00000E+0	0.00000E+0	0.00000E+0	0.00000E+0	0.00000E+0
0.00000E+0	0.00000E+0	0.00000E+0	0.00000E+0	0.00000E+0
0.00000E+0	0.00000E+0	0.00000E+0	0.00000E+0	0.00000E+0
0.00000E+0	0.00000E+0	0.00000E+0	0.00000E+0	0.00000E+0
0.00000E+0	0.00000E+0	0.00000E+0	0.00000E+0	0.00000E+0
0.00000E+0	0.00000E+0	0.00000E+0	0.00000E+0	0.00000E+0
0.00000E+0	0.00000E+0	0.00000E+0	0.00000E+0	0.00000E+0
0.00000E+0	0.00000E+0	0.00000E+0	0.00000E+0	0.00000E+0
0.00000E+0	0.00000E+0	0.00000E+0	0.00000E+0	0.00000E+0
0.00000E+0	0.00000E+0	0.00000E+0	0.00000E+0	0.00000E+0
0.00000E+0	0.00000E+0	0.00000E+0	0.00000E+0	0.00000E+0
0.00000E+0	0.00000E+0	0.00000E+0	0.00000E+0	0.00000E+0
0.00000E+0	0.00000E+0	0.00000E+0	0.00000E+0	0.00000E+0
0.00000E+0	0.00000E+0	0.00000E+0	0.00000E+0	0.00000E+0
0.00000E+0	0.00000E+0	0.00000E+0	0.00000E+0	0.00000E+0
0.00000E+0	0.00000E+0	0.00000E+0	0.00000E+0	0.00000E+0
0.00000E+0	0.00000E+0	0.00000E+0	0.00000E+0	0.00000E+0
0.00000E+0	0.00000E+0	0.00000E+0	0.00000E+0	0.00000E+0
0.00000E+0	0.00000E+0	0.00000E+0	0.00000E+0	0.00000E+0
0.00000E+0	0.00000E+0	0.00000E+0	0.00000E+0	0.00000E+0
0.00000E+0	0.00000E+0	0.00000E+0	0.00000E+0	0.00000E+0
0.00000E+0	0.00000E+0	0.00000E+0	0.00000E+0	0.00000E+0
0.00000E+0	0.00000E+0	0.00000E+0	0.00000E+0	0.00000E+0
0.00000E+0	0.00000E+0	0.00000E+0	0.00000E+0	0.00000E+0
0.00000E+0	0.00000E+0	0.00000E+0	0.00000E+0	0.00000E+0
0.00000E+0	0.00000E+0	0.00000E+0	0.00000E+0	0.00000E+0
0.00000E+0	0.00000E+0	0.00000E+0	0.00000E+0	0.00000E+0
0.00000E+0	0.00000E+0	0.00000E+0	0.00000E+0	0.00000E+0
0.00000E+0	0.00000E+0	0.00000E+0	0.00000E+0	0.00000E+0
0.00000E+0	0.00000E+0	0.00000E+0	0.00000E+0	0.00000E+0
0.00000E+0	0.00000E+0	0.00000E+0	0.00000E+0	0.00000E+0
0.00000E+0	0.00000E+0	0.00000E+0	0.00000E+0	0.00000E+0
0.00000E+0	0.00000E+0	0.00000E+0	0.00000E+0	0.00000E+0
0.00000E+0	0.00000E+0	0.00000E+0	0.00000E+0	0.00000E+0
0.00000E+0	0.00000E+0	0.00000E+0	0.00000E+0	0.00000E+0
0.00000E+0	0.00000E+0	0.00000E+0	0.00000E+0	0.00000E+0
0.00000E+0	0.00000E+0	0.00000E+0	0.00000E+0	0.00000E+0
0.00000E+0	0.00000E+0	0.00000E+0	0.00000E+0	0.00000E+0
0.00000E+0	0.00000E+0	0.00000E+0	0.00000E+0	0.00000E+0
0.00000E+0	0.00000E+0	0.00000E+0	0.00000E+0	0.00000E+0
0.00000E+0	0.00000E+0	0.00000E+0	0.00000E+0	0.00000E+0
0.00000E+0	0.00000E+0	0.00000E+0	0.00000E+0	0.00000E+0
0.00000E+0	0.00000E+0	0.00000E+0	0.00000E+0	0.00000E+0
0.00000E+0	0.00000E+0	0.00000E+0	0.00000E+0	0.00000E+0
0.00000E+0	0.00000E+0	0.00000E+0	0.00000E+0	0.00000E+0
0.00000E+0	0.00000E+0	0.00000E+0	0.00000E+0	0.00000E+0
0.00000E+0	0.00000E+0	0.00000E+0	0.00000E+0	0.00000E+0
0.00000E+0	0.00000E+0	0.00000E+0	0.00000E+0	0.00000E+0
0.00000E+0	0.00000E+0	0.00000E+0	0.00000E+0	0.00000E+0
0.00000E+0	0.00000E+0	0.00000E+0	0.00000E+0	0.00000E+0
0.00000E+0	0.00000E+0	0.00000E+0	0.00000E+0	0.00000E+0
0.00000E+0	0.00000E+0	0.00000E+0	0.00000E+0	0.00000E+0
0.00000E+0	0.00000E+0	0.00000E+0	0.00000E+0	0.00000E+0
0.00000E+0	0.00000E+0	0.00000E+0	0.00000E+0	0.00000E+0
0.00000E+0	0.00000E+0	0.00000E+0	0.00000E+0	0.00000E+0
0.00000E+0	0.00000E+0	0.00000E+0	0.00000E+0	0.00000E+0
0.00000E+0	0.00000E+0	0.00000E+0	0.00000E+0	0.00000E+0
0.00000E+0	0.00000E+0	0.00000E+0	0.00000E+0	0.00000E+0
0.00000E+0	0.00000E+0	0.00000E+0	0.00000E+0	0.00000E+0
0.00000E+0	0.00000E+0	0.00000E+0	0.00000E+0	0.00000E+0
0.00000E+0	0.00000E+0	0.00000E+0	0.00000E+0	0.00000E+0
0.00000E+0	0.00000E+0	0.00000E+0	0.00000E+0	0.00000E+0
0.00000E+0	0.00000E+0	0.00000E+0	0.00000E+0	0.00000E+0
0.00000E+0	0.00000E+0	0.00000E+0	0.00000E+0	0.00000E+0
0.00000E+0	0.00000E+0	0.00000E+0	0.00000E+0	0.00000E+0
0.00000E+0	0.00000E+0	0.00000E+0	0.00000E+0	0.00000E+0
0.00000E+0	0.00000E+0	0.00000E+0	0.00000E+0	0.00000E+0
0.00000E+0	0.00000E+0	0.00000E+0	0.00000E+0	0.00000E+0
0.00000E+0	0.00000E+0	0.00000E+0	0.00000E+0	0.00000E+0
0.00000E+0	0.00000E+0	0.00000E+0	0.00000E+0	0.00000E+0
0.00000E+0	0.00000E+0	0.00000E+0	0.00000E+0	0.00000E+0
0.00000E+0	0.00000E+0	0.00000E+0	0.00000E+0	0.00000E+0
0.00000E+0	0.00000E+0	0.00000E+0	0.00000E+0	0.00000E+0
0.00000E+0	0.00000E+0	0.00000E+0	0.00000E+0	0.00000E+0
0.00000E+0	0.00000E+0	0.00000E+0	0.00000E+0	0.00000E+0
0.00000E+0	0.00000E+0	0.00000E+0	0.00000E+0	0.00000E+0
0.00000E+0	0.00000E+0	0.00000E+0	0.00000E+0	0.00000E+0
0.00000E+0	0.00000E+0	0.00000E+0	0.00000E+0	0.00000E+0
0.00000E+0	0.00000E+0	0.00000E+0	0.00000E+0	0.00000E+0
0.00000E+0	0.00000E+0	0.00000E+0	0.00000E+0	0.00000E+0
0.00000E+0	0.00000E+0	0.00000E+0	0.00000E+0	0.00000E+0
0.00000E+0	0.00000E+0	0.00000E+0	0.00000E+0	0.00000E+0
0.00000E+0	0.00000E+0	0.00000E+0	0.00000E+0	0.00000E+0
0.00000E+0	0.00000E+0	0.00000E+0	0.00000E+0	0.00000E+0
0.00000E+0	0.00000E+0	0.00000E+0	0.00000E+0	0.00000E+0
0.00000E+0	0.00000E+0	0.00000E+0	0.00000E+0	0.00000E+0
0.00000E+0	0.00000E+0	0.00000E+0	0.00000E+0	0.00000E+0
0.00000E+0	0.00000E+0	0.00000E+0	0.00000E+0	0.00000E+0
0.00000E+0	0.00000E+0	0.00000E+0	0.00000E+0	0.00000E+0
0.00000E+0	0.00000E+0	0.00000E+0	0.00000E+0	0.00000E+0
0.00000E+0	0.00000E+0	0.00000E+0	0.00000E+0	0.00000E+0
0.00000E+0	0.00000E+0	0.00000E+0	0.00000E+0	0.00000E+0
0.00000E+0	0.00000E+0	0.00000E+0	0.00000E+0	0.00000E+0
0.00000E+0	0.00000E+0	0.00000E+0	0.00000E+0	0.00000E+0
0.00000E+0	0.00000E+0	0.00000E+0	0.00000E+0	0.00000E+0
0.00000E+0	0.00000E+0	0.00000E+0	0.00000E+0	0.00000E+0
0.00000E+0	0.00000E+0	0.00000E+0	0.00000E+0	0.00000E+0
0.00000E+0	0.00000E+0	0.00000E+0	0.00000E+0	0.00000E+0
0.00000E+0	0.00000E+0	0.00000E+0	0.00000E+0	0.00000E+0
0.00000E+0	0.00000E+0	0.00000E+0	0.00000E+0	0.00000E+0
0.00000E+0	0.00000E+0	0.00000E+0	0.00000E+0	0.00000E+0
0.00000E+0	0.00000E+0	0.00000E+0	0.00000E+0	0.00000E+0
0.00000E+0	0.00000E+0	0.00000E+0	0.00000E+0	0.00000E+0
0.00000E+0	0.00000E+0	0.00000E+0	0.00000E+0	0.00000E+0
0.00000E+0	0.00000E+0	0.00000E+0	0.00000E+0	0.00000E+0
0.00000E+0	0.00000E+0	0.00000E+0	0.00000E+0	0.00000E+0
0.00000E+0	0.00000E+0	0.00000E+0	0.00000E+0	0.00000E+0
0.00000E+0	0.00000E+0	0.00000E+0	0.00000E+0	0.00000E+0
0.00000E+0	0.00000E+0	0.00000E+0	0.00000E+0	0.00000E+0
0.00000E+0	0.00000E+0	0.00000E+0	0.00000E+0	0.00000E+0
0.00000E+0	0.00000E+0	0.00000E+0	0.00000E+0	0.00000E+0
0.00000E+0	0.00000E+0	0.00000E+0	0.00000E+0	0.00000E+0
0.00000E+0	0.00000E+0	0.00000E+0	0.00000E+0	0.00000E+0
0.00000E+0	0.00000E+0	0.00000E+0	0.00000E+0	0.00000E+0
0.00000E+0	0.00000E+0	0.00000E+0	0.00000E+0	0.00000E+0
0.00000E+0	0.00000E+0	0.00000E+0	0.00000E+0	0.00000E+0
0.00000E+0	0.00000E+0	0.00000E+0	0.00000E+0	0.00000E+0
0.00000E+0	0.00000E+0	0.00000E+0	0.00000E+0	0.00000E+0
0.00000E+0	0.00000E+0	0.00000E+0	0.00000E+0	0.00000E+0
0.00000E+0	0.00000E+0	0.00000E+0	0.00000E+0	0.00000E+0
0.00000E+0	0.00000E+0	0.00000E+0	0.00000E+0	0.00000E+0
0.00000E+0	0.00000E+0	0.00000E+0	0.00000E+0	0.00000E+0
0.00000E+0	0.00000E+0	0.00000E+0	0.00000E+0	0.00000E+0
0.00000E+0	0.00000E+0	0.00000E+0	0.00000E+0	0.00000E+0
0.00000E+0	0.00000E+0	0.00000E+0	0.00000E+0	0.00000E+0
0.00000E+0	0.00000E+0	0.00000E+0	0.00000E+0	0.00000E+0
0.00000E+0	0.00000E+0	0.00000E+0	0.00000E+0	0.00000E+0
0.00000E+0	0.00000E+0	0.00000E+0	0.00000E+0	0.00000E+0
0.00000E+0	0.00000E+0	0.00000E+0	0.00000E+0	0.00000E+0
0.00000E+0	0.00000E+0	0.00000E+0	0.00000E+0	0.00000E+0
0.00000E+0	0.00000E+0	0.00000E+0	0.00000E+0	0.00000E+0
0.00000E+0	0.00000E+0	0.00000E+0	0.00000E+0	0.00000E+0
0.00000E+0	0.00000E+0	0.00000E+0	0.00000E+0	0.00000E+0
0.00000E+0	0.00000E+0	0.00000E+0	0.00000E+0	0.00000E+0
0.00000E+0	0.00000E+0	0.00000E+0	0.00000E+0	0.00000E+0
0.00000E+0	0.00000E+0	0.00000E+0	0.00000E+0	0.00000E+0
0.00000E+0	0.00000E+0	0.00000E+0	0.00000E+0	0.00000E+0
0.00000E+0	0.00000E+0	0.00000E+0	0.00000E+0	0.00000E+0
0.00000E+0	0.00000E+0	0.00000E+0	0.00000E+0	0.00000E+0
0.00000E+0	0.00000E+0	0.00000E+0	0.00000E+0	0.00000E+0
0.00000E+0	0.00000E+0	0.00000E+0	0.00000E+0	0.00000E+0
0.00000E+0	0.00000E+0	0.00000E+0	0.00000E+0	0.00000E+0
0.00000E+0	0.00000E+0	0.00000E+0	0.00000E+0	0.00000E+0
0.00000E+0	0.00000E+0	0.00000E+0	0.00000E+0	0.00000E+0
0.00000E+0	0.00000E+0	0.00000E+0	0.00000E+0	0.00000E+0
0.00000E+0	0.00000E+0	0.00000E+0	0.00000E+0	0.00000E+0
0.00000E+0	0.00000E+0	0.00000E+0	0.00000E+0	0.00000E+0
0.00000E+0	0.00000E+0	0.00000E+0	0.00000E+0	0.00000E+0
0.00000E+0	0.00000E+0	0.00000E+0	0.00000E+0	0.00000E+0
0.00000E+0	0.00000E+0	0.00000E+0	0.00000E+0	0.00000E+0
0.00000E+0	0.00000E+0	0.00000E+0	0.00000E+0	0.00000E+0
0.00000E+0	0.00000E+0	0.00000E+0	0.00000E+0	0.00000E+0
0.00000E+0	0.00000E+0	0.00000E+0	0.00000E+0	0.00000E+0
0.00000E+0	0.00000E+0	0.00000E+0	0.00000E+0	0.00000E+0
0.00000E+0	0.00000E+0	0.00000E+0	0.00000E+0	0.00000E+0
0.00000E+0	0.00000E+0	0.00000E+0	0.00000E+0	0.00000E+0
0.00000E+0	0.00000E+0	0.00000E+0	0.00000E+0	0.00000E+0
0.00000E+0	0.00000E+0	0.00000E+0	0.00000E+0	0.00000E+0
0.00000E+0	0.00000E+0	0.00000E+0	0.00000E+0	0.00000E+0
0.00000E+0	0.00000E+0	0.00000E+0	0.00000E+0	0.00000E+0
0.00000E+0	0.00000E+0	0.00000E+0	0.00000E+0	0.00000E+0
0.00000E+0	0.00000E+0	0.00000E+0	0.00000E+0	0.00000E+0
0.00000E+0	0.00000E+0	0.00000E+0	0.00000E+0	0.00000E+0
0.00000E+0	0.00000E+0	0.00000E+0	0.00000E+0	0.00000E+0
0.00000E+0	0.00000E+0	0.00000E+0	0.00000E+0	0.00000E+0
0.00000E+0	0.00000E+0	0.00000E+0	0.00000E+0	0.00000E+0
0.00000E+0	0.00000E+0	0.00000E+0	0.00000E+0	0.00000E+0
0.00000E+0	0.00000E+0	0.00000E+0	0.00000E+0	0.00000E+0
0.00000E+0	0.00000E+0	0.00000E+0	0.00000E+0	0.00000E+0
0.00000E+0	0.00000E+0	0.00000E+0	0.00000E+0	0.00000E+0
0.00000E+0	0.00000E+0	0.00000E+0	0.00000E+0	0.00000E+0
0.00000E+0	0.00000E+0	0.00000E+0	0.00000E+0	0.00000E+0
0.00000E+0	0.00000E+0	0.00000E+0	0.00000E+0	0.00000E+0
0.00000E+0	0.00000E+0	0.00000E+0	0.00000E+0	0.00000E+0
0.00000E+0	0.00000E+0	0.00000E+0	0.00000E+0	0.00000E+0
0.00000E+0	0.00000E+0	0.00000E+0	0.00000E+0	0.00000E+0
0.00000E+0	0.00000E+0	0.00000E+0	0.00000E+0	0.00000E+0
0.00000E+0	0.00000E+0	0.00000E+0	0.00000E+0	0.00000E+0
0.00000E+0	0.00000E+0	0.00000E+0	0.00000E+0	0.00000E+0
0.00000E+0	0.00000E+0	0.00000E+0	0.00000E+0	0.00000E+0
0.00000E+0	0.00000E+0	0.00000E+0	0.00000E+0	0.00000E+0
0.00000E+0	0.00000E+0	0.00000E+0	0.00000E+0	0.00000E+0
0.00000E+0	0.00000E+0	0.00000E+0	0.00000E+0	0.00000E+0
0.00000E+0	0.00000E+0	0.00000E+0	0.00000E+0	0.00000E+0
0.00000E+0	0.00000E+0	0.00000E+0	0.00000E+0	0.00000E+0
0.00000E+0	0.00000E+0	0.00000E+0	0.00000E+0	0.00000E+0
0.00000E+0	0.00000E+0	0.00000E+0	0.00000E+0	0.00000E+0
0.00000E+0	0.00000E+0	0.00000E+0	0.00000E+0	0.00000E+0
0.00000E+0	0.00000E+0	0.00000E+0	0.00000E+0	0.00000E+0
0.00000E+0	0.00000E+0	0.00000E+0	0.00000E+0	0.00000E+0
0.00000E+0	0.00000E+0	0.00000E+0	0.00000E+0	0.00000E+0
0.00000E+0	0.00000E+0	0.00000E+0	0.00000E+0	0.00000E+0
0.00000E+0	0.00000E+0	0.00000E+0	0.00000E+0	0.00000E+0
0.00000E+0	0.00000E+0	0.00000E+0	0.00000E+0	0.00000E+0
0.00000E+0	0.00000E+0	0.00000E+0	0.00000E+0	0.00000E+0
0.00000E+0	0.00000E+0	0.00000E+0	0.00000E+0	0.00000E+0
0.00000E+0	0.00000E+0	0.00000E+0	0.00000E+0	0.00000E+0
0.00000E+0	0.00000E+0	0.00000E+0	0.00000E+0	0.00000E+0
0.00000E+0	0.00000E+0	0.00000E+0	0.00000E+0	0.00000E+0
0.00000E+0	0.00000E+0	0.00000E+0	0.00000E+0	0.00000E+0
0.00000E+0	0.00000E+0	0.00000E+0	0.00000E+0	0.00000E+0
0.00000E+0	0.00000E+0	0.00000E+0	0.00000E+0	0.00000E+0
0.00000E+0	0.00000E+0	0.00000E+0	0.00000E+0	0.00000E+0
0.00000E+0	0.00000E+0	0.00000E+0	0.00000E+0	0.00000E+0
0.00000E+0	0.00000E+0	0.00000E+0	0.00000E+0	0.00000E+0
0.00000E+0	0.00000E+0	0.00000E+0	0.00000E+0	0.00000E+0
0.00000E+0	0.00000E+0	0.00000E+0	0.00000E+0	0.00000E+0
0.00000E+0	0.00000E+0	0.00000E+0	0.00000E+0	0.00000E+0
0.00000E+0	0.00000E+0	0.00000E+0	0.00000E+0	0.00000E+0
0.00000E+0	0.00000E+0	0.00000E+0	0.00000E+0	0.00000E+0
0.00000E+0	0.00000E+0	0.00000E+0	0.00000E+0	0.00000E+0
0.00000E+0	0.00000E+0	0.00000E+0	0.00000E+0	0.00000E+0
0.00000E+0	0.00000E+0	0.00000E+0	0.00000E+0	0.00000E+0
0.00000E+0	0.00000E+0	0.00000E+0	0.00000E+0	0.00000E+0
0.00000E+0	0.00000E+0	0.00000E+0	0.00000E+0	0.00000E+0
0.00000E+0	0.00000E+0	0.00000E+0	0.00000E+0	0.00000E+0
0.00000E+0	0.00000E+0	0.00000E+0	0.00000E+0	0.00000E+0
0.00000E+0	0.00000E+0	0.00000E+0	0.00000E+0	0.00000E+0
0.00000E+0	0.00000E+0	0.00000E+0	0.00000E+0	0.00000E+0
0.00000E+0	0.00000E+0	0.00000E+0	0.00000E+0	0.00000E+0
0.00000E+0	0.00000E+0	0.00000E+0	0.00000E+0	0.00000E+0
0.00000E+0	0.00000E+0	0.00000E+0	0.00000E+0	0.00000E+0
0.00000E+0	0.00000E+0	0.00000E+0	0.00000E+0	0.00000E+0
0.00000E+0	0.00000E+0	0.00000E+0	0.00000E+0	0.00000E+0
0.00000E+0	0.00000E+0	0.00000E+0	0.00000E+0	0.00000E+0
0.00000E+0	0.00000E+0	0.00000E+0	0.00000E+0	0.00000E+0
0.00000E+0	0.00000E+0	0.00000E+0	0.00000E+0	0.00000E+0
0.00000E+0	0.00000E+0	0.00000E+0	0.00000E+0	0.00000E+0
0.00000E+0	0.00000E+0	0.00000E+0	0.00000E+0	0.00000E+0
0.00000E+0	0.00000E+0	0.00000E+0	0.00000E+0	0.00000E+0
0.00000E+0	0.00000E+0	0.00000E+0	0.00000E+0	0.00000E+0
0.00000E+0	0.00000E+0	0.00000E+0	0.00000E+0	0.00000E+0
0.00000E+0	0.00000E+0	0.00000E+0	0.00000E+0	0.00000E+0
0.00000E+0	0.00000E+0	0.00000E+0	0.00000E+0	0.00000E+0
0.00000E+0	0.00000E+0	0.00000E+0	0.00000E+0	0.00000E+0
0.00000E+0	0.00000E+0	0.00000E+0	0.00000E+0	0.00000E+0
0.00000E+0	0.00000E+0	0.00000E+0	0.00000E+0	0.00000E+0
0.00000E+0	0.00000E+0	0.00000E+0	0.00000E+0	0.00000E+0
0.00000E+0	0.00000E+0	0.00000E+0	0.00000E+0	0.00000E+0
0.00000E+0	0.00000E+0	0.00000E+0	0.00000E+0	0.00000E+0
0.00000E+0	0.00000E+0	0.00000E+0	0.00000E+0	0.00000E+0
0.00000E+0	0.00000E+0	0.00000E+0	0.00000E+0	0.00000E+0
0.00000E+0	0.00000E+0	0.00000E+0	0.00000E+0	0.00000E+0
0.00000E+0	0.00000E+0	0.00000E+0	0.00000E+0	0.00000E+0
0.00000E+0	0.00000E+0	0.00000E+0	0.00000E+0	0.00000E+0
0.00000E+0	0.00000E+0	0.00000E+0	0.00000E+0	0.00000E+0
0.00000E+0	0.00000E+0	0.00000E+0	0.00000E+0	0.00000E+0
0.00000E+0	0.00000E+0	0.00000E+0	0.00000E+0	0.00000E+0
0.00000E+0	0.00000E+0	0.00000E+0	0.00000E+0	0.00000E+0
0.00000E+0	0.00000E+0	0.00000E+0	0.00000E+0	0.00000E+0
0.00000E+0	0.00000E+0	0.00000E+0	0.00000E+0	0.00000E+0
0.00000E+0	0.00000E+0	0.00000E+0	0.00000E+0	0.00000E+0
0.00000E+0	0.00000E+0	0.00000E+0	0.00000E+0	0.00000E+0
0.00000E+0	0.00000E+0	0.00000E+0	0.00000E+0	0.00000E+0
0.00000E+0	0.00000E+0	0.00000E+0	0.00000E+0	0.00000E+0
0.00000E+0	0.00000E+0	0.00000E+0	0.00000E+0	0.00000E+0
0.00000E+0	0.00000E+0	0.00000E+0	0.00000E+0	0.00000E+0
0.00000E+0	0.00000E+0	0.00000E+0	0.00000E+0	0.00000E+0
0.00000E+0	0.00000E+0	0.00000E+0	0.00000E+0	0.00000E+0
0.00000E+0	0.00000E+0	0.00000E+0	0.00000E+0	0.00000E+0
0.00000E+0	0.00000E+0	0.00000E+0	0.00000E+0	0.00000E+0
0.00000E+0	0.00000E+0	0.00000E+0	0.00000E+0	0.00000E+0
0.00000E+0	0.00000E+0	0.00000E+0	0.00000E+0	0.00000E+0
0.00000E+0	0.00000E+0	0.00000E+0	0.00000E+0	0.00000E+0
0.00000E+0	0.00000E+0	0.00000E+0	0.00000E+0	0.00000E+0
0.00000E+0	0.00000E+0	0.00000E+0	0.00000E+0	0.00000E+0
0.00000E+0	0.00000E+0	0.00000E+0	0.00000E+0	0.00000E+0
0.00000E+0	0.00000E+0	0.00000E+0	0.00000E+0	0.00000E+0
0.00000E+0	0.00000E+0	0.00000E+0	0.00000E+0	0.00000E+0
0.00000E+0	0.00000E+0	0.00000E+0	0.00000E+0	0.00000E+0
0.00000E+0	0.00000E+0	0.00000E+0	0.00000E+0	0.00000E+0
0.00000E+0	0.00000E+0	0.00000E+0	0.00000E+0	0.00000E+0
0.00000E+0	0.00000E+0	0.00000E+0	0.00000E+0	0.00000E+0
0.00000E+0	0.00000E+0	0.00000E+0	0.00000E+0	0.00000E+0
0.00000E+0	0.00000E+0	0.00000E+0	0.00000E+0	0.00000E+0
0.00000E+0	0.00000E+0	0.00000E+0	0.00000E+0	0.00000E+0
0.00000E+0	0.00000E+0	0.00000E+0	0.00000E+0	0.00000E+0
0.00000E+0	0.00000E+0	0.00000E+0	0.00000E+0	0.00000E+0
0.00000E+0	0.00000E+0	0.00000E+0	0.00000E+0	0.00000E+0
0.00000E+0	0.00000E+0	0.00000E+0	0.00000E+0	0.00000E+0
0.00000E+0	0.00000E+0	0.00000E+0	0.00000E+0	0.00000E+0
0.00000E+0	0.00000E+0	0.00000E+0	0.00000E+0	0.00000E+0
0.00000E+0	0.00000E+0	0.00000E+0	0.00000E+0	0.00000E+0
0.00000E+0	0.00000E+0	0.00000E+0	0.00000E+0	0.00000E+0
0.00000E+0	0.00000E+0	0.00000E+0	0.00000E+0	0.00000E+0
0.00000E+0	0.00000E+0	0.00000E+0	0.00000E+0	0.00000E+0
0.00000E+0	0.00000E+0	0.00000E+0	0.00000E+0	0.00000E+0
0.00000E+0	0.00000E+0	0.00000E+0	0.00000E+0	0.00000E+0
0.00000E+0	0.00000E+0	0.00000E+0	0.00000E+0	0.00000E+0
0.00000E+0	0.00000E+0	0.00000E+0	0.00000E+0	0.00000E+0
0.00000E+0	0.00000E+0	0.00000E+0	0.00000E+0	0.00000E+0
0.00000E+0	0.00000E+0	0.00000E+0	0.00000E+0	0.00000E+0
0.00000E+0	0.00000E+0	0.00000E+0	0.00000E+0	0.00000E+0
0.00000E+0	0.00000E+0	0.00000E+0	0.00000E+0	0.00000E+0
0.00000E+0	0.00000E+0	0.00000E+0	0.00000E+0	0.00000E+0
0.00000E+0	0.00000E+0	0.00000E+0	0.00000E+0	0.00000E+0
0.00000E+0	0.00000E+0	0.00000E+0	0.00000E+0	0.00000E+0
0.00000E+0	0.00000E+0	0.00000E+0	0.00000E+0	0.00000E+0
0.00000E+0	0.00000E+0	0.00000E+0	0.00000E+0	0.00000E+0
0.00000E+0	0.00000E+0	0.00000E+0	0.00000E+0	0.00000E+0
0.00000E+0	0.00000E+0	0.00000E+0	0.00000E+0	0.00000E+0
0.00000E+0	0.00000E+0	0.00000E+0	0.00000E+0	0.00000E+0
0.00000E+0	0.00000E+0	0.00000E+0	0.00000E+0	0.00000E+0
0.00000E+0	0.00000E+0	0.00000E+0	0.00000E+0	0.00000E+0
0.00000E+0	0.00000E+0	0.00000E+0	0.00000E+0	0.00000E+0
0.00000E+0	0.00000E+0	0.00000E+0	0.00000E+0	0.00000E+0
0.00000E+0	0.00000E+0	0.00000E+0	0.00000E+0	0.00000E+0
0.00000E+0	0.00000E+0	0.00000E+0	0.00000E+0	0.00000E+0
0.00000E+0	0.00000E+0	0.00000E+0	0.00000E+0	0.00000E+0
0.00000E+0	0.00000E+0	0.00000E+0	0.00000E+0	0.00000E+0
0.00000E+0	0.00000E+0	0.00000E+0	0.00000E+0	0.00000E+0
0.00000E+0	0.00000E+0	0.00000E+0	0.00000E+0	0.00000E+0
0.00000E+0	0.00000E+0	0.00000E+0	0.00000E+0	0.00000E+0
0.00000E+0	0.00000E+0	0.00000E+0	0.00000E+0	0.00000E+0
0.00000E+0	0.00000E+0	0.00000E+0	0.00000E+0	0.00000E+0
0.00000E+0	0.00000E+0	0.00000E+0	0.00000E+0	0.00000E+0
0.00000E+0	0.00000E+0	0.00000E+0	0.00000E+0	0.00000E+0
0.00000E+0	0.00000E+0	0.00000E+0	0.00000E+0	0.00000E+0
0.00000E+0	0.00000E+0	0.00000E+0	0.00000E+0	0.00000E+0
0.00000E+0	0.00000E+0	0.00000E+0	0.00000E+0	0.00000E+0
0.00000E+0	0.00000E+0	0.00000E+0	0.00000E+0	0.00000E+0
0.00000E+0	0.00000E+0	0.00000E+0	0.00000E+0	0.00000E+0
0.00000E+0	0.00000E+0	0.00000E+0	0.00000E+0	0.00000E+0
0.00000E+0	0.00000E+0	0.00000E+0	0.00000E+0	0.00000E+0
0.00000E+0	0.00000E+0	0.00000E+0	0.00000E+0	0.00000E+0
0.00000E+0	0.00000E+0	0.00000E+0	0.00000E+0	0.00000E+0
0.00000E+0	0.00000E+0	0.00000E+0	0.00000E+0	0.00000E+0
0.00000E+0	0.00000E+0	0.00000E+0	0.00000E+0	0.00000E+0
0.00000E+0	0.00000E+0	0.00000E+0	0.00000E+0	0.00000E+0
0.00000E+0	0.00000E+0	0.00000E+0	0.00000E+0	0.00000E+0
0.00000E+0	0.00000E+0	0.00000E+0	0.00000E+0	0.00000E+0
0.00000E+0	0.00000E+0	0.00000E+0	0.00000E+0	0.00000E+0
0.00000E+0	0.00000E+0	0.00000E+0	0.00000E+0	0.00000E+0
0.00000E+0	0.00000E+0	0.00000E+0	0.00000E+0	0.00000E+0
0.00000E+0	0.00000E+0	0.00000E+0	0.00000E+0	0.00000E+0
0.00000E+0	0.00000E+0	0.00000E+0	0.00000E+0	0.00000E+0
0.00000E+0	0.00000E+0	0.00000E+0	0.00000E+0	0.00000E+0
0.00000E+0	0.00000E+0	0.00000E+0	0.00000E+0	0.00000E+0
0.00000E+0	0.00000E+0	0.00000E+0	0.00000E+0	0.00000E+0
0.00000E+0	0.00000E+0	0.00000E+0	0.00000E+0	0.00000E+0
0.00000E+0	0.00000E+0	0.00000E+0	0.00000E+0	0.00000E+0
0.00000E+0	0.00000E+0	0.00000E+0	0.00000E+0	0.00000E+0
0.00000E+0	0.00000E+0	0.00000E+0	0.00000E+0	0.00000E+0
0.00000E+0	0.00000E+0	0.00000E+0	0.00000E+0	0.00000E+0
0.00000E+0	0.00000E+0	0.00000E+0	0.00000E+0	0.00000E+0
0.00000E+0	0.00000E+0	0.00000E+0	0.00000E+0	0.00000E+0
0.00000E+0	0.00000E+0	0.00000E+0	0.00000E+0	0.00000E+0
0.00000E+0	0.00000E+0	0.00000E+0	0.00000E+0	0.00000E+0
0.00000E+0	0.00000E+0	0.00000E+0	0.00000E+0	0.00000E+0
0.00000E+0	0.00000E+0	0.00000E+0	0.00000E+0	0.00000E+0
0.00000E+0	0.00000E+0	0.00000E+0	0.00000E+0	0.00000E+0
0.00000E+0	0.00000E+0	0.00000E+0	0.00000E+0	0.00000E+0
0.00000E+0	0.00000E+0	0.00000E+0	0.00000E+0	0.00000E+0
0.00000E+0	0.00000E+0	0.00000E+0	0.00000E+0	0.00000E+0
0.00000E+0	0.00000E+0	0.00000E+0	0.00000E+0	0.00000E+0
0.00000E+0	0.00000E+0	0.00000E+0	0.00000E+0	0.00000E+0
0.00000E+0	0.00000E+0	0.00000E+0	0.00000E+0	0.00000E+0
0.00000E+0	0.00000E+0	0.00000E+0	0.00000E+0	0.00000E+0
0.00000E+0	0.00000E+0	0.00000E+0	0.00000E+0	0.00000E+0
0.00000E+0	0.00000E+0	0.00000E+0	0.00000E+0	0.00000E+0
0.00000E+0	0.00000E+0	0.00000E+0	0.00000E+0	0.00000E+0
0.00000E+0	0.00000E+0	0.00000E+0	0.00000E+0	0.00000E+0
0.00000E+0	0.00000E+0	0.00000E+0	0.00000E+0	0.00000E+0
0.00000E+0	0.00000E+0	0.00000E+0	0.00000E+0	0.00000E+0
0.00000E+0	0.00000E+0	0.00000E+0	0.00000E+0	0.00000E+0
0.00000E+0	0.00000E+0	0.00000E+0	0.00000E+0	0.00000E+0
0.00000E+0	0.00000E+0	0.00000E+0	0.00000E+0	0.00000E+0
0.00000E+0	0.00000E+0	0.00000E+0	0.00000E+0	0.00000E+0
0.00000E+0	0.00000E+0	0.00000E+0	0.00000E+0	0.00000E+0
0.00000E+0	0.00000E+0	0.00000E+0	0.00000E+0	0.00000E+0
0.00000E+0	0.00000E+0	0.00000E+0	0.00000E+0	0.00000E+0
0.00000E+0	0.00000E+0	0.00000E+0	0.00000E+0	0.00000E+0
0.00000E+0	0.00000E+0	0.00000E+0	0.00000E+0	0.00000E+0
0.00000E+0	0.00000E+0	0.00000E+0	0.00000E+0	0.00000E+0
0.00000E+0	0.00000E+0	0.00000E+0	0.00000E+0	0.00000E+0
0.00000E+0	0.00000E+0	0.00000E+0	0.00000E+0	0.00000E+0
0.00000E+0	0.00000E+0	0.00000E+0	0.00000E+0	0.00000E+0
0.00000E+0	0.00000E+0	0.00000E+0	0.00000E+0	0.00000E+0
0.00000E+0	0.00000E+0	0.00000E+0	0.00000E+0	0.00000E+0
0.00000E+0	0.00000E+0	0.00000E+0	0.00000E+0	0.00000E+0
0.00000E+0	0.00000E+0	0.00000E+0	0.00000E+0	0.00000E+0
0.00000E+0	0.00000E+0	0.00000E+0	0.00000E+0	0.00000E+0
0.00000E+0	0.00000E+0	0.00000E+0	0.00000E+0	0.00000E+0
0.00000E+0	0.00000E+0	0.00000E+0	0.00000E+0	0.00000E+0
0.00000E+0	0.00000E+0	0.00000E+0	0.00000E+0	0.00000E+0
0.00000E+0	0.00000E+0	0.00000E+0	0.00000E+0	0.00000E+0
0.00000E+0	0.00000E+0	0.00000E+0	0.00000E+0	0.00000E+0
0.00000E+0	0.00000E+0	0.00000E+0	0.00000E+0	0.00000E+0
0.00000E+0	0.00000E+0	0.00000E+0	0.00000E+0	0.00000E+0
0.00000E+0	0.00000E+0	0.00000E+0	0.00000E+0	0.00000E+0
0.00000E+0	0.00000E+0	0.00000E+0	0.00000E+0	0.00000E+0
0.00000E+0	0.00000E+0	0.00000E+0	0.00000E+0	0.00000E+0
0.00000E+0	0.00000E+0	0.00000E+0	0.00000E+0	0.00000E+0
0.00000E+0	0.00000E+0	0.00000E+0	0.00000E+0	0.00000E+0
0.00000E+0	0.00000E+0	0.00000E+0	0.00000E+0	0.00000E+0
0.00000E+0	0.00000E+0	0.00000E+0	0.00000E+0	0.00000E+0
0.00000E+0	0.00000E+0	0.00000E+0	0.00000E+0	0.00000E+0
0.00000E+0	0.00000E+0	0.00000E+0	0.00000E+0	0.00000E+0
0.00000E+0	0.00000E+0	0.00000E+0	0.00000E+0	0.00000E+0
0.00000E+0	0.00000E+0	0.00000E+0	0.00000E+0	0.00000E+0
0.00000E+0	0.00000E+0	0.00000E+0	0.00000E+0	0.00000E+0
0.00000E+0	0.00000E+0	0.00000E+0	0.00000E+0	0.00000E+0
0.00000E+0	0.00000E+0	0.00000E+0	0.00000E+0	0.00000E+0
0.00000E+0	0.00000E+0	0.00000E+0	0.00000E+0	0.00000E+0
0.00000E+0	0.00000E+0	0.00000E+0	0.00000E+0	0.00000E+0
0.00000E+0	0.00000E+0	0.00000E+0	0.00000E+0	0.00000E+0
0.00000E+0	0.00000E+0	0.00000E+0	0.00000E+0	0.00000E+0
0.00000E+0	0.00000E+0	0.00000E+0	0.00000E+0	0.00000E+0
0.00000E+0	0.00000E+0	0.00000E+0	0.00000E+0	0.00000E+0
0.00000E+0	0.00000E+0	0.00000E+0	0.00000E+0	0.00000E+0
0.00000E+0	0.00000E+0	0.00000E+0	0.00000E+0	0.00000E+0
0.00000E+0	0.00000E+0	0.00000E+0	0.00000E+0	0.00000E+0
0.00000E+0	0.00000E+0	0.00000E+0	0.00000E+0	0.00000E+0
0.00000E+0	0.00000E+0	0.00000E+0	0.00000E+0	0.00000E+0
0.00000E+0	0.00000E+0	0.00000E+0	0.00000E+0	0.00000E+0
0.00000E+0	0.00000E+0	0.00000E+0	0.00000E+0	0.00000E+0
0.00000E+0	0.00000E+0	0.00000E+0	0.00000E+0	0.00000E+0
0.00000E+0	0.00000E+0	0.00000E+0	0.00000E+0	0.00000E+0
0.00000E+0	0.00000E+0	0.00000E+0	0.00000E+0	0.00000E+0
0.00000E+0	0.00000E+0	0.00000E+0	0.00000E+0	0.00000E+0
0.00000E+0	0.00000E+0	0.00000E+0	0.00000E+0	0.00000E+0
0.00000E+0	0.00000E+0	0.00000E+0	0.00000E+0	0.00000E+0
0.00000E+0	0.00000E+0	0.00000E+0	0.00000E+0	0.00000E+0
0.00000E+0	0.00000E+0	0.00000E+0	0.00000E+0	0.00000E+0
0.00000E+0	0.00000E+0	0.00000E+0	0.00000E+0	0.00000E+0
0.00000E+0	0.00000E+0	0.00000E+0	0.00000E+0	0.00000E+0
0.00000E+0	0.00000E+0	0.00000E+0	0.00000E+0	0.00000E+0
0.00000E+0	0.00000E+0	0.00000E+0	0.00000E+0	0.00000E+0
0.00000E+0	0.00000E+0	0.00000E+0	0.00000E+0	0.00000E+0
0.00000E+0	0.00000E+0	0.00000E+0	0.00000E+0	0.00000E+0
0.00000E+0	0.00000E+0	0.00000E+0	0.00000E+0	0.00000E+0
0.00000E+0	0.00000E+0	0.00000E+0	0.00000E+0	0.00000E+0
0.00000E+0	0.00000E+0	0.00000E+0	0.00000E+0	0.00000E+0
0.00000E+0	0.00000E+0	0.00000E+0	0.00000E+0	0.00000E+0
0.00000E+0	0.00000E+0	0.00000E+0	0.00000E+0	0.00000E+0
0.00000E+0	0.00000E+0	0.00000E+0	0.00000E+0	0.00000E+0
0.00000E+0	0.00000E+0	0.00000E+0	0.00000E+0	0.00000E+0
0.00000E+0	0.00000E+0	0.00000E+0	0.00000E+0	0.00000E+0
0.00000E+0	0.00000E+0	0.00000E+0	0.00000E+0	0.00000E+0
0.00000E+0	0.00000E+0	0.00000E+0	0.00000E+0	0.00000E+0
0.00000E+0	0.00000E+0	0.00000E+0	0.00000E+0	0.00000E+0
0.00000E+0	0.00000E+0	0.00000E+0	0.00000E+0	0.00000E+0
0.00000E+0	0.00000E+0	0.00000E+0	0.00000E+0	0.00000E+0
0.00000E+0	0.00000E+0	0.00000E+0	0.00000E+0	0.00000E+0
0.00000E+0	0.00000E+0	0.00000E+0	0.00000E+0	0.00000E+0
0.00000E+0	0.00000E+0	0.00000E+0	0.00000E+0	0.00000E+0
0.00000E+0	0.00000E+0	0.00000E+0	0.00000E+0	0.00000E+0
0.00000E+0	0.00000E+0	0.00000E+0	0.00000E+0	0.00000E+0
0.00000E+0	0.00000E+0	0.00000E+0	0.00000E+0	0.00000E+0
0.00000E+0	0.00000E+0	0.00000E+0	0.00000E+0	0.00000E+0
0.00000E+0	0.00000E+0	0.00000E+0	0.00000E+0	0.00000E+0
0.00000E+0	0.00000E+0	0.00000E+0	0.00000E+0	0.00000E+0
0.00000E+0	0.00000E+0	0.00000E+0	0.00000E+0	0.00000E+0
0.00000E+0	0.00000E+0	0.00000E+0	0.00000E+0	0.00000E+0
0.00000E+0	0.00000E+0	0.00000E+0	0.00000E+0	0.00000E+0
0.00000E+0	0.00000E+0	0.00000E+0	0.00000E+0	0.00000E+0
0.00000E+0	0.00000E+0	0.00000E+0	0.00000E+0	0.00000E+0
0.00000E+0	0.00000E+0	0.00000E+0	0.00000E+0	0.00000E+0
0.00000E+0	0.00000E+0	0.00000E+0	0.00000E+0	0.00000E+0
0.00000E+0	0.00000E+0	0.00000E+0	0.00000E+0	0.00000E+0
0.00000E+0	0.00000E+0	0.00000E+0	0.00000E+0	0.00000E+0
0.00000E+0	0.00000E+0	0.00000E+0	0.00000E+0	0.00000E+0
0.00000E+0	0.00000E+0	0.00000E+0	0.00000E+0	0.00000E+0
0.00000E+0	0.00000E+0	0.00000E+0	0.00000E+0	0.00000E+0
0.00000E+0	0.00000E+0	0.00000E+0	0.00000E+0	0.00000E+0
0.00000E+0	0.00000E+0	0.00000E+0	0.00000E+0	0.00000E+0
0.00000E+0	0.00000E+0	0.00000E+0	0.00000E+0	0.00000E+0
0.00000E+0	0.00000E+0	0.00000E+0	0.00000E+0	0.00000E+0
0.00000E+0	0.00000E+0	0.00000E+0	0.00000E+0	0.00000E+0
0.00000E+0	0.00000E+0	0.00000E+0	0.00000E+0	0.00000E+0
0.00000E+0	0.00000E+0	0.00000E+0	0.00000E+0	0.00000E+0
0.00000E+0	0.00000E+0	0.00000E+0	0.00000E+0	0.00000E+0
0.00000E+0	0.00000E+0	0.00000E+0	0.00000E+0	0.00000E+0
0.00000E+0	0.00000E+0	0.00000E+0	0.00000E+0	0.00000E+0
0.00000E+0	0.00000E+0	0.00000E+0	0.00000E+0	0.00000E+0
0.00000E+0	0.00000E+0	0.00000E+0	0.00000E+0	0.00000E+0
0.00000E+0	0.00000E+0	0.00000E+0	0.00000E+0	0.00000E+0
0.00000E+0	0.00000E+0	0.00000E+0	0.00000E+0	0.00000E+0
0.00000E+0	0.00000E+0	0.00000E+0	0.00000E+0	0.00000E+0
0.00000E+0	0.00000E+0	0.00000E+0	0.00000E+0	0.00000E+0
0.00000E+0	0.00000E+0	0.00000E+0	0.00000E+0	0.00000E+0
0.00000E+0	0.00000E+0	0.00000E+0	0.00000E+0	0.00000E+0
0.00000E+0	0.00000E+0	0.00000E+0	0.00000E+0	0.00000E+0
0.00000E+0	0.00000E+0	0.00000E+0	0.00000E+0	0.00000E+0
0.00000E+0	0.00000E+0	0.00000E+0	0.00000E+0	0.00000E+0
0.00000E+0	0.00000E+0	0.00000E+0	0.00000E+0	0.00000E+0
0.00000E+0	0.00000E+0	0.00000E+0	0.00000E+0	0.00000E+0
0.00000E+0	0.00000E+0	0.00000E+0	0.00000E+0	0.00000E+0
0.00000E+0	0.00000E+0	0.00000E+0	0.00000E+0	0.00000E+0
0.00000E+0	0.00000E+0	0.00000E+0	0.00000E+0	0.00000E+0
0.00000E+0	0.00000E+0	0.00000E+0	0.00000E+0	0.00000E+0
0.00000E+0	0.00000E+0	0.00000E+0	0.00000E+0	0.00000E+0
0.00000E+0	0.00000E+0	0.00000E+0	0.00000E+0	0.00000E+0
0.00000E+0	0.00000E+0	0.00000E+0	0.00000E+0	0.00000E+0
0.00000E+0	0.00000E+0	0.00000E+0	0.00000E+0	0.00000E+0
0.00000E+0	0.00000E+0	0.00000E+0	0.00000E+0	0.00000E+0
0.00000E+0	0.00000E+0	0.00000E+0	0.00000E+0	0.00000E+0
0.00000E+0	0.00000E+0	0.00000E+0	0.00000E+0	0.00000E+0
0.00000E+0	0.00000E+0	0.00000E+0	0.00000E+0	0.00000E+0
0.00000E+0	0.00000E+0	0.00000E+0	0.00000E+0	0.00000E+0
0.00000E+0	0.00000E+0	0.00000E+0	0.00000E+0	0.00000E+0
0.00000E+0	0.00000E+0	0.00000E+0	0.00000E+0	0.00000E+0
0.00000E+0	0.00000E+0	0.00000E+0	0.00000E+0	0.00000E+0
0.00000E+0	0.00000E+0	0.00000E+0	0.00000E+0	0.00000E+0
0.00000E+0	0.00000E+0	0.00000E+0	0.00000E+0	0.00000E+0
0.00000E+0	0.00000E+0	0.00000E+0	0.00000E+0	0.00000E+0
0.00000E+0	0.00000E+0	0.00000E+0	0.00000E+0	0.00000E+0
0.00000E+0	0.00000E+0	0.00000E+0	0.00000E+0	0.00000E+0
0.00000E+0	0.00000E+0	0.00000E+0	0.00000E+0	0.00000E+0
0.00000E+0	0.00000E+0	0.00000E+0	0.00000E+0	0.00000E+0
0.00000E+0	0.00000E+0	0.00000E+0	0.00000E+0	0.00000E+0
0.00000E+0	0.00000E+0	0.00000E+0	0.00000E+0	0.00000E+0
0.00000E+0	0.00000E+0	0.00000E+0	0.00000E+0	0.00000E+0
0.00000E+0	0.00000E+0	0.00000E+0	0.00000E+0	0.00000E+0
0.00000E+0	0.00000E+0	0.00000E+0	0.00000E+0	0.00000E+0
0.00000E+0	0.00000E+0	0.00000E+0	0.00000E+0	0.00000E+0
0.00000E+0	0.00000E+0	0.00000E+0	0.00000E+0	0.00000E+0
0.00000E+0	0.00000E+0	0.00000E+0	0.00000E+0	0.00000E+0
0.00000E+0	0.00000E+0	0.00000E+0	0.00000E+0	0.00000E+0
0.00000E+0	0.00000E+0	0.00000E+0	0.00000E+0	0.00000E+0
0.00000E+0	0.00000E+0	0.00000E+0	0.00000E+0	0.00000E+0
0.00000E+0	0.00000E+0	0.00000E+0	0.00000E+0	0.00000E+0
0.00000E+0	0.00000E+0	0.00000E+0	0.00000E+0	0.00000E+0
0.00000E+0	0.00000E+0	0.00000E+0	0.00000E+0	0.00000E+0
0.00000E+0	0.00000E+0	0.00000E+0	0.00000E+0	0.00000E+0
0.00000E+0	0.00000E+0	0.00000E+0	0.00000E+0	0.00000E+0
0.00000E+0	0.00000E+0	0.00000E+0	0.00000E+0	0.00000E+0
0.00000E+0	0.00000E+0	0.00000E+0	0.00000E+0	0.00000E+0
0.00000E+0	0.00000E+0	0.00000E+0	0.00000E+0	0.00000E+0
0.00000E+0	0.00000E+0	0.00000E+0	0.00000E+0	0.00000E+0
0.00000E+0	0.00000E+0	0.00000E+0	0.00000E+0	0.00000E+0
0.00000E+0	0.00000E+0	0.00000E+0	0.00000E+0	0.00000E+0
0.00000E+0	0.00000E+0	0.00000E+0	0.00000E+0	0.00000E+0
0.00000E+0	0.00000E+0	0.00000E+0	0.00000E+0	0.00000E+0
0.00000E+0	0.00000E+0	0.00000E+0	0.00000E+0	0.00000E+0
0.00000E+0	0.00000E+0	0.00000E+0	0.00000E+0	0.00000E+0
0.00000E+0	0.00000E+0	0.00000E+0	0.00000E+0	0.00000E+0
0.00000E+0	0.00000E+0	0.00000E+0	0.00000E+0	0.00000E+0
0.00000E+0	0.00000E+0	0.00000E+0	0.00000E+0	0.00000E+0
0.00000E+0	0.00000E+0	0.00000E+0	0.00000E+0	0.00000E+0
0.00000E+0	0.00000E+0	0.00000E+0	0.00000E+0	0.00000E+0
0.00000E+0	0.00000E+0	0.00000E+0	0.00000E+0	0.00000E+0
0.00000E+0	0.00000E+0	0.00000E+0	0.00000E+0	0.00000E+0
0.00000E+0	0.00000E+0	0.00000E+0	0.00000E+0	0.00000E+0
0.00000E+0	0.00000E+0	0.00000E+0	0.00000E+0	0.00000E+0
0.00000E+0	0.00000E+0	0.00000E+0	0.00000E+0	0.00000E+0
0.00000E+0	0.00000E+0	0.00000E+0	0.00000E+0	0.00000E+0
0.00000E+0	0.00000E+0	0.00000E+0	0.00000E+0	0.00000E+0
0.00000E+0	0.00000E+0	0.00000E+0	0.00000E+0	0.00000E+0
0.00000E+0	0.00000E+0	0.00000E+0	0.00000E+0	0.00000E+0
0.00000E+0	0.00000E+0	0.00000E+0	0.00000E+0	0.00000E+0
0.00000E+0	0.00000E+0	0.00000E+0	0.00000E+0	0.00000E+0
0.00000E+0	0.00000E+0	0.00000E+0	0.00000E+0	0.00000E+0
0.00000E+0	0.00000E+0	0.00000E+0	0.00000E+0	0.00000E+0
0.00000E+0	0.00000E+0	0.00000E+0	0.00000E+0	0.00000E+0
0.00000E+0	0.00000E+0	0.00000E+0	0.00000E+0	0.00000E+0
0.00000E+0	0.00000E+0	0.00000E+0	0.00000E+0	0.00000E+0
0.00000E+0	0.00000E+0	0.00000E+0	0.00000E+0	0.00000E+0
0.00000E+0	0.00000E+0	0.00000E+0	0.00000E+0	0.00000E+0
0.00000E+0	0.00000E+0	0.00000E+0	0.00000E+0	0.00000E+0
0.00000E+0	0.00000E+0	0.00000E+0	0.00000E+0	0.00000E+0
0.00000E+0	0.00000E+0	0.00000E+0	0.00000E+0	0.00000E+0
0.00000E+0	0.00000E+0	0.00000E+0	0.00000E+0	0.00000E+0
0.00000E+0	0.00000E+0	0.00000E+0	0.00000E+0	0.00000E+0
0.00000E+0	0.00000E+0	0.00000E+0	0.00000E+0	0.00000E+0
0.00000E+0	0.00000E+0	0.00000E+0	0.00000E+0	0.00000E+0
0.00000E+0	0.00000E+0	0.00000E+0	0.00000E+0	0.00000E+0
0.00000E+0	0.00000E+0	0.00000E+0	0.00000E+0	0.00000E+0
0.00000E+0	0.00000E+0	0.00000E+0	0.00000E+0	0.00000E+0
0.00000E+0	0.00000E+0	0.00000E+0	0.00000E+0	0.00000E+0
0.00000E+0	0.00000E+0	0.00000E+0	0.00000E+0	0.00000E+0
0.00000E+0	0.00000E+0	0.00000E+0	0.00000E+0	0.00000E+0
0.00000E+0	0.00000E+0	0.00000E+0	0.00000E+0	0.00000E+0
0.00000E+0	0.00000E+0	0.00000E+0	0.00000E+0	0.00000E+0
0.00000E+0	0.00000E+0	0.00000E+0	0.00000E+0	0.00000E+0
0.00000E+0	0.00000E+0	0.00000E+0	0.00000E+0	0.00000E+0
0.00000E+0	0.00000E+0	0.00000E+0	0.00000E+0	0.00000E+0
0.00000E+0	0.00000E+0	0.00000E+0	0.00000E+0	0.00000E+0
0.00000E+0	0.00000E+0	0.00000E+0	0.00000E+0	0.00000E+0
0.00000E+0	0.00000E+0	0.00000E+0	0.00000E+0	0.00000E+0
0.00000E+0	0.00000E+0	0.00000E+0	0.00000E+0	0.00000E+0
0.00000E+0	0.00000E+0	0.00000E+0	0.00000E+0	0.00000E+0
0.00000E+0	0.00000E+0	0.00000E+0	0.00000E+0	0.00000E+0
0.00000E+0	0.00000E+0	0.00000E+0	0.00000E+0	0.00000E+0
0.00000E+0	0.00000E+0	0.00000E+0	0.00000E+0	0.00000E+0
0.00000E+0	0.00000E+0	0.00000E+0	0.00000E+0	0.00000E+0
0.00000E+0	0.00000E+0	0.00000E+0	0.00000E+0	0.00000E+0
0.00000E+0	0.00000E+0	0.00000E+0	0.00000E+0	0.00000E+0
0.00000E+0	0.00000E+0	0.00000E+0	0.00000E+0	0.00000E+0
0.00000E+0	0.00000E+0	0.00000E+0	0.00000E+0	0.00000E+0
0.00000E+0	0.00000E+0	0.00000E+0	0.00000E+0	0.00000E+0
0.00000E+0	0.00000E+0	0.00000E+0	0.00000E+0	0.00000E+0
0.00000E+0	0.00000E+0	0.00000E+0	0.00000E+0	0.00000E+0
0.00000E+0	0.00000E+0	0.00000E+0	0.00000E+0	0.00000E+0
0.00000E+0	0.00000E+0	0.00000E+0	0.00000E+0	0.00000E+0
0.00000E+0	0.00000E+0	0.00000E+0	0.00000E+0	0.00000E+0
0.00000E+0	0.00000E+0	0.00000E+0	0.00000E+0	0.00000E+0
0.00000E+0	0.00000E+0	0.00000E+0	0.00000E+0	0.00000E+0
0.00000E+0	0.00000E+0	0.00000E+0	0.00000E+0	0.00000E+0
0.00000E+0	0.00000E+0	0.00000E+0	0.00000E+0	0.00000E+0
0.00000E+0	0.00000E+0	0.00000E+0	0.00000E+0	0.00000E+0
0.00000E+0	0.00000E+0	0.00000E+0	0.00000E+0	0.00000E+0
0.00000E+0	0.00000E+0	0.00000E+0	0.00000E+0	0.00000E+0
0.00000E+0	0.00000E+0	0.00000E+0	0.00000E+0	0.00000E+0
0.00000E+0	0.00000E+0	0.00000E+0	0.00000E+0	0.00000E+0
0.00000E+0	0.00000E+0	0.00000E+0	0.00000E+0	0.00000E+0
0.00000E+0	0.00000E+0	0.00000E+0	0.00000E+0	0.00000E+0
0.00000E+0	0.00000E+0	0.00000E+0	0.00000E+0	0.00000E+0
0.00000E+0	0.00000E+0	0.00000E+0	0.00000E+0	0.00000E+0
0.00000E+0	0.00000E+0	0.00000E+0	0.00000E+0	0.00000E+0
0.00000E+0	0.00000E+0	0.00000E+0	0.00000E+0	0.00000E+0
0.00000E+0	0.00000E+0	0.00000E+0	0.00000E+0	0.00000E+0
0.00000E+0	0.00000E+0	0.00000E+0	0.00000E+0	0.00000E+0
0.00000E+0	0.00000E+0	0.00000E+0	0.00000E+0	0.00000E+0
0.00000E+0	0.00000E+0	0.00000E+0	0.00000E+0	0.00000E+0
0.00000E+0	0.00000E+0	0.00000E+0	0.00000E+0	0.00000E+0
0.00000E+0	0.00000E+0	0.00000E+0	0.00000E+0	0.00000E+0
0.00000E+0	0.00000E+0	0.00000E+0	0.00000E+0	0.00000E+0
0.00000E+0	0.00000E+0	0.00000E+0	0.00000E+0	0.00000E+0
0.00000E+0	0.00000E+0	0.00000E+0	0.00000E+0	0.00000E+0
0.00000E+0	0.00000E+0	0.00000E+0	0.00000E+0	0.00000E+0
0.00000E+0	0.00000E+0	0.00000E+0	0.00000E+0	0.00000E+0
0.00000E+0	0.00000E+0	0.00000E+0	0.00000E+0	0.00000E+0
0.00000E+0	0.00000E+0	0.00000E+0	0.00000E+0	0.00000E+0
0.00000E+0	0.00000E+0	0.00000E+0	0.00000E+0	0.00000E+0
0.00000E+0	0.00000E+0	0.00000E+0	0.00000E+0	0.00000E+0
0.00000E+0	0.00000E+0	0.00000E+0	0.00000E+0	0.00000E+0
0.00000E+0	0.00000E+0	0.00000E+0	0.00000E+0	0.00000E+0
0.00000E+0	0.00000E+0	0.00000E+0	0.00000E+0	0.00000E+0
0.00000E+0	0.00000E+0	0.00000E+0	0.00000E+0	0.00000E+0
0.00000E+0	0.00000E+0	0.00000E+0	0.00000E+0	0.00000E+0
0.00000E+0	0.00000E+0	0.00000E+0	0.00000E+0	0.00000E+0
0.00000E+0	0.00000E+0	0.00000E+0	0.00000E+0	0.00000E+0
0.00000E+0	0.00000E+0	0.00000E+0	0.00000E+0	0.00000E+0
0.00000E+0	0.00000E+0	0.00000E+0	0.00000E+0	0.00000E+0
0.00000E+0	0.00000E+0	0.00000E+0	0.00000E+0	0.00000E+0
0.00000E+0	0.00000E+0	0.00000E+0	0.00000E+0	0.00000E+0
0.00000E+0	0.00000E+0	0.00000E+0	0.00000E+0	0.00000E+0
0.00000E+0	0.00000E+0	0.00000E+0	0.00000E+0	0.00000E+0
0.00000E+0	0.00000E+0	0.00000E+0	0.00000E+0	0.00000E+0
0.00000E+0	0.00000E+0	0.00000E+0	0.00000E+0	0.00000E+0
0.00000E+0	0.00000E+0	0.00000E+0	0.00000E+0	0.00000E+0
0.00000E+0	0.00000E+0	0.00000E+0	0.00000E+0	0.00000E+0
0.00000E+0	0.00000E+0	0.00000E+0	0.00000E+0	0.00000E+0
0.00000E+0	0.00000E+0	0.00000E+0	0.00000E+0	0.00000E+0
0.00000E+0	0.00000E+0	0.00000E+0	0.00000E+0	0.00000E+0
0.00000E+0	0.00000E+0	0.00000E+0	0.00000E+0	0.00000E+0
0.00000E+0	0.00000E+0	0.00000E+0	0.00000E+0	0.00000E+0
0.00000E+0	0.00000E+0	0.00000E+0	0.00000E+0	0.00000E+0
0.00000E+0	0.00000E+0	0.00000E+0	0.00000E+0	0.00000E+0
0.00000E+0	0.00000E+0	0.00000E+0	0.00000E+0	0.00000E+0
0.00000E+0	0.00000E+0	0.00000E+0	0.00000E+0	0.00000E+0
0.00000E+0	0.00000E+0	0.00000E+0	0.00000E+0	0.00000E+0
0.00000E+0	0.00000E+0	0.00000E+0	0.00000E+0	0.00000E+0
0.00000E+0	0.00000E+0	0.00000E+0	0.00000E+0	0.00000E+0
0.00000E+0	0.00000E+0	0.00000E+0	0.00000E+0	0.00000E+0
0.00000E+0	0.00000E+0	0.00000E+0	0.00000E+0	0.00000E+0
0.00000E+0	0.00000E+0	0.00000E+0	0.00000E+0	0.00000E+0
0.00000E+0	0.00000E+0	0.00000E+0	0.00000E+0	0.00000E+0
0.00000E+0	0.00000E+0	0.00000E+0	0.00000E+0	0.00000E+0
0.00000E+0	0.00000E+0	0.00000E+0	0.00000E+0	0.00000E+0
0.00000E+0	0.00000E+0	0.00000E+0	0.00000E+0	0.00000E+0
0.00000E+0	0.00000E+0	0.00000E+0	0.00000E+0	0.00000E+0
0.00000E+0	0.00000E+0	0.00000E+0	0.00000E+0	0.00000E+0
0.00000E+0	0.00000E+0	0.00000E+0	0.00000E+0	0.00000E+0
0.00000E+0	0.00000E+0	0.00000E+0	0.00000E+0	0.00000E+0
0.00000E+0	0.00000E+0	0.00000E+0	0.00000E+0	0.00000E+0
0.00000E+0	0.00000E+0	0.00000E+0	0.00000E+0	0.00000E+0
0.00000E+0	0.00000E+0	0.00000E+0	0.00000E+0	0.00000E+0
0.00000E+0	0.00000E+0	0.00000E+0	0.00000E+0	0.00000E+0
0.00000E+0	0.00000E+0	0.00000E+0	0.00000E+0	0.00000E+0
0.00000E+0	0.00000E+0	0.00000E+0	0.00000E+0	0.00000E+0
0.00000E+0	0.00000E+0	0.00000E+0	0.00000E+0	0.00000E+0
0.00000E+0	0.00000E+0	0.00000E+0	0.00000E+0	0.00000E+0
0.00000E+0	0.00000E+0	0.00000E+0	0.00000E+0	0.00000E+0
0.00000E+0	0.00000E+0	0.00000E+0	0.00000E+0	0.00000E+0
0.00000E+0	0.00000E+0	0.00000E+0	0.00000E+0	0.00000E+0
0.00000E+0	0.00000E+0	0.00000E+0	0.00000E+0	0.00000E+0
0.00000E+0	0.00000E+0	0.00000E+0	0.00000E+0	0.00000E+0
0.00000E+0	0.00000E+0	0.00000E+0	0.00000E+0	0.00000E+0
0.00000E+0	0.00000E+0	0.00000E+0	0.00000E+0	0.00000E+0
0.00000E+0	0.00000E+0	0.00000E+0	0.00000E+0	0.00000E+0
0.00000E+0	0.00000E+0	0.00000E+0	0.00000E+0	0.00000E+0
0.00000E+0	0.00000E+0	0.00000E+0	0.00000E+0	0.00000E+0
0.00000E+0	0.00000E+0	0.00000E+0	0.00000E+0	0.00000E+0
0.00000E+0	0.00000E+0	0.00000E+0	0.00000E+0	0.00000E+0
0.00000E+0	0.00000E+0	0.00000E+0	0.00000E+0	0.00000E+0
0.00000E+0	0.00000E+0	0.00000E+0	0.00000E+0	0.00000E+0
0.00000E+0	0.00000E+0	0.00000E+0	0.00000E+0	0.00000E+0
0.00000E+0	0.00000E+0	0.00000E+0	0.00000E+0	0.00000E+0
0.00000E+0	0.00000E+0	0.00000E+0	0.00000E+0	0.00000E+0
0.00000E+0	0.00000E+0	0.00000E+0	0.00000E+0	0.00000E+0
0.00000E+0	0.00000E+0	0.00000E+0	0.00000E+0	0.00000E+0
0.00000E+0	0.00000E+0	0.00000E+0	0.00000E+0	0.00000E+0
0.00000E+0	0.00000E+0	0.00000E+0	0.00000E+0	0.00000E+0
0.00000E+0	0.00000E+0	0.00000E+0	0.00000E+0	0.00000E+0
0.00000E+0	0.00000E+0	0.00000E+0	0.00000E+0	0.00000E+0
0.00000E+0	0.00000E+0	0.00000E+0	0.00000E+0	0.00000E+0
0.00000E+0	0.00000E+0	0.00000E+0	0.00000E+0	0.00000E+0
0.00000E+0	0.00000E+0	0.00000E+0	0.00000E+0	0.00000E+0
0.00000E+0	0.00000E+0	0.00000E+0	0.00000E+0	0.00000E+0
0.00000E+0	0.00000E+0	0.00000E+0	0.00000E+0	0.00000E+0
0.00000E+0	0.00000E+0	0.00000E+0	0.00000E+0	0.00000E+0
0.00000E+0	0.00000E+0	0.00000E+0	0.00000E+0	0.00000E+0
0.00000E+0	0.00000E+0	0.00000E+0	0.00000E+0	0.00000E+0
0.00000E+0	0.00000E+0	0.00000E+0	0.00000E+0	0.00000E+0
0.00000E+0	0.00000E+0	0.00000E+0	0.00000E+0	0.00000E+0
0.00000E+0	0.00000E+0	0.00000E+0	0.00000E+0	0.00000E+0
0.00000E+0	0.00000E+0	0.00000E+0	0.00000E+0	0.00000E+0
0.00000E+0	0.00000E+0	0.00000E+0	0.00000E+0	0.00000E+0
0.00000E+0	0.00000E+0	0.00000E+0	0.00000E+0	0.00000E+0
0.00000E+0	0.00000E+0	0.00000E+0	0.00000E+0	0.00000E+0
0.00000E+0	0.00000E+0	0.00000E+0	0.00000E+0	0.00000E+0
0.00000E+0	0.00000E+0	0.00000E+0	0.00000E+0	0.00000E+0
0.00000E+0	0.00000E+0	0.00000E+0	0.00000E+0	0.00000E+0
0.00000E+0	0.00000E+0	0.00000E+0	0.00000E+0	0.00000E+0
0.00000E+0	0.00000E+0	0.00000E+0	0.00000E+0	0.00000E+0
0.00000E+0	0.00000E+0	0.00000E+0	0.00000E+0	0.00000E+0
0.00000E+0	0.00000E+0	0.00000E+0	0.00000E+0	0.00000E+0
0.00000E+0	0.00000E+0	0.00000E+0	0.00000E+0	0.00000E+0
0.00000E+0	0.00000E+0	0.00000E+0	0.00000E+0	0.00000E+0
0.00000E+0	0.00000E+0	0.00000E+0	0.00000E+0	0.00000E+0
0.00000E+0	0.00000E+0	0.00000E+0	0.00000E+0	0.00000E+0
0.00000E+0	0.00000E+0	0.00000E+0	0.00000E+0	0.00000E+0
0.00000E+0	0.00000E+0	0.00000E+0	0.00000E+0	0.00000E+0
0.00000E+0	0.00000E+0	0.00000E+0	0.00000E+0	0.00000E+0
0.00000E+0	0.00000E+0	0.00000E+0	0.00000E+0	0.00000E+0
0.00000E+0	0.00000E+0	0.00000E+0	0.00000E+0	0.00000E+0
0.00000E+0	0.00000E+0	0.00000E+0	0.00000E+0	0.00000E+0
0.00000E+0	0.00000E+0	0.00000E+0	0.00000E+0	0.00000E+0
0.00000E+0	0.00000E+0	0.00000E+0	0.00000E+0	0.00000E+0
0.00000E+0	0.00000E+0	0.00000E+0	0.00000E+0	0.00000E+0
0.00000E+0	0.00000E+0	0.00000E+0	0.00000E+0	0.00000E+0
0.00000E+0	0.00000E+0	0.00000E+0	0.00000E+0	0.00000E+0
0.00000E+0	0.00000E+0	0.00000E+0	0.00000E+0	0.00000E+0
0.00000E+0	0.00000E+0	0.00000E+0	0.00000E+0	0.00000E+0
0.00000E+0	0.00000E+0	0.00000E+0	0.00000E+0	0.00000E+0
0.00000E+0	0.00000E+0	0.00000E+0	0.00000E+0	0.00000E+0
0.00000E+0	0.00000E+0	0.00000E+0	0.00000E+0	0.00000E+0
0.00000E+0	0.00000E+0	0.00000E+0	0.00000E+0	0.00000E+0
0.00000E+0	0.00000E+0	0.00000E+0	0.00000E+0	0.00000E+0
0.00000E+0	0.00000E+0	0.00000E+0	0.00000E+0	0.00000E+0
0.00000E+0	0.00000E+0	0.00000E+0	0.00000E+0	0.00000E+0
0.00000E+0	0.00000E+0	0.00000E+0	0.00000E+0	0.00000E+0
0.00000E+0	0.00000E+0	0.00000E+0	0.00000E+0	0.00000E+0
0.00000E+0	0.00000E+0	0.00000E+0	0.00000E+0	0.00000E+0
0.00000E+0	0.00000E+0	0.00000E+0	0.00000E+0	0.00000E+0
0.00000E+0	0.00000E+0	0.00000E+0	0.00000E+0	0.00000E+0
0.00000E+0	0.00000E+0	0.00000E+0	0.00000E+0	0.00000E+0
0.00000E+0	0.00000E+0	0.00000E+0	0.00000E+0	0.00000E+0
0.00000E+0	0.00000E+0	0.00000E+0	0.00000E+0	0.00000E+0
0.00000E+0	0.00000E+0	0.00000E+0	0.00000E+0	0.00000E+0
0.00000E+0	0.00000E+0	0.00000E+0	0.00000E+0	0.00000E+0
0.00000E+0	0.00000E+0	0.00000E+0	0.00000E+0	0.00000E+0
0.00000E+0	0.00000E+0	0.00000E+0	0.00000E+0	0.00000E+0
0.00000E+0	0.00000E+0	0.00000E+0	0.00000E+0	0.00000E+0
0.00000E+0	0.00000E+0	0.00000E+0	0.00000E+0	0.00000E+0
0.00000E+0	0.00000E+0	0.00000E+0	0.00000E+0	0.00000E+0
0.00000E+0	0.00000E+0	0.00000E+0	0.00000E+0	0.00000E+0
0.00000E+0	0.00000E+0	0.00000E+0	0.00000E+0	0.00000E+0
0.00000E+0	0.00000E+0	0.00000E+0	0.00000E+0	0.00000E+0
0.00000E+0	0.00000E+0	0.00000E+0	0.00000E+0	0.00000E+0
0.00000E+0	0.00000E+0	0.00000E+0	0.00000E+0	0.00000E+0
0.00000E+0	0.00000E+0	0.00000E+0	0.00000E+0	0.00000E+0
0.00000E+0	0.00000E+0	0.00000E+0	0.00000E+0	0.00000E+0
0.00000E+0	0.00000E+0	0.00000E+0	0.00000E+0	0.00000E+0
0.00000E+0	0.00000E+0	0.00000E+0	0.00000E+0	0.00000E+0
0.00000E+0	0.00000E+0	0.00000E+0	0.00000E+0	0.00000E+0
0.00000E+0	0.00000E+0	0.00000E+0	0.00000E+0	0.00000E+0
0.00000E+0	0.00000E+0	0.00000E+0	0.00000E+0	0.00000E+0
0.00000E+0	0.00000E+0	0.00000E+0	0.00000E+0	0.00000E+0
0.00000E+0	0.00000E+0	0.00000E+0	0.00000E+0	0.00000E+0
0.00000E+0	0.00000E+0	0.00000E+0	0.00000E+0	0.00000E+0
0.00000E+0	0.00000E+0	0.00000E+0	0.00000E+0	0.00000E+0
0.00000E+0	0.00000E+0	0.00000E+0	0.00000E+0	0.00000E+0
0.00000E+0	0.00000E+0	0.00000E+0	0.00000E+0	0.00000E+0
0.00000E+0	0.00000E+0	0.00000E+0	0.00000E+0	0.00000E+0
0.00000E+0	0.00000E+0	0.00000E+0	0.00000E+0	0.00000E+0
0.00000E+0	0.00000E+0	0.00000E+0	0.00000E+0	0.00000E+0
0.00000E+0	0.00000E+0	0.00000E+0	0.00000E+0	0.00000E+0
0.00000E+0	0.00000E+0	0.00000E+0	0.00000E+0	0.00000E+0
0.00000E+0	0.00000E+0	0.00000E+0	0.00000E+0	0.00000E+0
0.00000E+0	0.00000E+0	0.00000E+0	0.00000E+0	0.00000E+0
0.00000E+0	0.00000E+0	0.00000E+0	0.00000E+0	0.00000E+0
0.00000E+0	0.00000E+0	0.00000E+0	0.00000E+0	0.00000E+0
0.00000E+0	0.00000E+0	0.00000E+0	0.00000E+0	0.00000E+0
0.00000E+0	0.00000E+0	0.00000E+0	0.00000E+0	0.00000E+0
0.00000E+0	0.00000E+0	0.00000E+0	0.00000E+0	0.00000E+0
0.00000E+0	0.00000E+0	0.00000E+0	0.00000E+0	0.00000E+0
0.00000E+0	0.00000E+0	0.00000E+0	0.00000E+0	0.00000E+0
0.00000E+0	0.00000E+0	0.00000E+0	0.00000E+0	0.00000E+0
0.00000E+0	0.00000E+0	0.00000E+0	0.00000E+0	0.00000E+0
0.00000E+0	0.00000E+0	0.00000E+0	0.00000E+0	0.00000E+0
0.00000E+0	0.00000E+0	0.00000E+0	0.00000E+0	0.00000E+0
0.00000E+0	0.00000E+0	0.00000E+0	0.00000E+0	0.00000E+0
0.00000E+0	0.00000E+0	0.00000E+0	0.00000E+0	0.00000E+0
0.00000E+0	0.00000E+0	0.00000E+0	0.00000E+0	0.00000E+0
0.00000E+0	0.00000E+0	0.00000E+0	0.00000E+0	0.00000E+0
0.00000E+0	0.00000E+0	0.00000E+0	0.00000E+0	0.00000E+0
0.00000E+0	0.00000E+0	0.00000E+0	0.00000E+0	0.00000E+0
0.00000E+0	0.00000E+0	0.00000E+0	0.00000E+0	0.00000E+0
0.00000E+0	0.00000E+0	0.00000E+0	0.00000E+0	0.00000E+0
0.00000E+0	0.00000E+0	0.00000E+0	0.00000E+0	0.00000E+0
0.00000E+0	0.00000E+0	0.00000E+0	0.00000E+0	0.00000E+0
0.00000E+0	0.00000E+0	0.00000E+0	0.00000E+0	0.00000E+0
0.00000E+0	0.00000E+0	0.00000E+0	0.00000E+0	0.00000E+0
0.00000E+0	0.00000E+0	0.00000E+0	0.00000E+0	0.00000E+0
0.00000E+0	0.00000E+0	0.00000E+0	0.00000E+0	0.00000E+0
0.00000E+0	0.00000E+0	0.00000E+0	0.00000E+0	0.00000E+0
0.00000E+0	0.00000E+0	0.00000E+0	0.00000E+0	0.00000E+0
0.00000E+0	0.00000E+0	0.00000E+0	0.00000E+0	0.00000E+0
0.00000E+0	0.00000E+0	0.00000E+0	0.00000E+0	0.00000E+0
0.00000E+0	0.00000E+0	0.00000E+0	0.00000E+0	0.00000E+0
0.00000E+0	0.00000E+0	0.00000E+0	0.00000E+0	0.00000E+0
0.00000E+0	0.00000E+0	0.00000E+0	0.00000E+0	0.00000E+0
0.00000E+0	0.00000E+0	0.00000E+0	0.00000E+0	0.00000E+0
0.00000E+0	0.00000E+0	0.00000E+0	0.00000E+0	0.00000E+0
0.00000E+0	0.00000E+0	0.00000E+0	0.00000E+0	0.00000E+0
0.00000E+0	0.00000E+0	0.00000E+0	0.00000E+0	0.00000E+0
0.00000E+0	0.00000E+0	0.00000E+0	0.00000E+0	0.00000E+0
0.00000E+0	0.00000E+0	0.00000E+0	0.00000E+0	0.00000E+0
0.00000E+0	0.00000E+0	0.00000E+0	0.00000E+0	0.00000E+0
0.00000E+0	0.00000E+0	0.00000E+0	0.00000E+0	0.00000E+0
0.00000E+0	0.00000E+0	0.00000E+0	0.00000E+0	0.00000E+0
0.00000E+0	0.00000E+0	0.00000E+0	0.00000E+0	0.00000E+0
0.00000E+0	0.00000E+0	0.00000E+0	0.00000E+0	0.00000E+0
0.00000E+0	0.00000E+0	0.00000E+0	0.00000E+0	0.00000E+0
0.00000E+0	0.00000E+0	0.00000E+0	0.00000E+0	0.00000E+0
0.00000E+0	0.00000E+0	0.00000E+0	0.00000E+0	0.00000E+0
0.00000E+0	0.00000E+0	0.00000E+0	0.00000E+0	0.00000E+0
0.00000E+0	0.00000E+0	0.00000E+0	0.00000E+0	0.00000E+0
0.00000E+0	0.00000E+0	0.00000E+0	0.00000E+0	0.00000E+0
0.00000E+0	0.00000E+0	0.00000E+0	0.00000E+0	0.00000E+0
0.00000E+0	0.00000E+0	0.00000E+0	0.00000E+0	0.00000E+0
0.00000E+0	0.00000E+0	0.00000E+0	0.00000E+0	0.00000E+0
0.00000E+0	0.00000E+0	0.00000E+0	0.00000E+0	0.00000E+0
0.00000E+0	0.00000E+0	0.00000E+0	0.00000E+0	0.00000E+0
0.00000E+0	0.00000E+0	0.00000E+0	0.00000E+0	0.00000E+0
0.00000E+0	0.00000E+0	0.00000E+0	0.00000E+0	0.00000E+0
0.00000E+0	0.00000E+0	0.00000E+0	0.00000E+0	0.00000E+0
0.00000E+0	0.00000E+0	0.00000E+0	0.00000E+0	0.00000E+0
0.00000E+0	0.00000E+0	0.00000E+0	0.00000E+0	0.00000E+0
0.00000E+0	0.00000E+0	0.00000E+0	0.00000E+0	0.00000E+0
0.00000E+0	0.00000E+0	0.00000E+0	0.00000E+0	0.00000E+0
0.00000E+0	0.00000E+0	0.00000E+0	0.00000E+0	0.00000E+0
0.00000E+0	0.00000E+0	0.00000E+0	0.00000E+0	0.00000E+0
0.00000E+0	0.00000E+0	0.00000E+0	0.00000E+0	0.00000E+0
0.00000E+0	0.00000E+0	0.00000E+0	0.00000E+0	0.00000E+0
0.00000E+0	0.00000E+0	0.00000E+0	0.00000E+0	0.00000E+0
0.00000E+0	0.00000E+0	0.00000E+0	0.00000E+0	0.00000E+0
0.00000E+0	0.00000E+0	0.00000E+0	0.00000E+0	0.00000E+0
0.00000E+0	0.00000E+0	0.00000E+0	0.00000E+0	0.00000E+0
0.00000E+0	0.00000E+0	0.00000E+0	0.00000E+0	0.00000E+0
0.00000E+0	0.00000E+0	0.00000E+0	0.00000E+0	0.00000E+0
0.00000E+0	0.00000E+0	0.00000E+0	0.00000E+0	0.00000E+0
0.00000E+0	0.00000E+0	0.00000E+0	0.00000E+0	0.00000E+0
0.00000E+0	0.00000E+0	0.00000E+0	0.00000E+0	0.00000E+0
0.00000E+0	0.00000E+0	0.00000E+0	0.00000E+0	0.00000E+0
0.00000E+0	0.00000E+0	0.00000E+0	0.00000E+0	0.00000E+0
0.00000E+0	0.00000E+0	0.00000E+0	0.00000E+0	0.00000E+0
0.00000E+0	0.00000E+0	0.00000E+0	0.00000E+0	0.00000E+0
0.00000E+0	0.00000E+0	0.00000E+0	0.00000E+0	0.00000E+0
0.00000E+0	0.00000E+0	0.00000E+0	0.00000E+0	0.00000E+0
0.00000E+0	0.00000E+0	0.00000E+0	0.00000E+0	0.00000E+0
0.00000E+0	0.00000E+0	0.00000E+0	0.00000E+0	0.00000E+0
0.00000E+0	0.00000E+0	0.00000E+0	0.00000E+0	0.00000E+0
0.00000E+0	0.00000E+0	0.00000E+0	0.00000E+0	0.00000E+0
0.00000E+0	0.00000E+0	0.00000E+0	0.00000E+0	0.00000E+0
0.00000E+0	0.00000E+0	0.00000E+0	0.00000E+0	0.00000E+0
0.00000E+0	0.00000E+0	0.00000E+0	0.00000E+0	0.00000E+0
0.00000E+0	0.00000E+0	0.00000E+0	0.00000E+0	0.00000E+0
0.00000E+0	0.00000E+0	0.00000E+0	0.00000E+0	0.00000E+0
0.00000E+0	0.00000E+0	0.00000E+0	0.00000E+0	0.00000E+0
0.00000E+0	0.00000E+0	0.00000E+0	0.00000E+0	0.00000E+0
0.00000E+0	0.00000E+0	0.00000E+0	0.00000E+0	0.00000E+0
0.00000E+0	0.00000E+0	0.00000E+0	0.00000E+0	0.00000E+0
0.00000E+0	0.00000E+0	0.00000E+0	0.00000E+0	0.00000E+0
0.00000E+0	0.00000E+0	0.00000E+0	0.00000E+0	0.00000E+0
0.00000E+0	0.00000E+0	0.00000E+0	0.00000E+0	0.00000E+0
0.00000E+0	0.00000E+0	0.00000E+0	0.00000E+0	0.00000E+0
0.00000E+0	0.00000E+0	0.00000E+0	0.00000E+0	0.00000E+0
0.00000E+0	0.00000E+0	0.00000E+0	0.00000E+0	0.00000E+0
0.00000E+0	0.00000E+0	0.00000E+0	0.00000E+0	0.00000E+0
0.00000E+0	0.00000E+0	0.00000E+0	0.00000E+0	0.00000E+0
0.00000E+0	0.00000E+0	0.00000E+0	0.00000E+0	0.00000E+0
0.00000E+0	0.00000E+0	0.00000E+0	0.00000E+0	0.00000E+0
0.00000E+0	0.00000E+0	0.00000E+0	0.00000E+0	0.00000E+0
0.00000E+0	0.00000E+0	0.00000E+0	0.00000E+0	0.00000E+0
0.00000E+0	0.00000E+0	0.00000E+0	0.00000E+0	0.00000E+0
0.00000E+0	0.00000E+0	0.00000E+0	0.00000E+0	0.00000E+0
0.00000E+0	0.00000E+0	0.00000E+0	0.00000E+0	0.00000E+0
0.00000E+0	0.00000E+0	0.00000E+0	0.00000E+0	0.00000E+0
0.00000E+0	0.00000E+0	0.00000E+0	0.00000E+0	0.00000E+0
0.00000E+0	0.00000E+0	0.00000E+0	0.00000E+0	0.00000E+0
0.00000E+0	0.00000E+0	0.00000E+0	0.00000E+0	0.00000E+0
0.00000E+0	0.00000E+0	0.00000E+0	0.00000E+0	0.00000E+0
0.00000E+0	0.00000E+0	0.00000E+0	0.00000E+0	0.00000E+0
0.00000E+0	0.00000E+0	0.00000E+0	0.00000E+0	0.00000E+0
0.00000E+0	0.00000E+0	0.00000E+0	0.00000E+0	0.00000E+0
0.00000E+0	0.00000E+0	0.00000E+0	0.00000E+0	0.00000E+0
0.00000E+0	0.00000E+0	0.00000E+0	0.00000E+0	0.00000E+0
0.00000E+0	0.00000E+0	0.00000E+0	0.00000E+0	0.00000E+0
0.00000E+0	0.00000E+0	0.00000E+0	0.00000E+0	0.00000E+0
0.00000E+0	0.00000E+0	0.00000E+0	0.00000E+0	0.00000E+0
0.00000E+0	0.00000E+0	0.00000E+0	0.00000E+0	0.00000E+0
0.00000E+0	0.00000E+0	0.00000E+0	0.00000E+0	0.00000E+0
0.00000E+0	0.00000E+0	0.00000E+0	0.00000E+0	0.00000E+0
0.00000E+0	0.00000E+0	0.00000E+0	0.00000E+0	0.00000E+0
0.00000E+0	0.00000E+0	0.00000E+0	0.00000E+0	0.00000E+0
0.00000E+0	0.00000E+0	0.00000E+0	0.00000E+0	0.00000E+0
0.00000E+0	0.00000E+0	0.00000E+0	0.00000E+0	0.00000E+0
0.00000E+0	0.00000E+0	0.00000E+0	0.00000E+0	0.00000E+0
0.00000E+0	0.00000E+0	0.00000E+0	0.00000E+0	0.00000E+0
0.00000E+0	0.00000E+0	0.00000E+0	0.00000E+0	0.00000E+0
0.00000E+0	0.00000E+0	0.00000E+0	0.00000E+0	0.00000E+0
0.00000E+0	0.00000E+0	0.00000E+0	0.00000E+0	0.00000E+0
0.00000E+0	0.00000E+0	0.00000E+0	0.00000E+0	0.00000E+0
0.00000E+0	0.00000E+0	0.00000E+0	0.00000E+0	0.00000E+0
0.00000E+0	0.00000E+0	0.00000E+0	0.00000E+0	0.00000E+0
0.00000E+0	0.00000E+0	0.00000E+0	0.00000E+0	0.00000E+0
0.00000E+0	0.00000E+0	0.00000E+0	0.00000E+0	0.00000E+0
0.00000E+0	0.00000E+0	0.00000E+0	0.00000E+0	0.00000E+0
0.00000E+0	0.00000E+0	0.00000E+0	0.00000E+0	0.00000E+0
0.00000E+0	0.00000E+0	0.00000E+0	0.00000E+0	0.00000E+0
0.00000E+0	0.00000E+0	0.00000E+0	0.00000E+0	0.00000E+0
0.00000E+0	0.00000E+0	0.00000E+0	0.00000E+0	0.00000E+0
0.00000E+0	0.00000E+0	0.00000E+0	0.00000E+0	0.00000E+0
0.00000E+0	0.00000E+0	0.00000E+0	0.00000E+0	0.00000E+0
0.00000E+0	0.00000E+0	0.00000E+0	0.00000E+0	0.00000E+0
0.00000E+0	0.00000E+0	0.00000E+0	0.00000E+0	0.00000E+0
0.00000E+0	0.00000E+0	0.00000E+0	0.00000E+0	0.00000E+0
0.00000E+0	0.00000E+0	0.00000E+0	0.00000E+0	0.00000E+0
0.00000E+0	0.00000E+0	0.00000E+0	0.00000E+0	0.00000E+0
0.00000E+0	0.00000E+0	0.00000E+0	0.00000E+0	0.00000E+0
0.00000E+0	0.00000E+0	0.00000E+0	0.00000E+0	0.00000E+0
0.00000E+0	0.00000E+0	0.00000E+0	0.00000E+0	0.00000E+0
0.00000E+0	0.00000E+0	0.00000E+0	0.00000E+0	0.00000E+0
0.00000E+0	0.00000E+0	0.00000E+0	0.00000E+0	0.00000E+0
0.00000E+0	0.00000E+0	0.00000E+0	0.00000E+0	0.00000E+0
0.00000E+0	0.00000E+0	0.00000E+0	0.00000E+0	0.00000E+0
0.00000E+0	0.00000E+0	0.00000E+0	0.00000E+0	0.00000E+0
0.00000E+0	0.00000E+0	0.00000E+0	0.00000E+0	0.00000E+0
0.00000E+0	0.00000E+0	0.00000E+0	0.00000E+0	0.00000E+0
0.00000E+0	0.00000E+0	0.00000E+0	0.00000E+0	0.00000E+0
0.00000E+0	0.00000E+0	0.00000E+0	0.00000E+0	0.00000E+0
0.00000E+0	0.00000E+0	0.00000E+0	0.00000E+0	0.00000E+0
0.00000E+0	0.00000E+0	0.00000E+0	0.00000E+0	0.00000E+0
0.00000E+0	0.00000E+0	0.00000E+0	0.00000E+0	0.00000E+0
0.00000E+0	0.00000E+0	0.00000E+0	0.00000E+0	0.00000E+0
