## Header ##
[General info]
User	Giorgos_Psaltakis
Device	Sample
Cell area (cm2)	1
Test	Pulsed
Date	2024-03-03
Time	04:01:28
Temperature	21.36
Note	

[Acquisition Settings]
Amplitude (V)	2.000
Frequency (Hz)	10.0
DC Offset (V)	1.000
Duty Cycle (%)	40
Phase (°)	0
Cycles	10

## Data ##
Time (s)	DC Channel Voltage (V)	DC Channel Current (A)	Pulse Channel Voltage (V)	Pulse Channel Current (A)
0.00000E+0	1.99454E+0	6.21101E-6	1.00420E+0	-1.64751E-7
6.55360E-4	1.99265E+0	1.21089E-5	9.99912E-1	-1.47993E-8
1.31072E-3	1.99319E+0	1.05361E-5	1.00006E+0	-7.36036E-9
1.96608E-3	1.99427E+0	8.83228E-6	9.99900E-1	-6.17133E-9
2.62144E-3	1.99157E+0	9.74972E-6	1.00005E+0	-6.22743E-9
3.27680E-3	1.99265E+0	8.17696E-6	9.99933E-1	-3.41626E-9
3.93216E-3	1.99346E+0	1.36816E-5	9.99946E-1	-3.96870E-9
4.58752E-3	1.99184E+0	1.15846E-5	1.00015E+0	-1.45657E-9
5.24288E-3	1.99238E+0	1.07982E-5	1.00002E+0	-2.76588E-9
5.89824E-3	1.99211E+0	1.27642E-5	9.99883E-1	-1.04105E-9
6.55360E-3	1.99292E+0	8.96334E-6	9.95617E-1	1.03548E-7
7.20896E-3	1.99130E+0	8.57015E-6	1.00349E+0	3.10046E-7
7.86432E-3	1.99265E+0	9.35653E-6	1.00059E+0	8.89996E-8
8.51968E-3	1.99130E+0	1.23710E-5	1.00024E+0	2.11830E-8
9.17504E-3	1.99481E+0	8.96334E-6	1.00010E+0	7.64158E-9
9.83040E-3	1.99292E+0	1.21089E-5	9.99823E-1	2.71581E-8
1.04858E-2	1.99319E+0	1.26331E-5	1.00002E+0	1.98980E-8
1.11411E-2	1.99265E+0	1.06672E-5	1.00007E+0	1.52597E-8
1.17965E-2	1.99238E+0	8.96334E-6	1.00002E+0	1.31570E-8
1.24518E-2	1.99238E+0	1.43369E-5	1.00003E+0	1.11492E-8
1.31072E-2	1.99292E+0	7.65270E-6	9.99906E-1	1.13542E-8
1.37626E-2	1.99265E+0	1.52544E-5	9.99986E-1	8.75787E-9
1.44179E-2	1.99454E+0	4.90037E-6	1.00011E+0	7.48232E-9
1.50733E-2	1.99427E+0	1.14535E-5	1.00002E+0	8.28530E-9
1.57286E-2	1.99346E+0	8.96334E-6	9.99971E-1	5.50076E-9
1.63840E-2	1.99319E+0	1.01429E-5	1.00003E+0	3.54630E-9
1.70394E-2	1.99184E+0	6.99739E-6	9.99971E-1	5.27541E-9
1.76947E-2	1.99184E+0	1.02740E-5	9.99967E-1	2.87405E-9
1.83501E-2	1.99292E+0	1.05361E-5	1.00005E+0	3.06707E-9
1.90054E-2	1.99211E+0	1.27642E-5	9.99988E-1	4.38114E-9
1.96608E-2	1.99265E+0	9.09440E-6	9.99999E-1	1.65792E-9
2.03162E-2	1.99319E+0	9.48759E-6	1.00006E+0	3.26770E-9
2.09715E-2	1.99400E+0	7.12845E-6	9.99992E-1	4.13915E-9
2.16269E-2	1.99157E+0	1.13225E-5	9.99984E-1	1.76347E-9
2.22822E-2	1.99211E+0	1.11914E-5	9.99969E-1	3.16073E-9
2.29376E-2	1.99238E+0	9.09440E-6	1.00001E+0	4.22615E-9
2.35930E-2	1.99292E+0	8.57015E-6	9.99946E-1	1.32655E-9
2.42483E-2	1.99211E+0	1.15846E-5	1.00006E+0	2.86930E-9
2.49037E-2	1.99211E+0	1.19778E-5	1.00001E+0	3.13221E-9
2.55590E-2	1.99319E+0	1.31574E-5	9.99973E-1	2.25220E-9
2.62144E-2	1.99346E+0	1.01429E-5	9.99952E-1	3.13458E-9
2.68698E-2	1.99427E+0	1.56476E-5	1.00008E+0	1.88517E-9
2.75251E-2	1.99265E+0	1.22399E-5	9.99982E-1	3.88575E-9
2.81805E-2	1.99292E+0	1.01429E-5	9.99969E-1	2.43904E-9
2.88358E-2	1.99319E+0	1.13225E-5	9.99961E-1	2.70480E-9
2.94912E-2	1.99265E+0	9.35653E-6	1.00006E+0	1.10643E-9
3.01466E-2	1.99292E+0	7.12845E-6	9.99944E-1	2.98055E-9
3.08019E-2	1.99319E+0	1.78757E-5	1.00011E+0	3.06565E-9
3.14573E-2	1.99238E+0	1.30263E-5	9.99914E-1	2.98197E-9
3.21126E-2	1.99238E+0	8.17696E-6	1.00006E+0	1.92178E-9
3.27680E-2	1.99238E+0	1.32884E-5	9.99946E-1	1.62940E-9
3.34234E-2	1.99373E+0	4.50718E-6	1.00003E+0	3.22254E-9
3.40787E-2	1.99211E+0	5.29356E-6	1.00002E+0	2.22986E-9
3.47341E-2	1.99265E+0	1.09293E-5	9.99923E-1	2.76043E-9
3.53894E-2	1.99238E+0	1.21089E-5	1.00005E+0	2.22843E-9
3.60448E-2	1.99292E+0	1.21089E-5	1.00008E+0	3.14552E-9
3.67002E-2	1.99346E+0	1.81378E-5	9.99904E-1	1.99405E-9
3.73555E-2	1.99319E+0	2.54123E-6	9.99992E-1	3.11414E-9
3.80109E-2	1.99346E+0	9.48759E-6	9.99976E-1	1.82480E-9
3.86662E-2	1.99319E+0	1.31574E-5	1.00002E+0	2.49229E-9
3.93216E-2	1.99400E+0	6.86632E-6	1.00007E+0	2.09388E-9
3.99770E-2	-4.71749E-3	1.51233E-5	1.01982E+0	-4.43050E-7
4.06323E-2	-7.68415E-3	1.73514E-5	9.99315E-1	-7.07526E-8
4.12877E-2	-7.41446E-3	2.41016E-6	9.99739E-1	-1.54102E-8
4.19430E-2	-5.79628E-3	5.81781E-6	9.99976E-1	3.25772E-9
4.25984E-2	-4.98719E-3	1.02740E-5	1.00001E+0	3.28957E-9
4.32538E-2	-5.79628E-3	7.25951E-6	1.00004E+0	3.42269E-9
4.39091E-2	-7.14476E-3	1.10604E-5	1.00003E+0	3.79209E-9
4.45645E-2	-6.87507E-3	9.09440E-6	9.99957E-1	2.51986E-9
4.52198E-2	-6.87507E-3	4.76931E-6	9.99990E-1	4.00270E-9
4.58752E-2	-6.87507E-3	1.04050E-5	1.00000E+0	1.90134E-9
4.65306E-2	-8.22355E-3	-1.91493E-6	9.99881E-1	3.78544E-9
4.71859E-2	-2.82962E-3	1.04050E-5	1.00010E+0	2.87405E-9
4.78413E-2	-7.68415E-3	1.26331E-5	9.99969E-1	3.19734E-9
4.84966E-2	-6.60537E-3	1.11914E-5	1.00005E+0	1.69358E-9
4.91520E-2	-6.06598E-3	3.85186E-6	9.99889E-1	3.82109E-9
4.98074E-2	-6.87507E-3	1.52544E-5	1.00013E+0	1.89611E-9
5.04627E-2	-6.60537E-3	2.14804E-6	9.99944E-1	3.62617E-9
5.11181E-2	-6.06598E-3	9.09440E-6	1.00004E+0	3.62855E-9
5.17734E-2	-6.87507E-3	1.00118E-5	9.99986E-1	2.57834E-9
5.24288E-2	-6.33567E-3	9.35653E-6	9.99995E-1	3.19781E-9
5.30842E-2	-5.52658E-3	9.88078E-6	9.99959E-1	2.62493E-9
5.37395E-2	-7.95385E-3	5.42462E-6	1.00000E+0	1.92226E-9
5.43949E-2	-8.22355E-3	9.68465E-7	1.00004E+0	2.16615E-9
5.50502E-2	-4.98719E-3	1.34195E-5	1.00000E+0	2.41147E-9
5.57056E-2	-7.14476E-3	9.09440E-6	9.99935E-1	2.52557E-9
5.63610E-2	-7.68415E-3	1.05361E-5	1.00011E+0	3.06660E-9
5.70163E-2	-5.79628E-3	7.39058E-6	9.99893E-1	3.18545E-9
5.76717E-2	-8.76294E-3	1.14535E-5	1.00009E+0	2.67152E-9
5.83270E-2	-6.06598E-3	1.47301E-5	9.99963E-1	1.94555E-9
5.89824E-2	-5.52658E-3	8.30802E-6	1.00003E+0	2.93110E-9
5.96378E-2	-6.60537E-3	-8.00432E-8	9.99929E-1	2.06583E-9
6.02931E-2	-6.87507E-3	1.00118E-5	1.00003E+0	3.41698E-9
6.09485E-2	-5.25689E-3	6.86632E-6	9.99980E-1	2.84981E-9
6.16038E-2	-6.60537E-3	1.13225E-5	1.00008E+0	2.23366E-9
6.22592E-2	-4.71749E-3	3.58973E-6	9.99870E-1	2.04397E-9
6.29146E-2	-5.52658E-3	2.29871E-5	1.00010E+0	2.28881E-9
6.35699E-2	-7.95385E-3	7.39058E-6	9.99948E-1	2.79989E-9
6.42253E-2	-5.52658E-3	6.86632E-6	1.00002E+0	2.29214E-9
6.48806E-2	-6.60537E-3	9.35653E-6	1.00002E+0	2.45330E-9
6.55360E-2	-7.68415E-3	6.07994E-6	1.00008E+0	2.23984E-9
6.61914E-2	-6.60537E-3	2.03659E-5	9.99897E-1	3.09512E-9
6.68467E-2	-4.98719E-3	7.25951E-6	1.00009E+0	2.65488E-9
6.75021E-2	-5.79628E-3	8.30802E-6	9.99931E-1	1.69120E-9
6.81574E-2	-6.60537E-3	2.37735E-5	1.00001E+0	3.40985E-9
6.88128E-2	-6.33567E-3	1.27642E-5	9.99933E-1	2.03160E-9
6.94682E-2	-4.98719E-3	1.02740E-5	1.00008E+0	2.12954E-9
7.01235E-2	-7.14476E-3	7.12845E-6	9.99931E-1	3.48354E-9
7.07789E-2	-5.79628E-3	3.45867E-6	1.00014E+0	1.71212E-9
7.14342E-2	-6.06598E-3	1.10604E-5	9.99830E-1	2.47327E-9
7.20896E-2	-6.87507E-3	9.88078E-6	1.00013E+0	2.64300E-9
7.27450E-2	-4.98719E-3	3.19654E-6	9.99914E-1	2.68341E-9
7.34003E-2	-5.79628E-3	1.36816E-5	1.00006E+0	2.07011E-9
7.40557E-2	-7.14476E-3	9.09440E-6	9.99925E-1	2.76708E-9
7.47110E-2	-5.79628E-3	4.24505E-6	1.00010E+0	9.76167E-10
7.53664E-2	-6.06598E-3	8.57015E-6	9.99872E-1	3.03902E-9
7.60218E-2	-3.36901E-3	8.43908E-6	1.00011E+0	1.95459E-9
7.66771E-2	-4.98719E-3	5.68675E-6	9.99910E-1	3.65897E-9
7.73325E-2	-4.44780E-3	1.10604E-5	1.00001E+0	1.60325E-9
7.79878E-2	-5.52658E-3	7.65270E-6	1.00002E+0	3.49400E-9
7.86432E-2	-4.71749E-3	1.07982E-5	9.99997E-1	1.03702E-9
7.92986E-2	-6.60537E-3	1.28952E-5	9.99997E-1	2.65869E-9
7.99539E-2	-6.33567E-3	2.67229E-6	1.00003E+0	3.34329E-9
8.06093E-2	-6.06598E-3	8.96334E-6	9.99984E-1	1.42829E-9
8.12646E-2	-7.41446E-3	2.27910E-6	1.00005E+0	2.09626E-9
8.19200E-2	-4.44780E-3	8.83228E-6	9.99952E-1	2.67105E-9
8.25754E-2	-4.71749E-3	1.34195E-5	1.00004E+0	2.10720E-9
8.32307E-2	-4.44780E-3	9.35653E-6	9.99950E-1	2.69149E-9
8.38861E-2	-5.52658E-3	7.25951E-6	1.00004E+0	3.54107E-9
8.45414E-2	-7.95385E-3	2.35114E-5	9.99990E-1	1.45729E-9
8.51968E-2	-6.60537E-3	2.14804E-6	1.00002E+0	2.52462E-9
8.58522E-2	-5.52658E-3	8.43908E-6	9.99906E-1	2.36535E-9
8.65075E-2	-5.79628E-3	8.30802E-6	1.00007E+0	2.76185E-9
8.71629E-2	-6.60537E-3	1.36816E-5	9.99978E-1	2.57549E-9
8.78182E-2	-4.71749E-3	2.54773E-5	9.99961E-1	1.53621E-9
8.84736E-2	-5.52658E-3	7.65270E-6	1.00001E+0	2.17613E-9
8.91290E-2	-6.87507E-3	1.28952E-5	1.00002E+0	3.01573E-9
8.97843E-2	-5.79628E-3	6.99739E-6	1.00007E+0	7.23243E-10
9.04397E-2	-6.87507E-3	1.05361E-5	9.99876E-1	3.83250E-9
9.10950E-2	-6.06598E-3	5.81781E-6	1.00004E+0	2.29689E-9
9.17504E-2	-5.79628E-3	9.35653E-6	1.00003E+0	2.22890E-9
9.24058E-2	-5.79628E-3	2.27250E-5	1.00001E+0	2.82271E-9
9.30611E-2	-6.06598E-3	5.68675E-6	1.00002E+0	1.44208E-9
9.37165E-2	-7.68415E-3	9.35653E-6	9.99942E-1	2.39673E-9
9.43718E-2	-6.06598E-3	-3.61876E-6	1.00000E+0	2.70100E-9
9.50272E-2	-4.17810E-3	5.81781E-6	1.00000E+0	1.99975E-9
9.56826E-2	-5.79628E-3	1.28952E-5	9.99999E-1	1.89373E-9
9.63379E-2	-6.33567E-3	9.22547E-6	1.00000E+0	3.08276E-9
9.69933E-2	-5.79628E-3	1.66961E-5	1.00014E+0	1.59279E-9
9.76486E-2	-7.68415E-3	1.30263E-5	9.99868E-1	3.65042E-9
9.83040E-2	-5.25689E-3	1.22399E-5	1.00003E+0	1.67076E-9
9.89594E-2	-6.33567E-3	1.02740E-5	9.99976E-1	2.47803E-9
9.96147E-2	-5.52658E-3	1.36816E-5	1.05185E+0	-3.09811E-7
1.00270E-1	1.99292E+0	7.39058E-6	9.98073E-1	5.05832E-7
1.00925E-1	1.99157E+0	2.45599E-5	1.00155E+0	2.24118E-7
1.01581E-1	1.99427E+0	1.13225E-5	1.00039E+0	8.08418E-8
1.02236E-1	1.99346E+0	8.04589E-6	1.00012E+0	3.46860E-8
1.02892E-1	1.99427E+0	8.96334E-6	1.00005E+0	1.75893E-8
1.03547E-1	1.99535E+0	2.14144E-5	1.00008E+0	8.56057E-9
1.04202E-1	1.99400E+0	9.09440E-6	9.99923E-1	6.83622E-9
1.04858E-1	1.99319E+0	8.83228E-6	1.00007E+0	4.37448E-9
1.05513E-1	1.99454E+0	1.35506E-5	1.00007E+0	3.54915E-9
1.06168E-1	1.99427E+0	9.48759E-6	1.00003E+0	3.10843E-9
1.06824E-1	1.99265E+0	9.61866E-6	9.99872E-1	2.83364E-9
1.07479E-1	1.99427E+0	5.42462E-6	1.00010E+0	3.12745E-9
1.08134E-1	1.99184E+0	8.70121E-6	9.99872E-1	3.34472E-9
1.08790E-1	1.99373E+0	1.06672E-5	1.00008E+0	7.75064E-10
1.09445E-1	1.99184E+0	8.30802E-6	9.99954E-1	2.69149E-9
1.10100E-1	1.99238E+0	1.05361E-5	1.00009E+0	2.56265E-9
1.10756E-1	1.99238E+0	6.99739E-6	9.99973E-1	2.59403E-9
1.11411E-1	1.99265E+0	1.80067E-5	9.99961E-1	1.84191E-9
1.12067E-1	1.99319E+0	1.14535E-5	1.00002E+0	2.05205E-9
1.12722E-1	1.99427E+0	8.04589E-6	9.99980E-1	2.53935E-9
1.13377E-1	1.99292E+0	9.09440E-6	9.99963E-1	2.72068E-10
1.14033E-1	1.99238E+0	1.43369E-5	1.00006E+0	2.96296E-9
1.14688E-1	1.99265E+0	4.11399E-6	9.99957E-1	1.81196E-9
1.15343E-1	1.99346E+0	1.18467E-5	1.00001E+0	2.44284E-9
1.15999E-1	1.99292E+0	1.10604E-5	1.00010E+0	1.46633E-9
1.16654E-1	1.99373E+0	1.18467E-5	9.99969E-1	2.17233E-9
1.17309E-1	1.99211E+0	1.64340E-5	9.99948E-1	1.76252E-9
1.17965E-1	1.99157E+0	6.47313E-6	9.99942E-1	1.55428E-9
1.18620E-1	1.99292E+0	1.09293E-5	1.00005E+0	2.49752E-9
1.19276E-1	1.99535E+0	9.09440E-6	1.00004E+0	2.07772E-9
1.19931E-1	1.99373E+0	8.04589E-6	9.99990E-1	8.90116E-10
1.20586E-1	1.99184E+0	3.85186E-6	9.99999E-1	2.56122E-9
1.21242E-1	1.99157E+0	9.35653E-6	1.00008E+0	2.02637E-9
1.21897E-1	1.99454E+0	3.85186E-6	9.99891E-1	2.34681E-9
1.22552E-1	1.99400E+0	9.48759E-6	1.00004E+0	2.14761E-9
1.23208E-1	1.99373E+0	9.88078E-6	9.99929E-1	1.87662E-9
1.23863E-1	1.99238E+0	7.12845E-6	1.00006E+0	1.01420E-9
1.24518E-1	1.99211E+0	8.04589E-6	9.99990E-1	2.71383E-9
1.25174E-1	1.99319E+0	1.04050E-5	1.00007E+0	1.51197E-9
1.25829E-1	1.99346E+0	6.47313E-6	9.99910E-1	1.45634E-9
1.26484E-1	1.99319E+0	7.39058E-6	1.00008E+0	2.43952E-9
1.27140E-1	1.99292E+0	8.70121E-6	9.99921E-1	2.70100E-9
1.27795E-1	1.99292E+0	2.31182E-5	1.00000E+0	1.05984E-9
1.28451E-1	1.99346E+0	8.57015E-6	9.99952E-1	1.62654E-9
1.29106E-1	1.99346E+0	1.00118E-5	1.00006E+0	1.74635E-9
1.29761E-1	1.99346E+0	4.37612E-6	1.00001E+0	3.25201E-9
1.30417E-1	1.99373E+0	8.57015E-6	1.00006E+0	4.94565E-10
1.31072E-1	1.99373E+0	1.40748E-5	9.99885E-1	2.29594E-9
1.31727E-1	1.99346E+0	1.18467E-5	1.00010E+0	2.72049E-9
1.32383E-1	1.99319E+0	7.78377E-6	9.99891E-1	1.96172E-9
1.33038E-1	1.99319E+0	1.11914E-5	1.00012E+0	1.42972E-9
1.33693E-1	1.99292E+0	2.01697E-6	9.99902E-1	2.77469E-9
1.34349E-1	1.99292E+0	2.80335E-6	9.99992E-1	1.58566E-9
1.35004E-1	1.99319E+0	1.06672E-5	1.00001E+0	1.74445E-9
1.35660E-1	1.99077E+0	1.04050E-5	1.00007E+0	1.64509E-9
1.36315E-1	1.99373E+0	3.45867E-6	9.99952E-1	1.85047E-9
1.36970E-1	1.99292E+0	4.63824E-6	9.99969E-1	2.52462E-9
1.37626E-1	1.99373E+0	2.04969E-5	1.00007E+0	2.12098E-9
1.38281E-1	1.99535E+0	5.03143E-6	1.00004E+0	1.44018E-9
1.38936E-1	1.99373E+0	1.40748E-5	9.99874E-1	1.93985E-9
1.39592E-1	1.99319E+0	1.00118E-5	9.80836E-1	1.79116E-8
1.40247E-1	-6.60537E-3	5.94888E-6	9.97338E-1	-1.85965E-7
1.40902E-1	-7.68415E-3	1.30263E-5	9.99900E-1	-7.38747E-8
1.41558E-1	-5.52658E-3	1.00118E-5	9.99796E-1	-5.12489E-8
1.42213E-1	-6.87507E-3	1.30263E-5	9.99923E-1	-6.64913E-9
1.42868E-1	-8.22355E-3	1.49272E-6	9.99976E-1	-8.05352E-9
1.43524E-1	-5.52658E-3	7.12845E-6	9.99938E-1	5.77764E-10
1.44179E-1	-6.60537E-3	7.78377E-6	1.00001E+0	1.38170E-9
1.44835E-1	-4.98719E-3	1.32884E-5	1.00003E+0	7.71261E-10
1.45490E-1	-5.52658E-3	9.61866E-6	9.99957E-1	1.67409E-9
1.46145E-1	-4.98719E-3	1.13225E-5	1.00002E+0	4.12346E-9
1.46801E-1	-6.87507E-3	1.31574E-5	9.99982E-1	3.91285E-9
1.47456E-1	-7.14476E-3	1.01429E-5	9.99929E-1	3.78021E-9
1.48111E-1	-6.60537E-3	9.88078E-6	1.00007E+0	3.84296E-9
1.48767E-1	-5.52658E-3	1.21089E-5	9.99931E-1	3.96847E-9
1.49422E-1	-6.60537E-3	9.88078E-6	1.00003E+0	3.82965E-9
1.50077E-1	-5.52658E-3	1.51233E-5	1.00004E+0	3.58100E-9
1.50733E-1	-5.52658E-3	9.61866E-6	1.00002E+0	2.43334E-9
1.51388E-1	-4.71749E-3	1.83999E-5	9.99940E-1	3.55153E-9
1.52044E-1	-6.33567E-3	9.22547E-6	1.00007E+0	3.18022E-9
1.52699E-1	-5.25689E-3	1.21089E-5	9.99999E-1	3.25486E-9
1.53354E-1	-5.79628E-3	4.37612E-6	9.99927E-1	3.86673E-9
1.54010E-1	-6.60537E-3	1.28952E-5	9.99982E-1	3.94755E-9
1.54665E-1	-5.79628E-3	1.31574E-5	1.00006E+0	2.85789E-9
1.55320E-1	-7.41446E-3	1.06672E-5	9.99992E-1	3.05566E-9
1.55976E-1	-7.95385E-3	1.21089E-5	9.99961E-1	4.14533E-9
1.56631E-1	-6.87507E-3	6.60420E-6	1.00001E+0	2.26789E-9
1.57286E-1	-6.06598E-3	1.45991E-5	1.00002E+0	4.48573E-9
1.57942E-1	-7.41446E-3	1.05361E-5	9.99980E-1	1.66600E-9
1.58597E-1	-5.52658E-3	4.24505E-6	1.00003E+0	3.52063E-9
1.59252E-1	-6.33567E-3	1.27642E-5	1.00000E+0	3.43648E-9
1.59908E-1	-6.06598E-3	8.70121E-6	1.00001E+0	3.04711E-9
1.60563E-1	-7.14476E-3	1.62378E-6	9.99995E-1	2.86692E-9
1.61219E-1	-6.06598E-3	1.09293E-5	1.00005E+0	3.44456E-9
1.61874E-1	-6.33567E-3	9.61866E-6	9.99961E-1	3.71983E-9
1.62529E-1	-4.71749E-3	8.57015E-6	1.00001E+0	1.72781E-9
1.63185E-1	-7.95385E-3	1.11914E-5	1.00000E+0	3.17975E-9
1.63840E-1	-6.06598E-3	8.30802E-6	1.00006E+0	3.75121E-9
1.64495E-1	-5.79628E-3	1.06672E-5	9.99851E-1	2.35442E-9
1.65151E-1	-6.87507E-3	9.74972E-6	1.00011E+0	3.37752E-9
1.65806E-1	-5.79628E-3	2.54123E-6	9.99927E-1	2.82794E-9
1.66461E-1	-6.87507E-3	9.09440E-6	1.00006E+0	2.54126E-9
1.67117E-1	-5.52658E-3	5.68675E-6	1.00000E+0	3.69938E-9
1.67772E-1	-6.06598E-3	1.23710E-5	9.99961E-1	3.97703E-9
1.68428E-1	-6.33567E-3	1.19778E-5	1.00001E+0	2.97912E-9
1.69083E-1	-4.98719E-3	1.75485E-6	1.00005E+0	2.44570E-9
1.69738E-1	-6.33567E-3	9.88078E-6	9.99900E-1	3.05043E-9
1.70394E-1	-5.25689E-3	1.19778E-5	1.00005E+0	3.35898E-9
1.71049E-1	-2.55992E-3	6.86632E-6	9.99978E-1	2.18802E-9
1.71704E-1	-6.87507E-3	1.78757E-5	1.00005E+0	1.98121E-9
1.72360E-1	-6.33567E-3	8.96334E-6	1.00003E+0	4.08685E-9
1.73015E-1	-6.33567E-3	7.65270E-6	9.99982E-1	2.92350E-9
1.73670E-1	-4.98719E-3	1.57786E-5	9.99995E-1	3.06042E-9
1.74326E-1	-6.60537E-3	1.18467E-5	1.00006E+0	2.00308E-9
1.74981E-1	-4.17810E-3	1.00118E-5	9.99891E-1	2.53983E-9
1.75636E-1	-6.87507E-3	9.88078E-6	1.00004E+0	3.26152E-9
1.76292E-1	-7.14476E-3	5.03143E-6	9.99978E-1	3.44361E-9
1.76947E-1	-7.14476E-3	1.02740E-5	9.99988E-1	2.47232E-9
1.77603E-1	-7.68415E-3	1.17157E-5	1.00010E+0	3.15075E-9
1.78258E-1	-4.98719E-3	1.07982E-5	9.99870E-1	2.88736E-9
1.78913E-1	-5.25689E-3	1.05361E-5	1.00006E+0	3.44456E-9
1.79569E-1	-7.41446E-3	8.30802E-6	9.99948E-1	2.21654E-9
1.80224E-1	-5.52658E-3	1.11914E-5	1.00007E+0	3.25772E-9
1.80879E-1	-5.52658E-3	1.14535E-5	9.99963E-1	3.09370E-9
1.81535E-1	-5.52658E-3	1.04050E-5	1.00007E+0	1.65412E-9
1.82190E-1	-5.79628E-3	8.83228E-6	9.99995E-1	2.43286E-9
1.82845E-1	-5.25689E-3	2.33803E-5	1.00001E+0	3.60763E-9
1.83501E-1	-6.06598E-3	1.93174E-5	9.99842E-1	2.25790E-9
1.84156E-1	-6.06598E-3	3.45867E-6	1.00018E+0	3.26532E-9
1.84812E-1	-4.98719E-3	1.07982E-5	9.99912E-1	2.64680E-9
1.85467E-1	-5.79628E-3	1.21089E-5	1.00003E+0	2.71526E-9
1.86122E-1	-5.79628E-3	1.75485E-6	9.99976E-1	3.48640E-9
1.86778E-1	-6.33567E-3	1.17157E-5	9.99963E-1	1.89326E-9
1.87433E-1	-4.17810E-3	5.42462E-6	1.00001E+0	3.25486E-9
1.88088E-1	-6.33567E-3	1.25021E-5	1.00002E+0	3.70129E-9
1.88744E-1	-6.06598E-3	1.05361E-5	9.99948E-1	1.64509E-9
1.89399E-1	-6.87507E-3	7.52164E-6	1.00011E+0	2.56883E-9
1.90054E-1	-5.25689E-3	7.25951E-6	9.99933E-1	3.57387E-9
1.90710E-1	-4.71749E-3	1.62378E-6	9.99950E-1	2.83935E-9
1.91365E-1	-6.06598E-3	1.07982E-5	9.99976E-1	3.14219E-9
1.92020E-1	-5.79628E-3	7.65270E-6	1.00005E+0	1.97931E-9
1.92676E-1	-4.44780E-3	7.65270E-6	9.99986E-1	2.57026E-9
1.93331E-1	-5.52658E-3	1.01429E-5	1.00005E+0	2.92017E-9
1.93987E-1	-4.98719E-3	8.17696E-6	9.99933E-1	2.57454E-9
1.94642E-1	-5.79628E-3	9.48759E-6	1.00010E+0	2.52985E-9
1.95297E-1	-6.60537E-3	1.22399E-5	9.99927E-1	2.14000E-9
1.95953E-1	-6.06598E-3	-3.88088E-6	1.00004E+0	4.14438E-9
1.96608E-1	-5.52658E-3	8.83228E-6	9.99900E-1	2.23128E-9
1.97263E-1	-6.87507E-3	1.10604E-5	1.00011E+0	2.15141E-9
1.97919E-1	-3.63871E-3	1.02740E-5	9.99923E-1	3.03665E-9
1.98574E-1	-6.60537E-3	8.96334E-6	1.00012E+0	3.33997E-9
1.99229E-1	-6.06598E-3	9.09440E-6	9.99919E-1	2.09674E-9
1.99885E-1	1.99292E+0	1.11914E-5	1.05260E+0	-3.28632E-7
2.00540E-1	1.99184E+0	1.00118E-5	9.99864E-1	-3.10996E-8
2.01196E-1	1.99319E+0	1.10604E-5	9.99946E-1	-2.04963E-8
2.01851E-1	1.99077E+0	9.09440E-6	9.99986E-1	-1.44632E-8
2.02506E-1	1.99130E+0	1.09293E-5	1.00007E+0	-1.11861E-8
2.03162E-1	1.99346E+0	7.12845E-6	9.99929E-1	-1.01549E-8
2.03817E-1	1.99373E+0	-2.04600E-6	9.99965E-1	-6.84405E-9
2.04472E-1	1.99400E+0	9.48759E-6	9.99940E-1	-7.57572E-9
2.05128E-1	1.99157E+0	1.05361E-5	1.00004E+0	-6.42092E-9
2.05783E-1	1.99346E+0	2.04969E-5	9.99990E-1	-4.74744E-9
2.06438E-1	1.99319E+0	2.93442E-6	1.00007E+0	-5.40970E-9
2.07094E-1	1.99400E+0	1.25021E-5	9.99925E-1	-3.87171E-9
2.07749E-1	1.99319E+0	1.44680E-5	1.00004E+0	-4.80734E-9
2.08404E-1	1.99319E+0	2.27910E-6	1.00003E+0	-2.38602E-9
2.09060E-1	1.99211E+0	8.83228E-6	9.99973E-1	-3.62829E-9
2.09715E-1	1.99292E+0	1.19778E-5	9.99944E-1	-2.54243E-9
2.10371E-1	1.99427E+0	8.57015E-6	9.99967E-1	-2.32088E-9
2.11026E-1	1.99508E+0	7.65270E-6	1.00002E+0	-1.59634E-9
2.11681E-1	1.99346E+0	1.01429E-5	1.00001E+0	-3.23179E-9
2.12337E-1	1.99319E+0	1.40748E-5	9.99988E-1	-1.20317E-9
2.12992E-1	1.99292E+0	7.25951E-6	1.00007E+0	-1.31442E-9
2.13647E-1	1.99238E+0	7.52164E-6	9.99933E-1	-1.72661E-9
2.14303E-1	1.99104E+0	3.42586E-5	1.00001E+0	-1.06625E-9
2.14958E-1	1.99157E+0	8.96334E-6	1.00004E+0	-1.97763E-9
2.15613E-1	1.99373E+0	5.81781E-6	9.99952E-1	-1.48985E-9
2.16269E-1	1.99454E+0	5.94888E-6	9.99995E-1	-1.14231E-9
2.16924E-1	1.99346E+0	1.38127E-5	1.00002E+0	7.66691E-11
2.17580E-1	1.99346E+0	1.00118E-5	1.00000E+0	-1.80267E-9
2.18235E-1	1.99157E+0	1.13225E-5	9.99919E-1	3.34057E-11
2.18890E-1	1.99184E+0	-4.73234E-7	1.00012E+0	-2.64208E-10
2.19546E-1	1.99265E+0	9.22547E-6	9.99900E-1	-9.27422E-10
2.20201E-1	1.99319E+0	1.13225E-5	1.00002E+0	-3.11751E-10
2.20856E-1	1.99319E+0	5.81781E-6	9.99963E-1	-7.51991E-10
2.21512E-1	1.99292E+0	1.05361E-5	1.00005E+0	-4.92886E-10
2.22167E-1	1.99265E+0	1.07982E-5	9.99959E-1	-4.49623E-10
2.22822E-1	1.99184E+0	8.57015E-6	1.00008E+0	-6.75448E-10
2.23478E-1	1.99238E+0	1.07982E-5	1.00003E+0	1.23736E-10
2.24133E-1	1.99265E+0	9.09440E-6	9.99952E-1	-7.99534E-10
2.24788E-1	1.99346E+0	3.32761E-6	9.99944E-1	1.23622E-9
2.25444E-1	1.99157E+0	1.09293E-5	1.00002E+0	-8.88913E-10
2.26099E-1	1.99238E+0	8.17696E-6	9.99980E-1	2.83002E-10
2.26755E-1	1.99373E+0	8.96334E-6	1.00004E+0	-1.11141E-9
2.27410E-1	1.99104E+0	1.39438E-5	9.99965E-1	1.18535E-9
2.28065E-1	1.99346E+0	9.61866E-6	1.00007E+0	-8.15223E-10
2.28721E-1	1.99184E+0	1.13225E-5	9.99973E-1	-6.78592E-11
2.29376E-1	1.99211E+0	7.78377E-6	1.00007E+0	3.50988E-10
2.30031E-1	1.99211E+0	1.04050E-5	9.99912E-1	1.05604E-9
2.30687E-1	1.99346E+0	1.04050E-5	1.00010E+0	-6.77826E-10
2.31342E-1	1.99373E+0	1.06672E-5	9.99948E-1	-8.02202E-11
2.31997E-1	1.99238E+0	5.94888E-6	9.99933E-1	1.25638E-10
2.32653E-1	1.99292E+0	1.65650E-5	1.00005E+0	1.54049E-9
2.33308E-1	1.99400E+0	7.91483E-6	9.99969E-1	-7.78140E-10
2.33964E-1	1.99346E+0	1.06672E-5	9.99980E-1	9.08182E-10
2.34619E-1	1.99130E+0	9.09440E-6	1.00001E+0	-1.14926E-10
2.35274E-1	1.99481E+0	1.11914E-5	1.00007E+0	6.89013E-10
2.35930E-1	1.99238E+0	1.32884E-5	9.99933E-1	-5.09051E-10
2.36585E-1	1.99265E+0	3.98293E-6	1.00001E+0	1.65098E-10
2.37240E-1	1.99265E+0	6.86632E-6	1.00001E+0	1.09978E-9
2.37896E-1	1.99130E+0	2.80335E-6	9.99990E-1	-7.48061E-12
2.38551E-1	1.99238E+0	1.10604E-5	9.99963E-1	2.23099E-10
2.39206E-1	1.99157E+0	1.55165E-5	1.00010E+0	1.38598E-9
2.39862E-1	-5.79628E-3	5.94888E-6	9.47087E-1	3.32060E-7
2.40517E-1	-6.06598E-3	3.72080E-6	1.00015E+0	3.43983E-8
2.41172E-1	-9.84172E-3	6.86632E-6	1.00001E+0	2.25675E-8
2.41828E-1	-7.41446E-3	1.13225E-5	1.00011E+0	1.71348E-8
2.42483E-1	-6.33567E-3	1.30263E-5	1.00000E+0	1.44644E-8
2.43139E-1	-6.06598E-3	8.70121E-6	9.99954E-1	1.36405E-8
2.43794E-1	-6.60537E-3	1.07982E-5	1.00002E+0	1.14816E-8
2.44449E-1	-5.79628E-3	1.88591E-6	1.00003E+0	1.03905E-8
2.45105E-1	-7.14476E-3	1.15846E-5	9.99980E-1	9.36879E-9
2.45760E-1	-5.79628E-3	1.18467E-5	9.99969E-1	7.97866E-9
2.46415E-1	-6.06598E-3	1.32884E-5	1.00001E+0	7.66250E-9
2.47071E-1	-6.33567E-3	1.11914E-5	1.00007E+0	7.45141E-9
2.47726E-1	-5.79628E-3	6.86632E-6	9.99893E-1	6.77536E-9
2.48381E-1	-7.14476E-3	1.07982E-5	1.00013E+0	6.63559E-9
2.49037E-1	-5.25689E-3	9.35653E-6	9.99914E-1	6.04844E-9
2.49692E-1	-5.52658E-3	9.48759E-6	1.00001E+0	6.52767E-9
2.50348E-1	-5.79628E-3	9.74972E-6	1.00008E+0	6.19392E-9
2.51003E-1	-6.33567E-3	9.35653E-6	9.99967E-1	4.62931E-9
2.51658E-1	-4.98719E-3	8.57015E-6	1.00003E+0	6.00138E-9
2.52314E-1	-6.60537E-3	1.13225E-5	9.99988E-1	5.58966E-9
2.52969E-1	-4.71749E-3	1.05361E-5	9.99967E-1	4.68874E-9
2.53624E-1	-4.44780E-3	-2.70131E-6	1.00008E+0	4.03170E-9
2.54280E-1	-5.79628E-3	9.74972E-6	9.99855E-1	4.72487E-9
2.54935E-1	-6.87507E-3	1.01429E-5	1.00013E+0	3.83821E-9
2.55590E-1	-4.71749E-3	1.17157E-5	9.99954E-1	5.59061E-9
2.56246E-1	-4.17810E-3	1.30263E-5	1.00005E+0	3.60715E-9
2.56901E-1	-6.33567E-3	9.35653E-6	9.99902E-1	4.24660E-9
2.57556E-1	-4.44780E-3	2.04969E-5	1.00005E+0	4.60126E-9
2.58212E-1	-5.25689E-3	1.10604E-5	9.99950E-1	3.87149E-9
2.58867E-1	-6.06598E-3	9.22547E-6	1.00002E+0	4.23328E-9
2.59523E-1	-5.52658E-3	7.91483E-6	9.99967E-1	4.08590E-9
2.60178E-1	-6.60537E-3	9.09440E-6	1.00003E+0	3.75501E-9
2.60833E-1	-6.60537E-3	9.09440E-6	1.00003E+0	3.25582E-9
2.61489E-1	-6.60537E-3	3.85186E-6	1.00006E+0	4.00508E-9
2.62144E-1	-6.87507E-3	8.43908E-6	9.99868E-1	4.12726E-9
2.62799E-1	-4.98719E-3	1.14535E-5	1.00009E+0	2.82366E-9
2.63455E-1	-5.25689E-3	1.19778E-5	9.99944E-1	4.08305E-9
2.64110E-1	-5.25689E-3	1.47301E-5	1.00006E+0	3.51112E-9
2.64765E-1	-7.41446E-3	1.01429E-5	9.99925E-1	3.90049E-9
2.65421E-1	-4.98719E-3	7.12845E-6	1.00003E+0	2.88261E-9
2.66076E-1	-6.60537E-3	6.47313E-6	1.00003E+0	3.80968E-9
2.66732E-1	-6.60537E-3	1.01429E-5	9.99965E-1	3.55153E-9
2.67387E-1	-5.52658E-3	8.70121E-6	1.00000E+0	4.53898E-9
2.68042E-1	-4.17810E-3	8.30802E-6	1.00001E+0	2.87595E-9
2.68698E-1	-7.95385E-3	1.21089E-5	9.99999E-1	3.46262E-9
2.69353E-1	-7.14476E-3	8.17696E-6	9.99990E-1	2.93015E-9
2.70008E-1	-4.98719E-3	7.78377E-6	1.00007E+0	2.50465E-9
2.70664E-1	-4.44780E-3	2.07591E-5	9.99906E-1	4.03788E-9
2.71319E-1	-5.79628E-3	8.96334E-6	1.00001E+0	2.94346E-9
2.71974E-1	-5.79628E-3	1.17157E-5	1.00007E+0	3.28434E-9
2.72630E-1	-7.41446E-3	-2.11107E-7	9.99984E-1	4.49286E-9
2.73285E-1	-7.68415E-3	5.81781E-6	9.99963E-1	1.85427E-9
2.73940E-1	-6.06598E-3	1.23710E-5	1.00004E+0	4.77764E-9
2.74596E-1	-5.79628E-3	6.99739E-6	1.00001E+0	2.96533E-9
2.75251E-1	-5.52658E-3	1.28952E-5	1.00003E+0	2.41670E-9
2.75907E-1	-6.60537E-3	9.35653E-6	9.99876E-1	3.32000E-9
2.76562E-1	-5.52658E-3	5.42462E-6	1.00011E+0	3.56864E-9
2.77217E-1	-5.25689E-3	1.06672E-5	9.99944E-1	2.91018E-9
2.77873E-1	-6.87507E-3	1.26331E-5	9.99965E-1	2.90115E-9
2.78528E-1	-5.25689E-3	1.04050E-5	1.00002E+0	2.71146E-9
2.79183E-1	-6.06598E-3	1.09293E-5	1.00008E+0	3.43410E-9
2.79839E-1	-5.79628E-3	8.04589E-6	9.99965E-1	2.17518E-9
2.80494E-1	-5.79628E-3	5.29356E-6	9.99997E-1	2.99528E-9
2.81149E-1	-5.79628E-3	8.96334E-6	9.99891E-1	3.99034E-9
2.81805E-1	-6.06598E-3	5.94888E-6	1.00015E+0	3.31382E-9
2.82460E-1	-4.17810E-3	9.61866E-6	9.99897E-1	2.80797E-9
2.83116E-1	-6.60537E-3	8.57015E-6	1.00005E+0	3.98274E-9
2.83771E-1	-5.79628E-3	9.61866E-6	1.00002E+0	2.33968E-9
2.84426E-1	-3.63871E-3	1.06672E-5	1.00002E+0	2.50798E-9
2.85082E-1	-6.60537E-3	1.82688E-5	9.99916E-1	3.26342E-9
2.85737E-1	-4.98719E-3	1.25021E-5	1.00003E+0	2.42050E-9
2.86392E-1	-4.98719E-3	-4.73234E-7	1.00001E+0	3.22919E-9
2.87048E-1	-6.60537E-3	1.45991E-5	9.99976E-1	3.92236E-9
2.87703E-1	-6.06598E-3	1.26331E-5	9.99997E-1	3.11414E-9
2.88358E-1	-4.71749E-3	1.14535E-5	1.00003E+0	3.08038E-9
2.89014E-1	-4.17810E-3	1.02740E-5	9.99942E-1	2.72810E-9
2.89669E-1	-4.98719E-3	1.01429E-5	1.00006E+0	2.06298E-9
2.90324E-1	-7.95385E-3	2.42978E-5	9.99992E-1	3.92093E-9
2.90980E-1	-7.14476E-3	9.74972E-6	1.00002E+0	1.54762E-9
2.91635E-1	-5.52658E-3	5.81781E-6	9.99967E-1	4.40919E-9
2.92291E-1	-5.79628E-3	1.00118E-5	1.00005E+0	2.17233E-9
2.92946E-1	-5.52658E-3	-8.20598E-6	9.99929E-1	3.58053E-9
2.93601E-1	-3.09932E-3	8.96334E-6	9.99982E-1	2.69387E-9
2.94257E-1	-7.68415E-3	1.95795E-5	9.99940E-1	2.26266E-9
2.94912E-1	-4.71749E-3	1.19778E-5	1.00013E+0	2.72952E-9
2.95567E-1	-5.79628E-3	1.14535E-5	9.99910E-1	3.28006E-9
2.96223E-1	-5.79628E-3	1.11914E-5	1.00009E+0	2.42525E-9
2.96878E-1	-5.79628E-3	6.86632E-6	9.99906E-1	2.71764E-9
2.97533E-1	-7.14476E-3	5.42462E-6	1.00008E+0	3.86483E-9
2.98189E-1	-6.87507E-3	7.39058E-6	9.99957E-1	2.61970E-9
2.98844E-1	-4.98719E-3	8.30802E-6	1.00001E+0	2.99909E-9
2.99500E-1	-6.60537E-3	9.22547E-6	1.05403E+0	-3.07591E-7
3.00155E-1	1.99373E+0	7.39058E-6	9.99131E-1	-3.74023E-8
3.00810E-1	1.99508E+0	7.52164E-6	9.99813E-1	-2.34391E-8
3.01466E-1	1.99346E+0	1.27642E-5	1.00005E+0	-1.70870E-8
3.02121E-1	1.99319E+0	9.61866E-6	9.99952E-1	-1.23922E-8
3.02776E-1	1.99346E+0	9.48759E-6	1.00005E+0	-1.07630E-8
3.03432E-1	1.99319E+0	1.26331E-5	9.99891E-1	-8.82180E-9
3.04087E-1	1.99427E+0	1.30263E-5	1.00008E+0	-6.99761E-9
3.04742E-1	1.99319E+0	1.28952E-5	9.99957E-1	-6.50174E-9
3.05398E-1	1.99373E+0	5.94888E-6	1.00001E+0	-6.52076E-9
3.06053E-1	1.99454E+0	7.91483E-6	1.00005E+0	-4.18739E-9
3.06708E-1	1.99238E+0	1.31574E-5	9.99912E-1	-5.34457E-9
3.07364E-1	1.99427E+0	1.00118E-5	1.00004E+0	-3.29788E-9
3.08019E-1	1.99265E+0	9.88078E-6	9.99984E-1	-3.02451E-9
3.08675E-1	1.99292E+0	5.03143E-6	9.99995E-1	-3.74287E-9
3.09330E-1	1.99292E+0	1.39438E-5	9.99990E-1	-1.89728E-9
3.09985E-1	1.99427E+0	1.14535E-5	9.99992E-1	-1.39952E-9
3.10641E-1	1.99292E+0	1.53855E-5	9.99967E-1	4.77384E-9
3.11296E-1	1.99211E+0	1.21089E-5	9.99855E-1	2.20830E-8
3.11951E-1	1.99319E+0	6.07994E-6	9.99682E-1	5.07543E-8
3.12607E-1	1.99292E+0	1.14535E-5	1.00004E+0	9.13472E-8
3.13262E-1	1.99238E+0	1.00118E-5	9.99929E-1	9.54230E-8
3.13917E-1	1.99346E+0	1.30263E-5	1.00007E+0	8.11185E-8
3.14573E-1	1.99427E+0	3.06548E-6	1.00015E+0	6.75210E-8
3.15228E-1	1.99400E+0	5.55569E-6	1.00002E+0	5.66642E-8
3.15884E-1	1.99292E+0	8.70121E-6	1.00002E+0	4.64717E-8
3.16539E-1	1.99319E+0	1.28952E-5	1.00008E+0	4.01928E-8
3.17194E-1	1.99265E+0	1.06672E-5	1.00004E+0	3.21239E-8
3.17850E-1	1.99292E+0	1.31574E-5	9.99997E-1	2.67721E-8
3.18505E-1	1.99427E+0	8.57015E-6	9.99944E-1	2.38891E-8
3.19160E-1	1.99346E+0	2.01697E-6	1.00013E+0	2.13138E-8
3.19816E-1	1.99319E+0	8.17696E-6	9.99897E-1	1.81137E-8
3.20471E-1	1.99454E+0	9.22547E-6	1.00010E+0	1.64954E-8
3.21126E-1	1.99373E+0	8.30802E-6	9.99997E-1	1.29093E-8
3.21782E-1	1.99265E+0	6.60420E-6	1.00004E+0	1.24800E-8
3.22437E-1	1.99292E+0	5.94888E-6	1.00002E+0	8.78830E-9
3.23092E-1	1.99481E+0	6.34207E-6	9.99986E-1	8.50542E-9
3.23748E-1	1.99130E+0	1.64340E-5	1.00004E+0	7.00214E-9
3.24403E-1	1.99184E+0	7.78377E-6	1.00003E+0	8.47357E-9
3.25059E-1	1.99238E+0	9.61866E-6	9.99885E-1	6.62941E-9
3.25714E-1	1.99319E+0	1.39438E-5	1.00006E+0	5.76747E-9
3.26369E-1	1.99130E+0	1.05361E-5	1.00002E+0	5.42564E-9
3.27025E-1	1.99508E+0	3.45867E-6	9.99976E-1	5.43658E-9
3.27680E-1	1.99589E+0	1.43369E-5	9.99944E-1	4.79999E-9
3.28335E-1	1.99346E+0	8.83228E-6	1.00003E+0	4.55562E-9
3.28991E-1	1.99373E+0	8.70121E-6	1.00003E+0	5.28587E-9
3.29646E-1	1.99319E+0	7.91483E-6	1.00000E+0	4.03266E-9
3.30301E-1	1.99346E+0	1.05361E-5	9.99963E-1	3.92141E-9
3.30957E-1	1.99211E+0	1.35506E-5	1.00007E+0	3.45977E-9
3.31612E-1	1.99319E+0	3.45867E-6	9.99919E-1	4.69444E-9
3.32268E-1	1.99427E+0	1.06672E-5	1.00008E+0	3.42174E-9
3.32923E-1	1.99400E+0	1.09293E-5	9.99948E-1	3.76927E-9
3.33578E-1	1.99319E+0	8.83228E-6	1.00001E+0	3.81967E-9
3.34234E-1	1.99265E+0	8.17696E-6	1.00004E+0	2.90353E-9
3.34889E-1	1.99346E+0	1.21089E-5	9.99973E-1	1.87757E-9
3.35544E-1	1.99319E+0	-3.35663E-6	9.99980E-1	3.23965E-9
3.36200E-1	1.99265E+0	8.96334E-6	1.00006E+0	3.00669E-9
3.36855E-1	1.99292E+0	1.17157E-5	9.99961E-1	2.98910E-9
3.37510E-1	1.99319E+0	2.14804E-6	9.99992E-1	7.81720E-10
3.38166E-1	1.99292E+0	9.09440E-6	9.99967E-1	3.77545E-9
3.38821E-1	1.99211E+0	1.15846E-5	1.00005E+0	3.05614E-9
3.39476E-1	1.99104E+0	1.65650E-5	9.64319E-1	2.23835E-7
3.40132E-1	-4.44780E-3	1.40748E-5	9.99367E-1	-2.04259E-7
3.40787E-1	-5.79628E-3	1.00118E-5	9.99663E-1	-1.26602E-7
3.41443E-1	-6.33567E-3	8.30802E-6	9.99722E-1	-8.48066E-8
3.42098E-1	-5.52658E-3	1.18467E-5	9.99627E-1	-2.10230E-8
3.42753E-1	-6.87507E-3	8.70121E-6	1.00006E+0	4.03693E-9
3.43409E-1	-6.60537E-3	1.25021E-5	9.99931E-1	5.69521E-9
3.44064E-1	-5.25689E-3	1.25021E-5	9.99948E-1	5.67952E-9
3.44719E-1	-6.06598E-3	8.30802E-6	1.00011E+0	4.97066E-9
3.45375E-1	-4.44780E-3	1.07982E-5	9.99916E-1	5.40425E-9
3.46030E-1	-6.60537E-3	8.96334E-6	1.00006E+0	3.83726E-9
3.46685E-1	-5.79628E-3	1.14535E-5	9.99969E-1	4.86655E-9
3.47341E-1	-6.06598E-3	5.75274E-7	1.00004E+0	5.16226E-9
3.47996E-1	-4.44780E-3	6.34207E-6	9.99919E-1	4.18194E-9
3.48652E-1	-5.25689E-3	5.75274E-7	9.99982E-1	5.25877E-9
3.49307E-1	-6.33567E-3	1.02740E-5	1.00002E+0	4.30507E-9
3.49962E-1	-4.71749E-3	2.22008E-5	1.00006E+0	4.44199E-9
3.50618E-1	-6.60537E-3	1.15846E-5	9.99982E-1	3.15027E-9
3.51273E-1	-5.25689E-3	1.82688E-5	1.00003E+0	3.78924E-9
3.51928E-1	-6.87507E-3	5.16250E-6	9.99946E-1	4.53755E-9
3.52584E-1	-6.60537E-3	1.21089E-5	1.00008E+0	4.15008E-9
3.53239E-1	-5.79628E-3	6.34207E-6	9.99912E-1	4.66259E-9
3.53894E-1	-6.60537E-3	7.52164E-6	1.00004E+0	2.66106E-9
3.54550E-1	-6.33567E-3	1.05361E-5	9.99923E-1	4.52614E-9
3.55205E-1	-4.17810E-3	1.19778E-5	1.00011E+0	3.87054E-9
3.55860E-1	-7.14476E-3	8.30802E-6	9.99950E-1	2.78230E-9
3.56516E-1	-5.25689E-3	1.15846E-5	1.00002E+0	4.95307E-9
3.57171E-1	-5.79628E-3	9.35653E-6	1.00004E+0	2.62113E-9
3.57827E-1	-7.14476E-3	9.74972E-6	1.00003E+0	3.94993E-9
3.58482E-1	-6.33567E-3	9.88078E-6	9.99874E-1	3.99510E-9
3.59137E-1	-6.60537E-3	1.51233E-5	1.00005E+0	2.58547E-9
3.59793E-1	-5.79628E-3	1.05361E-5	1.00002E+0	4.53090E-9
3.60448E-1	-4.44780E-3	9.61866E-6	9.99999E-1	2.17233E-9
3.61103E-1	-6.33567E-3	9.09440E-6	9.99997E-1	4.56798E-9
3.61759E-1	-6.60537E-3	8.57015E-6	1.00004E+0	3.03332E-9
3.62414E-1	-6.06598E-3	7.12845E-6	9.99942E-1	3.62284E-9
3.63069E-1	-5.25689E-3	1.30263E-5	1.00004E+0	3.77070E-9
3.63725E-1	-6.33567E-3	1.14535E-5	9.99973E-1	3.65042E-9
3.64380E-1	-6.87507E-3	6.99739E-6	1.00008E+0	2.66819E-9
3.65036E-1	-4.44780E-3	1.04050E-5	9.99948E-1	3.07278E-9
3.65691E-1	-6.06598E-3	6.86632E-6	9.99967E-1	3.52110E-9
3.66346E-1	-5.52658E-3	1.68271E-5	9.99982E-1	4.41109E-9
3.67002E-1	-5.52658E-3	1.30263E-5	9.99948E-1	3.25391E-9
3.67657E-1	-5.52658E-3	1.04050E-5	1.00004E+0	3.11557E-9
3.68312E-1	-5.52658E-3	7.12845E-6	1.00002E+0	2.41432E-9
3.68968E-1	-7.14476E-3	1.11914E-5	9.99999E-1	3.62046E-9
3.69623E-1	-5.52658E-3	9.09440E-6	1.00008E+0	3.43362E-9
3.70278E-1	-4.44780E-3	1.55165E-5	9.99906E-1	3.26390E-9
3.70934E-1	-4.71749E-3	1.31574E-5	1.00003E+0	3.18545E-9
3.71589E-1	-6.06598E-3	8.70121E-6	9.99978E-1	4.19050E-9
3.72244E-1	-6.06598E-3	8.57015E-6	1.00006E+0	2.82699E-9
3.72900E-1	-6.60537E-3	7.65270E-6	9.99883E-1	2.67628E-9
3.73555E-1	-6.87507E-3	1.48612E-5	1.00009E+0	4.12489E-9
3.74211E-1	-6.06598E-3	5.03143E-6	9.99942E-1	1.97836E-9
3.74866E-1	-4.98719E-3	2.01697E-6	1.00011E+0	3.60858E-9
3.75521E-1	-5.52658E-3	9.22547E-6	9.99942E-1	2.71621E-9
3.76177E-1	-6.06598E-3	1.07982E-5	9.99978E-1	4.44912E-9
3.76832E-1	-6.87507E-3	1.23710E-5	9.99980E-1	2.40529E-9
3.77487E-1	-5.25689E-3	1.32884E-5	9.99988E-1	3.04330E-9
3.78143E-1	-4.98719E-3	1.19778E-5	1.00001E+0	2.94441E-9
3.78798E-1	-6.06598E-3	1.00118E-5	1.00009E+0	3.14457E-9
3.79453E-1	-6.60537E-3	5.29356E-6	9.99845E-1	3.56246E-9
3.80109E-1	-5.79628E-3	3.58973E-6	1.00010E+0	3.01002E-9
3.80764E-1	-5.25689E-3	7.78377E-6	9.99963E-1	2.32637E-9
3.81420E-1	-5.52658E-3	1.23710E-5	9.99999E-1	4.61837E-9
3.82075E-1	-4.98719E-3	9.61866E-6	9.99969E-1	2.32589E-9
3.82730E-1	-5.79628E-3	1.09293E-5	1.00005E+0	2.32874E-9
3.83386E-1	-6.33567E-3	1.10604E-5	1.00003E+0	3.15978E-9
3.84041E-1	-5.52658E-3	9.22547E-6	9.99904E-1	4.48573E-9
3.84696E-1	-4.71749E-3	6.21101E-6	9.99999E-1	2.53698E-9
3.85352E-1	-6.60537E-3	9.88078E-6	1.00011E+0	3.44979E-9
3.86007E-1	-6.87507E-3	9.09440E-6	9.99891E-1	2.92207E-9
3.86662E-1	-3.90841E-3	9.22547E-6	1.00005E+0	2.59783E-9
3.87318E-1	-3.90841E-3	5.29356E-6	1.00002E+0	3.76927E-9
3.87973E-1	-5.25689E-3	4.24505E-6	1.00010E+0	2.31400E-9
3.88628E-1	-7.14476E-3	2.56084E-5	9.99971E-1	3.53536E-9
3.89284E-1	-4.98719E-3	1.47301E-5	9.99906E-1	3.29005E-9
3.89939E-1	-4.98719E-3	8.70121E-6	1.00003E+0	1.45444E-9
3.90595E-1	-5.79628E-3	7.78377E-6	9.99978E-1	4.62598E-9
3.91250E-1	-4.98719E-3	8.83228E-6	9.99952E-1	2.23128E-9
3.91905E-1	-4.44780E-3	2.11522E-5	1.00004E+0	3.46738E-9
3.92561E-1	-4.44780E-3	1.15846E-5	1.00006E+0	2.22130E-9
3.93216E-1	-6.06598E-3	1.25021E-5	9.99954E-1	4.12441E-9
3.93871E-1	-6.33567E-3	1.11914E-5	1.00003E+0	2.00926E-9
3.94527E-1	-6.87507E-3	7.65270E-6	9.99973E-1	4.11490E-9
3.95182E-1	-5.79628E-3	1.19778E-5	9.99997E-1	3.06850E-9
3.95837E-1	-6.33567E-3	1.40748E-5	1.00000E+0	2.82556E-9
3.96493E-1	-5.25689E-3	9.61866E-6	9.99969E-1	3.15598E-9
3.97148E-1	-5.52658E-3	1.75485E-6	1.00007E+0	2.02352E-9
3.97804E-1	-6.33567E-3	5.55569E-6	1.00001E+0	2.87690E-9
3.98459E-1	-4.98719E-3	6.99739E-6	9.99946E-1	3.59764E-9
3.99114E-1	-4.17810E-3	8.57015E-6	9.99984E-1	3.35470E-9
3.99770E-1	1.99400E+0	1.31574E-5	1.05314E+0	-3.27047E-7
4.00425E-1	1.99562E+0	9.22547E-6	9.99906E-1	-3.11134E-8
4.01080E-1	1.99373E+0	4.50718E-6	9.99988E-1	-2.05177E-8
4.01736E-1	1.99400E+0	6.21101E-6	9.99906E-1	-1.45972E-8
4.02391E-1	1.99508E+0	9.48759E-6	1.00002E+0	-1.10810E-8
4.03046E-1	1.99238E+0	1.11914E-5	9.99997E-1	-1.05832E-8
4.03702E-1	1.99346E+0	1.44680E-5	9.99957E-1	-7.88617E-9
4.04357E-1	1.99238E+0	8.43908E-6	1.00005E+0	-6.97574E-9
4.05012E-1	1.99238E+0	1.00118E-5	1.00000E+0	-6.85688E-9
4.05668E-1	1.99373E+0	9.09440E-6	9.99940E-1	-5.51049E-9
4.06323E-1	1.99157E+0	9.09440E-6	1.00007E+0	-3.94493E-9
4.06979E-1	1.99346E+0	1.49923E-5	9.99925E-1	-4.44697E-9
4.07634E-1	1.99400E+0	1.83999E-5	1.00005E+0	-3.04210E-9
4.08289E-1	1.99427E+0	9.22547E-6	9.99940E-1	-3.47093E-9
4.08945E-1	1.99373E+0	1.49272E-6	1.00009E+0	-4.42795E-9
4.09600E-1	1.99373E+0	1.65650E-5	9.99878E-1	-2.46541E-9
4.10255E-1	1.99184E+0	4.90037E-6	1.00011E+0	-1.80838E-9
4.10911E-1	1.99238E+0	1.05361E-5	9.99986E-1	-2.41074E-9
4.11566E-1	1.99373E+0	1.57786E-5	9.99982E-1	-2.31946E-9
4.12221E-1	1.99373E+0	8.96334E-6	9.99891E-1	-1.51552E-9
4.12877E-1	1.99292E+0	1.90552E-5	1.00011E+0	-6.19349E-10
4.13532E-1	1.99238E+0	7.52164E-6	9.99992E-1	-2.66366E-9
4.14188E-1	1.99346E+0	6.47313E-6	1.00003E+0	-5.56593E-10
4.14843E-1	1.99319E+0	9.88078E-6	9.99954E-1	-1.89681E-9
4.15498E-1	1.99346E+0	7.91483E-6	9.99967E-1	-1.97649E-10
4.16154E-1	1.99346E+0	7.78377E-6	1.00004E+0	-8.03337E-10
4.16809E-1	1.99319E+0	9.74972E-6	9.99976E-1	-1.72851E-9
4.17464E-1	1.99373E+0	1.02740E-5	9.99965E-1	1.52737E-10
4.18120E-1	1.99211E+0	-9.25449E-6	1.00010E+0	-9.30750E-10
4.18775E-1	1.99292E+0	9.88078E-6	9.99889E-1	-6.05086E-10
4.19430E-1	1.99211E+0	1.32884E-5	1.00009E+0	-8.86536E-10
4.20086E-1	1.99373E+0	1.39438E-5	1.00001E+0	-9.43111E-10
4.20741E-1	1.99292E+0	1.77446E-5	9.99982E-1	1.98377E-10
4.21396E-1	1.99319E+0	8.57015E-6	9.99952E-1	-7.99058E-10
4.22052E-1	1.99319E+0	-1.39068E-6	1.00002E+0	3.70004E-10
4.22707E-1	1.99238E+0	9.74972E-6	1.00005E+0	-1.07956E-9
4.23363E-1	1.99319E+0	1.11914E-5	9.99999E-1	-3.03668E-10
4.24018E-1	1.99265E+0	8.30802E-6	9.99950E-1	-4.27754E-10
4.24673E-1	1.99346E+0	1.45991E-5	9.99997E-1	5.65878E-10
4.25329E-1	1.99319E+0	7.39058E-6	9.99988E-1	8.08343E-10
4.25984E-1	1.99373E+0	2.23318E-5	1.00008E+0	-1.09905E-9
4.26639E-1	1.99157E+0	1.09293E-5	9.99944E-1	-5.36625E-10
4.27295E-1	1.99265E+0	9.09440E-6	1.00006E+0	5.25943E-10
4.27950E-1	1.99319E+0	9.74972E-6	9.99982E-1	5.79666E-10
4.28605E-1	1.99157E+0	1.00118E-5	1.00001E+0	-7.54844E-10
4.29261E-1	1.99211E+0	8.70121E-6	9.99895E-1	5.74911E-10
4.29916E-1	1.99184E+0	1.10604E-5	1.00005E+0	-2.60405E-10
4.30572E-1	1.99427E+0	9.35653E-6	9.99995E-1	6.36716E-10
4.31227E-1	1.99265E+0	1.09953E-6	1.00012E+0	-2.44716E-10
4.31882E-1	1.99319E+0	1.05361E-5	9.99902E-1	-2.83992E-11
4.32538E-1	1.99292E+0	5.42462E-6	1.00009E+0	5.03123E-10
4.33193E-1	1.99454E+0	1.14535E-5	9.99942E-1	-2.86078E-10
4.33848E-1	1.99184E+0	1.00118E-5	9.99978E-1	1.30088E-9
4.34504E-1	1.99265E+0	8.43908E-6	9.99923E-1	5.33074E-10
4.35159E-1	1.99265E+0	4.90037E-6	1.00006E+0	-5.95578E-10
4.35814E-1	1.99319E+0	1.91863E-5	1.00004E+0	-1.03991E-10
4.36470E-1	1.99211E+0	1.06672E-5	1.00005E+0	9.19592E-10
4.37125E-1	1.99346E+0	9.09440E-6	9.99965E-1	8.93444E-10
4.37780E-1	1.99427E+0	1.36166E-6	9.99971E-1	-2.31695E-11
4.38436E-1	1.99292E+0	1.14535E-5	9.99971E-1	1.25191E-9
4.39091E-1	1.99292E+0	1.13225E-5	1.00006E+0	-6.79727E-10
4.39747E-1	-7.68415E-3	1.09293E-5	9.47087E-1	3.29177E-7
4.40402E-1	-6.87507E-3	1.19778E-5	1.00016E+0	3.54309E-8
4.41057E-1	-6.60537E-3	5.42462E-6	9.99927E-1	2.44501E-8
4.41713E-1	-5.79628E-3	1.13225E-5	1.00000E+0	1.81384E-8
4.42368E-1	-6.33567E-3	6.60420E-6	1.00005E+0	1.52203E-8
4.43023E-1	-7.14476E-3	6.99739E-6	1.00004E+0	1.28978E-8
4.43679E-1	-6.33567E-3	1.02740E-5	1.00005E+0	1.10133E-8
4.44334E-1	-6.60537E-3	1.04050E-5	9.99942E-1	9.74295E-9
4.44989E-1	-4.98719E-3	-5.06046E-6	1.00006E+0	1.05379E-8
4.45645E-1	-5.79628E-3	1.77446E-5	9.99963E-1	7.60165E-9
4.46300E-1	-5.79628E-3	1.21089E-5	1.00006E+0	9.35405E-9
4.46956E-1	-6.33567E-3	1.36816E-5	1.00000E+0	7.85410E-9
4.47611E-1	-4.71749E-3	1.17157E-5	9.99916E-1	6.90420E-9
4.48266E-1	-5.79628E-3	1.28952E-5	1.00005E+0	6.22815E-9
4.48922E-1	-4.71749E-3	8.57015E-6	9.99950E-1	7.33874E-9
4.49577E-1	-5.25689E-3	8.96334E-6	1.00001E+0	5.02106E-9
4.50232E-1	-6.06598E-3	4.37612E-6	1.00003E+0	5.73276E-9
4.50888E-1	-5.79628E-3	1.32884E-5	1.00004E+0	5.53166E-9
4.51543E-1	-5.25689E-3	1.27642E-5	1.00002E+0	5.96192E-9
4.52198E-1	-5.25689E-3	6.86632E-6	9.99897E-1	5.13896E-9
4.52854E-1	-5.79628E-3	9.09440E-6	1.00004E+0	4.78810E-9
4.53509E-1	-6.33567E-3	-3.09450E-6	9.99978E-1	5.93292E-9
4.54164E-1	-5.52658E-3	6.34207E-6	1.00000E+0	5.01773E-9
4.54820E-1	-5.25689E-3	1.34195E-5	9.99999E-1	4.82471E-9
4.55475E-1	-6.33567E-3	9.48759E-6	1.00000E+0	4.47622E-9
4.56131E-1	-7.41446E-3	1.52544E-5	1.00003E+0	3.48402E-9
4.56786E-1	-5.79628E-3	2.54123E-6	1.00006E+0	4.83184E-9
4.57441E-1	-6.33567E-3	9.88078E-6	9.99927E-1	5.17604E-9
4.58097E-1	-4.71749E-3	1.00118E-5	9.99935E-1	3.83013E-9
4.58752E-1	-5.52658E-3	5.42462E-6	1.00009E+0	4.35119E-9
4.59407E-1	-5.79628E-3	1.14535E-5	9.99973E-1	3.42174E-9
4.60063E-1	-5.52658E-3	7.39058E-6	9.99992E-1	3.71793E-9
4.60718E-1	-5.52658E-3	1.19778E-5	1.00009E+0	4.52900E-9
4.61373E-1	-6.33567E-3	1.07982E-5	9.99862E-1	3.55343E-9
4.62029E-1	-6.33567E-3	1.10604E-5	1.00011E+0	4.01697E-9
4.62684E-1	-6.06598E-3	8.83228E-6	9.99927E-1	4.20428E-9
4.63340E-1	-5.52658E-3	8.70121E-6	1.00002E+0	3.66991E-9
4.63995E-1	-6.33567E-3	5.81781E-6	9.99999E-1	4.26323E-9
4.64650E-1	-5.79628E-3	1.17157E-5	1.00003E+0	3.99224E-9
4.65306E-1	-5.25689E-3	1.02740E-5	9.99931E-1	2.77041E-9
4.65961E-1	-4.17810E-3	1.15846E-5	1.00001E+0	3.41318E-9
4.66616E-1	-5.52658E-3	9.88078E-6	1.00002E+0	3.61238E-9
4.67272E-1	-5.52658E-3	1.30263E-5	1.00002E+0	4.26989E-9
4.67927E-1	-6.33567E-3	8.17696E-6	9.99957E-1	2.93205E-9
4.68582E-1	-6.06598E-3	1.21089E-5	1.00014E+0	3.62664E-9
4.69238E-1	-5.52658E-3	1.11914E-5	9.99864E-1	3.01335E-9
4.69893E-1	-5.52658E-3	-9.97488E-7	1.00006E+0	4.55277E-9
4.70548E-1	-4.44780E-3	1.09293E-5	9.99952E-1	3.37324E-9
4.71204E-1	-7.68415E-3	7.52164E-6	1.00003E+0	3.33093E-9
4.71859E-1	-6.33567E-3	9.35653E-6	9.99961E-1	2.59165E-9
4.72515E-1	-4.71749E-3	8.30802E-6	1.00007E+0	3.40129E-9
4.73170E-1	-4.17810E-3	7.78377E-6	9.99973E-1	4.65546E-9
4.73825E-1	-6.60537E-3	1.05361E-5	1.00002E+0	1.99642E-9
4.74481E-1	-6.87507E-3	8.70121E-6	9.99982E-1	3.94708E-9
4.75136E-1	-5.79628E-3	8.57015E-6	9.99914E-1	3.57245E-9
4.75791E-1	-6.60537E-3	7.12845E-6	1.00002E+0	3.30193E-9
4.76447E-1	-6.33567E-3	1.10604E-5	1.00008E+0	3.55866E-9
4.77102E-1	-5.79628E-3	1.22399E-5	9.99973E-1	2.95297E-9
4.77757E-1	-6.06598E-3	2.19386E-5	9.99986E-1	3.50874E-9
4.78413E-1	-4.71749E-3	2.27910E-6	9.99961E-1	2.82413E-9
4.79068E-1	-6.60537E-3	-1.65281E-6	1.00014E+0	3.35470E-9
4.79724E-1	-5.79628E-3	1.23710E-5	9.99889E-1	3.89145E-9
4.80379E-1	-5.79628E-3	-6.04297E-7	1.00003E+0	3.02571E-9
4.81034E-1	-5.25689E-3	1.00118E-5	9.99990E-1	3.53584E-9
4.81690E-1	-6.06598E-3	6.99739E-6	1.00003E+0	3.04140E-9
4.82345E-1	-6.33567E-3	4.50718E-6	9.99982E-1	2.23366E-9
4.83000E-1	-4.98719E-3	1.00118E-5	9.99944E-1	3.64233E-9
4.83656E-1	-5.25689E-3	1.76135E-5	1.00003E+0	3.15788E-9
4.84311E-1	-7.95385E-3	9.61866E-6	1.00005E+0	2.41384E-9
4.84966E-1	-6.60537E-3	1.21089E-5	9.99999E-1	3.30669E-9
4.85622E-1	-5.79628E-3	1.13225E-5	1.00005E+0	4.11918E-9
4.86277E-1	-5.52658E-3	9.88078E-6	9.99944E-1	2.04777E-9
4.86932E-1	-6.87507E-3	1.06672E-5	9.99963E-1	4.11395E-9
4.87588E-1	-4.98719E-3	1.42059E-5	1.00004E+0	2.28358E-9
4.88243E-1	-6.87507E-3	1.19778E-5	9.99982E-1	4.34738E-9
4.88899E-1	-4.44780E-3	7.25951E-6	9.99940E-1	2.17471E-9
4.89554E-1	-5.79628E-3	8.30802E-6	1.00001E+0	2.54411E-9
4.90209E-1	-4.17810E-3	7.78377E-6	9.99986E-1	3.77117E-9
4.90865E-1	-5.52658E-3	1.49923E-5	1.00008E+0	3.42126E-9
4.91520E-1	-3.90841E-3	6.07994E-6	9.99959E-1	3.37467E-9
4.92175E-1	-5.25689E-3	9.09440E-6	1.00007E+0	2.35394E-9
4.92831E-1	-5.25689E-3	5.29356E-6	9.99919E-1	2.73713E-9
4.93486E-1	-7.68415E-3	9.22547E-6	1.00007E+0	4.06831E-9
4.94141E-1	-5.25689E-3	1.25021E-5	9.99923E-1	2.91161E-9
4.94797E-1	-5.52658E-3	5.03143E-6	1.00007E+0	2.52985E-9
4.95452E-1	-6.33567E-3	6.99739E-6	9.99878E-1	3.64376E-9
4.96108E-1	-7.14476E-3	7.91483E-6	1.00007E+0	2.61970E-9
4.96763E-1	-5.25689E-3	7.12845E-6	1.00005E+0	3.50256E-9
4.97418E-1	-4.71749E-3	1.01429E-5	9.99923E-1	2.84790E-9
4.98074E-1	-3.90841E-3	1.01429E-5	1.00001E+0	2.07724E-9
4.98729E-1	-4.98719E-3	9.48759E-6	1.00006E+0	2.72762E-9
4.99384E-1	-4.71749E-3	6.60420E-6	1.05726E+0	-2.67863E-7
5.00040E-1	1.99400E+0	8.70121E-6	9.95374E-1	-7.35201E-8
5.00695E-1	1.99292E+0	1.43369E-5	9.99802E-1	-2.44237E-8
5.01350E-1	1.99265E+0	9.35653E-6	1.00006E+0	-1.65322E-8
5.02006E-1	1.99184E+0	1.34195E-5	1.00004E+0	-1.33336E-8
5.02661E-1	1.99373E+0	9.61866E-6	9.99969E-1	-1.03213E-8
5.03316E-1	1.99562E+0	3.32761E-6	9.99916E-1	-8.99058E-9
5.03972E-1	1.99157E+0	1.04050E-5	1.00005E+0	-7.89853E-9
5.04627E-1	1.99211E+0	1.19778E-5	9.99986E-1	-6.40333E-9
5.05283E-1	1.99589E+0	1.10604E-5	9.99999E-1	-6.93961E-9
5.05938E-1	1.99427E+0	2.93442E-6	9.99950E-1	-4.31243E-9
5.06593E-1	1.99373E+0	1.21089E-5	1.00001E+0	-4.05475E-9
5.07249E-1	1.99184E+0	9.09440E-6	9.99933E-1	-4.27392E-9
5.07904E-1	1.99265E+0	9.22547E-6	1.00014E+0	-3.29597E-9
5.08559E-1	1.99211E+0	8.30802E-6	9.99881E-1	-3.51182E-9
5.09215E-1	1.99238E+0	9.88078E-6	1.00003E+0	-2.10124E-9
5.09870E-1	1.99292E+0	1.17157E-5	1.00003E+0	-2.74163E-9
5.10525E-1	1.99346E+0	-1.52174E-6	1.00004E+0	-2.83196E-9
5.11181E-1	1.99373E+0	1.17157E-5	9.99938E-1	-1.82787E-9
5.11836E-1	1.99427E+0	8.43908E-6	9.99986E-1	-1.29112E-9
5.12492E-1	1.99427E+0	1.87931E-5	1.00006E+0	-1.70379E-9
5.13147E-1	1.99238E+0	1.19778E-5	9.99961E-1	-1.64388E-9
5.13802E-1	1.99211E+0	9.09440E-6	1.00004E+0	-1.44563E-9
5.14458E-1	1.99157E+0	1.30263E-5	9.99965E-1	-2.16732E-9
5.15113E-1	1.99346E+0	3.98293E-6	9.99944E-1	-4.49623E-10
5.15768E-1	1.99292E+0	2.29871E-5	1.00012E+0	-1.19936E-9
5.16424E-1	1.99292E+0	1.05361E-5	9.99933E-1	-1.48081E-9
5.17079E-1	1.99292E+0	1.18467E-5	1.00002E+0	-1.13500E-10
5.17734E-1	1.99292E+0	8.30802E-6	9.99997E-1	-3.83539E-10
5.18390E-1	1.99319E+0	1.14535E-5	9.99992E-1	-8.72273E-10
5.19045E-1	1.99346E+0	8.83228E-6	9.99988E-1	-1.58826E-9
5.19700E-1	1.99319E+0	1.38127E-5	9.99997E-1	-5.55167E-10
5.20356E-1	1.99346E+0	1.00118E-5	9.99904E-1	4.78876E-10
5.21011E-1	1.99265E+0	7.39058E-6	1.00015E+0	-2.02879E-10
5.21667E-1	1.99238E+0	1.05361E-5	9.99902E-1	-8.81782E-10
5.22322E-1	1.99265E+0	9.88078E-6	1.00011E+0	-2.63733E-10
5.22977E-1	1.99157E+0	8.96334E-6	9.99952E-1	-6.16972E-10
5.23633E-1	1.99292E+0	9.74972E-6	9.99948E-1	5.23566E-10
5.24288E-1	1.99211E+0	8.70121E-6	1.00002E+0	-4.02081E-10
5.24943E-1	1.99346E+0	1.09293E-5	1.00002E+0	-1.42976E-10
5.25599E-1	1.99077E+0	1.36816E-5	9.99978E-1	6.02486E-10
5.26254E-1	1.99346E+0	2.54123E-6	1.00009E+0	-7.93353E-10
5.26909E-1	1.99346E+0	1.35506E-5	9.99931E-1	2.12164E-10
5.27565E-1	1.99346E+0	7.52164E-6	1.00000E+0	4.89335E-10
5.28220E-1	1.99211E+0	8.30802E-6	9.99990E-1	1.37048E-10
5.28876E-1	1.99292E+0	6.73526E-6	1.00000E+0	-2.10961E-10
5.29531E-1	1.99238E+0	2.04969E-5	9.99916E-1	-5.20461E-10
5.30186E-1	1.99346E+0	4.24505E-6	1.00010E+0	1.10609E-11
5.30842E-1	1.99157E+0	1.11914E-5	9.99906E-1	3.31020E-10
5.31497E-1	1.99265E+0	6.60420E-6	1.00010E+0	9.01051E-10
5.32152E-1	1.99104E+0	1.59097E-5	1.00003E+0	1.13277E-10
5.32808E-1	1.99265E+0	1.19778E-5	9.99929E-1	-9.21242E-10
5.33463E-1	1.99319E+0	9.35653E-6	9.99971E-1	7.47965E-10
5.34118E-1	1.99130E+0	8.04589E-6	1.00002E+0	9.36707E-10
5.34774E-1	1.99238E+0	8.43908E-6	9.99973E-1	-3.88585E-11
5.35429E-1	1.99238E+0	-2.30812E-6	1.00004E+0	8.84411E-10
5.36084E-1	1.99346E+0	1.05361E-5	9.99973E-1	-2.59930E-10
5.36740E-1	1.99346E+0	3.13147E-7	1.00009E+0	4.04235E-10
5.37395E-1	1.99373E+0	6.73526E-6	9.99944E-1	2.67789E-10
5.38051E-1	1.99104E+0	3.06548E-6	9.99984E-1	9.43363E-10
5.38706E-1	1.99346E+0	7.52164E-6	9.99976E-1	-5.17133E-10
5.39361E-1	1.99346E+0	1.66961E-5	9.42047E-1	2.57347E-7
5.40017E-1	-6.06598E-3	2.53463E-5	1.00512E+0	9.16192E-8
5.40672E-1	-6.87507E-3	3.85186E-6	1.00014E+0	2.74895E-8
5.41327E-1	-6.33567E-3	4.37612E-6	1.00001E+0	2.08412E-8
5.41983E-1	-6.87507E-3	1.18467E-5	1.00003E+0	1.72247E-8
5.42638E-1	-6.60537E-3	5.03143E-6	1.00002E+0	1.37493E-8
5.43293E-1	-5.79628E-3	2.52152E-5	9.99938E-1	1.25313E-8
5.43949E-1	-6.33567E-3	1.15846E-5	1.00007E+0	1.09120E-8
5.44604E-1	-6.60537E-3	7.25951E-6	1.00003E+0	9.47006E-9
5.45260E-1	-6.33567E-3	6.86632E-6	1.00001E+0	9.30128E-9
5.45915E-1	-6.33567E-3	1.36816E-5	9.99995E-1	7.98341E-9
5.46570E-1	-5.25689E-3	7.78377E-6	9.99935E-1	7.98721E-9
5.47226E-1	-5.25689E-3	1.07982E-5	1.00006E+0	6.97076E-9
5.47881E-1	-4.98719E-3	3.85186E-6	9.99973E-1	8.96231E-9
5.48536E-1	-5.79628E-3	4.37612E-6	1.00004E+0	5.71660E-9
5.49192E-1	-5.79628E-3	7.39058E-6	1.00001E+0	6.10169E-9
5.49847E-1	-6.33567E-3	4.63824E-6	9.99978E-1	6.47157E-9
5.50502E-1	-4.98719E-3	1.38127E-5	1.00000E+0	6.08363E-9
5.51158E-1	-7.14476E-3	5.94888E-6	9.99999E-1	4.51901E-9
5.51813E-1	-6.33567E-3	6.34207E-6	1.00003E+0	6.61372E-9
5.52468E-1	-6.06598E-3	1.31574E-5	9.99980E-1	5.05671E-9
5.53124E-1	-7.68415E-3	1.01429E-5	1.00006E+0	4.49524E-9
5.53779E-1	-6.33567E-3	9.35653E-6	9.99840E-1	4.82804E-9
5.54435E-1	-7.14476E-3	1.14535E-5	1.00009E+0	5.68665E-9
5.55090E-1	-5.79628E-3	5.55569E-6	9.99927E-1	4.38066E-9
5.55745E-1	-6.06598E-3	3.85186E-6	1.00009E+0	4.93643E-9
5.56401E-1	-6.60537E-3	1.07982E-5	9.99976E-1	2.91541E-9
5.57056E-1	-6.06598E-3	9.35653E-6	1.00009E+0	4.86607E-9
5.57711E-1	-4.17810E-3	9.61866E-6	9.99944E-1	4.65736E-9
5.58367E-1	-6.60537E-3	4.90037E-6	9.99992E-1	4.14866E-9
5.59022E-1	-4.98719E-3	1.10604E-5	9.99952E-1	4.38352E-9
5.59677E-1	-7.14476E-3	2.50842E-5	1.00009E+0	3.70176E-9
5.60333E-1	-5.25689E-3	8.30802E-6	9.99889E-1	3.60097E-9
5.60988E-1	-5.52658E-3	6.07994E-6	1.00007E+0	3.74550E-9
5.61644E-1	-4.71749E-3	1.25021E-5	1.00002E+0	3.66991E-9
5.62299E-1	-6.60537E-3	1.10604E-5	1.00000E+0	4.70062E-9
5.62954E-1	-5.79628E-3	9.48759E-6	9.99912E-1	3.53108E-9
5.63610E-1	-6.60537E-3	6.47313E-6	1.00004E+0	3.99747E-9
5.64265E-1	-6.60537E-3	6.73526E-6	1.00005E+0	3.22301E-9
5.64920E-1	-6.87507E-3	2.25939E-5	1.00002E+0	4.40919E-9
5.65576E-1	-5.79628E-3	1.27642E-5	9.99976E-1	2.65108E-9
5.66231E-1	-4.98719E-3	1.00118E-5	9.99982E-1	4.97066E-9
5.66886E-1	-5.79628E-3	5.81781E-6	9.99986E-1	2.64680E-9
5.67542E-1	-6.33567E-3	1.06672E-5	1.00009E+0	4.01602E-9
5.68197E-1	-6.06598E-3	1.07982E-5	9.99895E-1	4.43629E-9
5.68852E-1	-4.98719E-3	1.47301E-5	1.00003E+0	2.38389E-9
5.69508E-1	-5.79628E-3	1.06672E-5	1.00001E+0	3.47784E-9
5.70163E-1	-5.25689E-3	8.17696E-6	1.00001E+0	2.84172E-9
5.70819E-1	-5.79628E-3	1.02740E-5	9.99980E-1	5.31392E-9
5.71474E-1	-5.79628E-3	4.24505E-6	1.00003E+0	1.98216E-9
5.72129E-1	-5.79628E-3	1.49923E-5	9.99946E-1	4.90601E-9
5.72785E-1	-5.79628E-3	1.27642E-5	1.00012E+0	2.16425E-9
5.73440E-1	-7.14476E-3	7.52164E-6	9.99944E-1	3.43172E-9
5.74095E-1	-6.60537E-3	1.10604E-5	9.99973E-1	3.19591E-9
5.74751E-1	-6.06598E-3	9.88078E-6	1.00000E+0	4.11253E-9
5.75406E-1	-8.22355E-3	2.31182E-5	1.00002E+0	2.32732E-9
5.76061E-1	-5.79628E-3	1.26331E-5	9.99954E-1	4.68588E-9
5.76717E-1	-5.79628E-3	9.61866E-6	1.00004E+0	2.18374E-9
5.77372E-1	-5.79628E-3	8.96334E-6	9.99908E-1	3.79352E-9
5.78028E-1	-5.79628E-3	8.57015E-6	1.00013E+0	3.21160E-9
5.78683E-1	-5.52658E-3	1.13225E-5	9.99836E-1	3.14076E-9
5.79338E-1	-6.33567E-3	1.13225E-5	1.00016E+0	4.05215E-9
5.79994E-1	-6.06598E-3	1.13225E-5	9.99982E-1	2.07772E-9
5.80649E-1	-6.33567E-3	8.96334E-6	9.99944E-1	3.62902E-9
5.81304E-1	-5.25689E-3	1.06672E-5	1.00003E+0	3.75168E-9
5.81960E-1	-5.52658E-3	9.35653E-6	1.00001E+0	2.58880E-9
5.82615E-1	-6.33567E-3	8.43908E-6	9.99944E-1	3.28719E-9
5.83270E-1	-5.79628E-3	9.48759E-6	1.00000E+0	3.89478E-9
5.83926E-1	-5.79628E-3	1.70893E-5	1.00003E+0	3.30954E-9
5.84581E-1	-7.68415E-3	1.39438E-5	9.99976E-1	2.95155E-9
5.85236E-1	-5.25689E-3	7.25951E-6	9.99963E-1	2.68959E-9
5.85892E-1	-3.63871E-3	1.11914E-5	1.00012E+0	3.27436E-9
5.86547E-1	-7.14476E-3	8.96334E-6	1.00002E+0	3.45407E-9
5.87203E-1	-4.98719E-3	7.25951E-6	9.99965E-1	2.96723E-9
5.87858E-1	-6.87507E-3	6.60420E-6	9.99916E-1	3.82062E-9
5.88513E-1	-6.06598E-3	1.31574E-5	1.00008E+0	2.12621E-9
5.89169E-1	-7.14476E-3	8.30802E-6	9.99906E-1	3.50161E-9
5.89824E-1	-5.79628E-3	1.09293E-5	1.00005E+0	2.52604E-9
5.90479E-1	-6.06598E-3	1.00118E-5	9.99971E-1	3.74930E-9
5.91135E-1	-5.79628E-3	7.91483E-6	1.00004E+0	2.56360E-9
5.91790E-1	-5.25689E-3	1.34195E-5	1.00002E+0	3.70366E-9
5.92445E-1	-6.06598E-3	1.26331E-5	9.99984E-1	2.95392E-9
5.93101E-1	-6.33567E-3	1.90552E-5	9.99940E-1	3.53631E-9
5.93756E-1	-5.52658E-3	1.10604E-5	1.00011E+0	2.23651E-9
5.94412E-1	-4.98719E-3	6.21101E-6	9.99912E-1	2.87643E-9
5.95067E-1	-5.52658E-3	6.73526E-6	9.99973E-1	2.84505E-9
5.95722E-1	-5.52658E-3	8.57015E-6	1.00006E+0	4.08590E-9
5.96378E-1	-5.79628E-3	6.07994E-6	9.99929E-1	2.97246E-9
5.97033E-1	-4.98719E-3	1.23710E-5	1.00009E+0	2.81890E-9
5.97688E-1	-4.17810E-3	9.35653E-6	9.99984E-1	2.52176E-9
5.98344E-1	-5.79628E-3	8.70121E-6	1.00007E+0	3.71793E-9
5.98999E-1	-4.98719E-3	8.43908E-6	9.99957E-1	3.49590E-9
5.99654E-1	-7.14476E-3	8.43908E-6	1.05271E+0	-3.21599E-7
6.00310E-1	1.99400E+0	9.74972E-6	9.99720E-1	-3.50841E-8
6.00965E-1	1.99184E+0	7.91483E-6	9.99973E-1	-1.96743E-8
6.01620E-1	1.99319E+0	1.09293E-5	1.00004E+0	-1.60192E-8
6.02276E-1	1.99265E+0	1.86620E-5	9.99906E-1	-1.09474E-8
6.02931E-1	1.99373E+0	1.01429E-5	1.00003E+0	-1.03783E-8
6.03587E-1	1.99373E+0	1.10604E-5	1.00004E+0	-7.58048E-9
6.04242E-1	1.99238E+0	1.00118E-5	9.99954E-1	-8.28410E-9
6.04897E-1	1.99319E+0	1.39438E-5	1.00006E+0	-5.54329E-9
6.05553E-1	1.99373E+0	9.48759E-6	9.99963E-1	-5.90034E-9
6.06208E-1	1.99319E+0	7.91483E-6	9.99919E-1	-3.87979E-9
6.06863E-1	1.99292E+0	8.83228E-6	9.99992E-1	-4.73270E-9
6.07519E-1	1.99292E+0	7.91483E-6	1.00003E+0	-4.35284E-9
6.08174E-1	1.99427E+0	2.19386E-5	9.99988E-1	-1.91915E-9
6.08829E-1	1.99265E+0	1.06672E-5	1.00002E+0	-4.07804E-9
6.09485E-1	1.99292E+0	6.47313E-6	9.99967E-1	-2.52484E-9
6.10140E-1	1.99292E+0	1.02740E-5	9.99990E-1	-1.66290E-9
6.10796E-1	1.99427E+0	8.96334E-6	1.00000E+0	-2.33229E-9
6.11451E-1	1.99292E+0	9.35653E-6	1.00000E+0	-1.79602E-9
6.12106E-1	1.99184E+0	5.29356E-6	1.00005E+0	-3.01072E-9
6.12762E-1	1.99265E+0	7.78377E-6	9.99967E-1	-7.54844E-10
6.13417E-1	1.99292E+0	1.05361E-5	9.99952E-1	-1.90156E-9
6.14072E-1	1.99373E+0	1.21089E-5	1.00013E+0	-1.27496E-9
6.14728E-1	1.99319E+0	8.30802E-6	9.99836E-1	-5.41855E-10
6.15383E-1	1.99238E+0	1.10604E-5	1.00011E+0	-7.44860E-10
6.16038E-1	1.99292E+0	1.31574E-5	9.99906E-1	-1.93912E-9
6.16694E-1	1.99292E+0	1.49923E-5	1.00013E+0	-5.93676E-10
6.17349E-1	1.99319E+0	1.06672E-5	9.99973E-1	-1.70997E-9
6.18004E-1	1.99346E+0	1.06672E-5	1.00000E+0	4.16596E-10
6.18660E-1	1.99292E+0	1.04050E-5	9.99891E-1	-1.32773E-9
6.19315E-1	1.99238E+0	9.61866E-6	1.00008E+0	-5.28068E-10
6.19971E-1	1.99130E+0	6.86632E-6	9.99925E-1	-4.50389E-11
6.20626E-1	1.99292E+0	9.61866E-6	1.00010E+0	-3.86392E-10
6.21281E-1	1.99238E+0	1.75485E-6	9.99912E-1	-8.09993E-10
6.21937E-1	1.99562E+0	1.73514E-5	1.00009E+0	-1.28713E-10
6.22592E-1	1.99427E+0	1.35506E-5	9.99967E-1	-4.26327E-10
6.23247E-1	1.99238E+0	8.96334E-6	1.00007E+0	5.52091E-10
6.23903E-1	1.99319E+0	6.47313E-6	9.99940E-1	2.32132E-10
6.24558E-1	1.99454E+0	9.48759E-6	1.00005E+0	-6.93039E-10
6.25213E-1	1.99319E+0	5.03143E-6	9.99959E-1	4.92188E-10
6.25869E-1	1.99319E+0	1.13225E-5	9.99929E-1	-3.35046E-10
6.26524E-1	1.99319E+0	7.65270E-6	9.99978E-1	-4.80050E-10
6.27180E-1	1.99373E+0	6.73526E-6	1.00003E+0	2.97265E-10
6.27835E-1	1.99292E+0	8.96334E-6	9.99940E-1	-7.11581E-10
6.28490E-1	1.99184E+0	9.22547E-6	1.00010E+0	1.47536E-9
6.29146E-1	1.99292E+0	1.06672E-5	9.99971E-1	-2.62782E-10
6.29801E-1	1.99427E+0	8.43908E-6	1.00010E+0	-6.45972E-10
6.30456E-1	1.99238E+0	8.43908E-6	9.99900E-1	8.44476E-10
6.31112E-1	1.99238E+0	9.88078E-6	1.00006E+0	4.91712E-10
6.31767E-1	1.99346E+0	1.09293E-5	9.99897E-1	-6.78776E-10
6.32422E-1	1.99104E+0	2.27250E-5	1.00009E+0	1.18203E-9
6.33078E-1	1.99292E+0	1.04050E-5	9.99925E-1	2.42591E-10
6.33733E-1	1.99211E+0	1.17157E-5	1.00011E+0	-8.18075E-10
6.34388E-1	1.99292E+0	5.94888E-6	9.99965E-1	1.08789E-9
6.35044E-1	1.99400E+0	1.09293E-5	1.00000E+0	-2.38536E-10
6.35699E-1	1.99319E+0	5.68675E-6	9.99942E-1	1.19058E-9
6.36355E-1	1.99265E+0	1.07982E-5	1.00003E+0	-1.00663E-10
6.37010E-1	1.99292E+0	1.07982E-5	1.00000E+0	-5.33773E-10
6.37665E-1	1.99373E+0	1.56476E-5	1.00005E+0	1.13496E-9
6.38321E-1	1.99265E+0	9.35653E-6	9.99931E-1	9.14838E-10
6.38976E-1	1.99508E+0	9.48759E-6	1.00002E+0	5.05975E-10
6.39631E-1	1.99427E+0	8.57015E-6	9.46515E-1	3.23466E-7
6.40287E-1	-7.14476E-3	9.48759E-6	1.00033E+0	3.80714E-8
6.40942E-1	-5.25689E-3	1.94484E-5	9.99923E-1	2.39305E-8
6.41597E-1	-6.33567E-3	7.78377E-6	1.00005E+0	1.82387E-8
6.42253E-1	-6.33567E-3	7.91483E-6	9.99965E-1	1.57280E-8
6.42908E-1	-5.52658E-3	1.09293E-5	1.00011E+0	1.21923E-8
6.43564E-1	-5.79628E-3	7.25951E-6	9.99952E-1	1.26592E-8
6.44219E-1	-6.06598E-3	7.25951E-6	1.00000E+0	1.06092E-8
6.44874E-1	-6.60537E-3	1.89242E-5	1.00004E+0	8.83347E-9
6.45530E-1	-6.87507E-3	2.54123E-6	1.00002E+0	9.57512E-9
6.46185E-1	-5.25689E-3	7.91483E-6	9.99925E-1	7.18185E-9
6.46840E-1	-5.52658E-3	5.81781E-6	1.00005E+0	8.86627E-9
6.47496E-1	-5.52658E-3	2.06280E-5	9.99965E-1	6.04987E-9
6.48151E-1	-5.25689E-3	1.25021E-5	1.00008E+0	6.76348E-9
6.48806E-1	-5.52658E-3	1.82688E-5	9.99897E-1	7.41623E-9
6.49462E-1	-3.63871E-3	1.02740E-5	1.00007E+0	6.24432E-9
6.50117E-1	-5.25689E-3	8.30802E-6	9.99967E-1	6.29757E-9
6.50772E-1	-5.79628E-3	7.52164E-6	1.00009E+0	5.07240E-9
6.51428E-1	-5.79628E-3	8.17696E-6	9.99990E-1	5.73467E-9
6.52083E-1	-5.52658E-3	1.35506E-5	9.99997E-1	5.11044E-9
6.52739E-1	-7.14476E-3	1.10604E-5	9.99967E-1	5.44466E-9
6.53394E-1	-4.98719E-3	1.81378E-5	1.00001E+0	4.89364E-9
6.54049E-1	-5.52658E-3	3.98293E-6	9.99982E-1	4.99681E-9
6.54705E-1	-5.79628E-3	1.04050E-5	9.99997E-1	3.86768E-9
6.55360E-1	-4.71749E-3	6.99739E-6	9.99931E-1	5.43753E-9
6.56015E-1	-5.25689E-3	9.22547E-6	1.00007E+0	3.56674E-9
6.56671E-1	-6.60537E-3	5.94888E-6	9.99952E-1	4.93976E-9
6.57326E-1	-6.60537E-3	7.39058E-6	1.00001E+0	4.59888E-9
6.57981E-1	-7.41446E-3	1.28952E-5	9.99927E-1	3.50113E-9
6.58637E-1	-6.06598E-3	1.07982E-5	1.00008E+0	4.93976E-9
6.59292E-1	-6.60537E-3	9.48759E-6	1.00008E+0	4.17861E-9
6.59948E-1	-5.52658E-3	1.02740E-5	9.99997E-1	2.88118E-9
6.60603E-1	-5.79628E-3	1.04050E-5	9.99959E-1	4.80284E-9
6.61258E-1	-4.98719E-3	1.98416E-5	1.00002E+0	4.28368E-9
6.61914E-1	-5.25689E-3	1.04050E-5	9.99942E-1	4.06023E-9
6.62569E-1	-5.52658E-3	1.91863E-5	9.99969E-1	3.17785E-9
6.63224E-1	-5.52658E-3	9.88078E-6	1.00011E+0	4.33360E-9
6.63880E-1	-6.33567E-3	1.04050E-5	9.99999E-1	3.39369E-9
6.64535E-1	-7.14476E-3	1.00118E-5	9.99971E-1	3.39179E-9
6.65190E-1	-5.25689E-3	1.32884E-5	1.00005E+0	4.09541E-9
6.65846E-1	-4.98719E-3	1.10604E-5	9.99893E-1	3.54392E-9
6.66501E-1	-6.06598E-3	5.16250E-6	1.00002E+0	3.16216E-9
6.67156E-1	-4.98719E-3	1.26331E-5	9.99959E-1	4.21094E-9
6.67812E-1	-6.60537E-3	9.09440E-6	1.00002E+0	3.11794E-9
6.68467E-1	-3.90841E-3	-8.33704E-6	9.99984E-1	4.50950E-9
6.69123E-1	-5.52658E-3	1.56476E-5	1.00003E+0	2.44094E-9
6.69778E-1	-6.33567E-3	1.02740E-5	1.00002E+0	3.68797E-9
6.70433E-1	-5.79628E-3	6.34207E-6	1.00001E+0	4.43962E-9
6.71089E-1	-5.25689E-3	1.00118E-5	1.00001E+0	2.33064E-9
6.71744E-1	-5.25689E-3	9.48759E-6	1.00009E+0	3.95564E-9
6.72399E-1	-6.60537E-3	8.30802E-6	9.99923E-1	3.15312E-9
6.73055E-1	-5.52658E-3	9.88078E-6	9.99959E-1	3.08086E-9
6.73710E-1	-5.52658E-3	8.70121E-6	1.00007E+0	3.65232E-9
6.74365E-1	-4.98719E-3	1.69582E-5	9.99988E-1	4.05120E-9
6.75021E-1	-6.87507E-3	9.74972E-6	9.99995E-1	2.70718E-9
6.75676E-1	-4.44780E-3	5.55569E-6	9.99978E-1	3.83488E-9
6.76332E-1	-5.79628E-3	9.09440E-6	1.00004E+0	2.92635E-9
6.76987E-1	-5.52658E-3	1.06672E-5	9.99950E-1	2.74236E-9
6.77642E-1	-5.52658E-3	1.06672E-5	1.00006E+0	4.24802E-9
6.78298E-1	-5.79628E-3	9.48759E-6	9.99916E-1	3.29955E-9
6.78953E-1	-4.98719E-3	1.39438E-5	1.00010E+0	3.10748E-9
6.79608E-1	-4.71749E-3	8.96334E-6	9.99912E-1	2.81890E-9
6.80264E-1	-6.87507E-3	9.09440E-6	1.00004E+0	3.23014E-9
6.80919E-1	-4.98719E-3	6.34207E-6	9.99976E-1	3.04378E-9
6.81574E-1	-5.79628E-3	1.38127E-5	1.00005E+0	3.63045E-9
6.82230E-1	-6.87507E-3	1.23710E-5	9.99900E-1	3.63140E-9
6.82885E-1	-4.71749E-3	5.68675E-6	1.00004E+0	3.73884E-9
6.83540E-1	-6.60537E-3	7.78377E-6	1.00002E+0	2.76993E-9
6.84196E-1	-5.79628E-3	2.93442E-6	9.99942E-1	3.06375E-9
6.84851E-1	-2.55992E-3	8.43908E-6	1.00002E+0	2.42097E-9
6.85507E-1	-5.79628E-3	1.55165E-5	9.99988E-1	4.37448E-9
6.86162E-1	-4.17810E-3	6.86632E-6	9.99976E-1	3.14124E-9
6.86817E-1	-4.71749E-3	8.70121E-6	1.00006E+0	2.35299E-9
6.87473E-1	-5.52658E-3	1.40748E-5	9.99990E-1	3.20304E-9
6.88128E-1	-5.25689E-3	1.00118E-5	1.00007E+0	3.74550E-9
6.88783E-1	-5.25689E-3	1.68271E-5	9.99908E-1	3.16644E-9
6.89439E-1	-6.06598E-3	1.23059E-6	1.00005E+0	3.64233E-9
6.90094E-1	-6.06598E-3	1.63029E-5	9.99971E-1	2.02114E-9
6.90749E-1	-5.52658E-3	9.74972E-6	1.00000E+0	3.86245E-9
6.91405E-1	-5.52658E-3	7.91483E-6	9.99927E-1	2.43286E-9
6.92060E-1	-4.44780E-3	-1.25961E-6	1.00013E+0	3.41175E-9
6.92716E-1	-2.82962E-3	1.70893E-5	9.99885E-1	3.83013E-9
6.93371E-1	-5.52658E-3	9.74972E-6	1.00006E+0	2.21512E-9
6.94026E-1	-5.52658E-3	9.74972E-6	9.99971E-1	3.98369E-9
6.94682E-1	-5.52658E-3	1.00118E-5	1.00005E+0	2.26836E-9
6.95337E-1	-4.44780E-3	1.31574E-5	9.99963E-1	3.06375E-9
6.95992E-1	-5.52658E-3	1.26331E-5	9.99986E-1	3.15788E-9
6.96648E-1	-6.60537E-3	5.10203E-8	1.00003E+0	2.81510E-9
6.97303E-1	-5.25689E-3	-2.57025E-6	1.00005E+0	3.79875E-9
6.97958E-1	-6.60537E-3	8.57015E-6	9.99973E-1	3.01478E-9
6.98614E-1	-6.33567E-3	1.35506E-5	1.00006E+0	2.78895E-9
6.99269E-1	-5.52658E-3	1.01429E-5	1.05525E+0	-1.89644E-7
6.99924E-1	1.99481E+0	1.57786E-5	9.97264E-1	-1.48864E-7
7.00580E-1	1.99319E+0	8.83228E-6	9.99823E-1	-2.50403E-8
7.01235E-1	1.99265E+0	2.71812E-5	1.00000E+0	-1.82204E-8
7.01891E-1	1.99427E+0	7.65270E-6	1.00001E+0	-1.36530E-8
7.02546E-1	1.99454E+0	1.72203E-5	9.99954E-1	-1.05024E-8
7.03201E-1	1.99427E+0	1.05361E-5	9.99978E-1	-9.82922E-9
7.03857E-1	1.99373E+0	3.32761E-6	1.00012E+0	-7.35608E-9
7.04512E-1	1.99238E+0	1.02740E-5	9.99891E-1	-5.69210E-9
7.05167E-1	1.99265E+0	1.07982E-5	1.00001E+0	-7.71027E-9
7.05823E-1	1.99211E+0	-5.45365E-6	9.99916E-1	-4.39277E-9
7.06478E-1	1.99157E+0	1.25021E-5	1.00009E+0	-3.61451E-9
7.07133E-1	1.99373E+0	1.00118E-5	9.99963E-1	-4.42177E-9
7.07789E-1	1.99427E+0	8.83228E-6	1.00010E+0	-3.97488E-9
7.08444E-1	1.99130E+0	8.04589E-6	9.99900E-1	-3.67251E-9
7.09100E-1	1.99319E+0	1.10604E-5	1.00003E+0	-2.86429E-9
7.09755E-1	1.99346E+0	1.11914E-5	9.99929E-1	-2.55289E-9
7.10410E-1	1.99238E+0	8.96334E-6	1.00011E+0	-2.34561E-9
7.11066E-1	1.99292E+0	5.81781E-6	9.99897E-1	-1.35815E-9
7.11721E-1	1.99373E+0	9.35653E-6	1.00008E+0	-2.17493E-9
7.12376E-1	1.99346E+0	7.39058E-6	9.99944E-1	-1.19651E-9
7.13032E-1	1.99346E+0	1.04050E-5	1.00002E+0	-1.73707E-9
7.13687E-1	1.99292E+0	1.07982E-5	9.99984E-1	-2.61612E-9
7.14342E-1	1.99265E+0	6.21101E-6	9.99961E-1	-3.68801E-10
7.14998E-1	1.99373E+0	7.25951E-6	1.00003E+0	-1.10903E-9
7.15653E-1	1.99184E+0	7.78377E-6	1.00007E+0	-2.46922E-9
7.16308E-1	1.99238E+0	7.12845E-6	1.00005E+0	-3.20784E-10
7.16964E-1	1.99400E+0	1.27642E-5	9.99910E-1	-8.33764E-10
7.17619E-1	1.99184E+0	8.57015E-6	1.00002E+0	-8.99372E-10
7.18275E-1	1.99292E+0	8.70121E-6	1.00001E+0	3.95862E-11
7.18930E-1	1.99319E+0	1.53855E-5	9.99978E-1	-1.17892E-9
7.19585E-1	1.99346E+0	7.65270E-6	9.99999E-1	-1.00587E-9
7.20241E-1	1.99265E+0	1.19778E-5	9.99984E-1	5.10729E-10
7.20896E-1	1.99373E+0	9.61866E-6	9.99986E-1	-8.38994E-10
7.21551E-1	1.99292E+0	8.70121E-6	1.00001E+0	-1.53929E-9
7.22207E-1	1.99265E+0	1.19778E-5	9.99944E-1	4.38465E-10
7.22862E-1	1.99292E+0	7.52164E-6	1.00013E+0	-2.82274E-10
7.23517E-1	1.99319E+0	1.18467E-5	9.99952E-1	1.41802E-10
7.24173E-1	1.99238E+0	1.26331E-5	1.00002E+0	-1.07528E-9
7.24828E-1	1.99292E+0	6.99739E-6	1.00003E+0	1.33720E-10
7.25484E-1	1.99319E+0	1.28952E-5	1.00000E+0	1.84590E-10
7.26139E-1	1.99319E+0	9.61866E-6	9.99897E-1	-3.76408E-10
7.26794E-1	1.99319E+0	1.28952E-5	1.00002E+0	5.74436E-10
7.27450E-1	1.99373E+0	1.19778E-5	1.00002E+0	-7.31073E-10
7.28105E-1	1.99238E+0	9.22547E-6	1.00004E+0	4.17071E-10
7.28760E-1	1.99211E+0	7.91483E-6	9.99950E-1	-5.38052E-10
7.29416E-1	1.99130E+0	8.57015E-6	1.00004E+0	-4.33934E-10
7.30071E-1	1.99184E+0	1.00118E-5	9.99984E-1	6.09617E-10
7.30726E-1	1.99292E+0	9.22547E-6	9.99995E-1	1.10358E-9
7.31382E-1	1.99211E+0	1.06672E-5	9.99904E-1	-7.11581E-10
7.32037E-1	1.99265E+0	9.35653E-6	1.00008E+0	8.54459E-10
7.32692E-1	1.99077E+0	8.04589E-6	9.99984E-1	-1.06844E-10
7.33348E-1	1.99292E+0	7.25951E-6	9.99992E-1	2.75395E-10
7.34003E-1	1.99211E+0	9.48759E-6	9.99967E-1	-1.84813E-10
7.34659E-1	1.99292E+0	9.35653E-6	1.00005E+0	7.48440E-10
7.35314E-1	1.99292E+0	3.72080E-6	1.00000E+0	-9.77817E-10
7.35969E-1	1.99319E+0	-1.78387E-6	1.00005E+0	4.39891E-10
7.36625E-1	1.99265E+0	1.40748E-5	9.99927E-1	1.40215E-9
7.37280E-1	1.99211E+0	1.25021E-5	1.00007E+0	-1.15877E-10
7.37935E-1	1.99319E+0	8.83228E-6	9.99914E-1	1.28965E-10
7.38591E-1	1.99346E+0	1.11914E-5	1.00006E+0	1.08361E-9
7.39246E-1	1.99265E+0	5.94888E-6	9.46449E-1	1.75328E-7
7.39901E-1	-7.14476E-3	1.31574E-5	1.00071E+0	1.69050E-7
7.40557E-1	-4.71749E-3	1.23710E-5	1.00008E+0	2.95129E-8
7.41212E-1	-5.25689E-3	2.27910E-6	1.00003E+0	2.07257E-8
7.41868E-1	-7.14476E-3	1.04050E-5	1.00006E+0	1.60513E-8
7.42523E-1	-7.14476E-3	-1.65281E-6	9.99969E-1	1.40603E-8
7.43178E-1	-6.60537E-3	1.60408E-5	9.99988E-1	1.38088E-8
7.43834E-1	-6.33567E-3	1.10604E-5	1.00011E+0	1.04708E-8
7.44489E-1	-6.06598E-3	1.00118E-5	1.00001E+0	1.03986E-8
7.45144E-1	-5.52658E-3	8.57015E-6	9.99906E-1	9.70872E-9
7.45800E-1	-5.52658E-3	1.15846E-5	9.99990E-1	8.01431E-9
7.46455E-1	-6.60537E-3	1.01429E-5	1.00007E+0	7.80370E-9
7.47110E-1	-5.52658E-3	1.26331E-5	1.00005E+0	6.82243E-9
7.47766E-1	-4.98719E-3	1.02740E-5	9.99908E-1	7.29167E-9
7.48421E-1	-4.98719E-3	1.00118E-5	9.99997E-1	7.35300E-9
7.49076E-1	-7.14476E-3	5.55569E-6	9.99967E-1	5.46082E-9
7.49732E-1	-3.90841E-3	8.43908E-6	1.00007E+0	6.96553E-9
7.50387E-1	-5.52658E-3	9.09440E-6	9.99957E-1	5.95051E-9
7.51043E-1	-4.98719E-3	1.74825E-5	1.00004E+0	5.35338E-9
7.51698E-1	-6.06598E-3	1.14535E-5	9.99976E-1	4.19002E-9
7.52353E-1	-6.87507E-3	3.58973E-6	1.00008E+0	6.40121E-9
7.53009E-1	-7.68415E-3	8.57015E-6	1.00000E+0	3.83631E-9
7.53664E-1	-5.52658E-3	1.74825E-5	9.99938E-1	6.12499E-9
7.54319E-1	-5.25689E-3	1.49272E-6	9.99971E-1	4.44865E-9
7.54975E-1	-6.33567E-3	8.17696E-6	1.00007E+0	3.96657E-9
7.55630E-1	-5.25689E-3	7.12845E-6	9.99885E-1	5.02106E-9
7.56285E-1	-6.87507E-3	1.36816E-5	1.00005E+0	4.91837E-9
7.56941E-1	-4.98719E-3	1.07982E-5	1.00004E+0	3.46548E-9
7.57596E-1	-5.25689E-3	9.09440E-6	1.00003E+0	4.67780E-9
7.58252E-1	-5.52658E-3	1.09293E-5	9.99984E-1	4.71108E-9
7.58907E-1	-4.98719E-3	1.00118E-5	1.00002E+0	3.31524E-9
7.59562E-1	-5.25689E-3	7.78377E-6	9.99982E-1	4.83136E-9
7.60218E-1	-5.52658E-3	9.48759E-6	9.99986E-1	4.41014E-9
7.60873E-1	-5.25689E-3	1.00118E-5	9.99927E-1	2.86692E-9
7.61528E-1	-6.33567E-3	7.91483E-6	1.00008E+0	4.75435E-9
7.62184E-1	-4.98719E-3	8.17696E-6	1.00001E+0	3.98321E-9
7.62839E-1	-4.44780E-3	1.27642E-5	9.99997E-1	3.15645E-9
7.63494E-1	-5.79628E-3	1.10604E-5	9.99929E-1	4.23328E-9
7.64150E-1	-5.52658E-3	7.65270E-6	1.00004E+0	2.73523E-9
7.64805E-1	-6.06598E-3	8.57015E-6	9.99999E-1	3.69511E-9
7.65460E-1	-7.68415E-3	1.85310E-5	9.99995E-1	3.92521E-9
7.66116E-1	-6.33567E-3	1.00118E-5	9.99980E-1	3.68655E-9
7.66771E-1	-4.17810E-3	1.83999E-5	1.00002E+0	2.93586E-9
7.67427E-1	-6.06598E-3	9.74972E-6	1.00003E+0	3.56674E-9
7.68082E-1	-7.14476E-3	7.12845E-6	9.99929E-1	4.29414E-9
7.68737E-1	-6.06598E-3	1.02740E-5	1.00006E+0	3.26913E-9
7.69393E-1	-7.41446E-3	1.51233E-5	9.99978E-1	3.55771E-9
7.70048E-1	-6.06598E-3	1.10604E-5	1.00001E+0	4.09113E-9
7.70703E-1	-6.87507E-3	8.96334E-6	9.99925E-1	2.83982E-9
7.71359E-1	-6.06598E-3	8.83228E-6	1.00006E+0	4.34596E-9
7.72014E-1	-4.98719E-3	-2.57025E-6	9.99973E-1	2.73000E-9
7.72669E-1	-5.25689E-3	1.23710E-5	1.00007E+0	2.99624E-9
7.73325E-1	-4.44780E-3	9.48759E-6	9.99935E-1	3.81206E-9
7.73980E-1	-5.79628E-3	8.04589E-6	1.00004E+0	3.89336E-9
7.74636E-1	-3.36901E-3	1.11914E-5	9.99986E-1	3.16121E-9
7.75291E-1	-5.79628E-3	1.25021E-5	9.99995E-1	2.99766E-9
7.75946E-1	-6.87507E-3	1.00118E-5	9.99929E-1	3.18783E-9
7.76602E-1	-5.79628E-3	1.13225E-5	1.00009E+0	3.23300E-9
7.77257E-1	-6.06598E-3	1.01429E-5	9.99973E-1	4.25610E-9
7.77912E-1	-5.52658E-3	8.96334E-6	9.99959E-1	3.10986E-9
7.78568E-1	-5.25689E-3	1.55165E-5	1.00002E+0	2.99148E-9
7.79223E-1	-6.06598E-3	1.07982E-5	1.00006E+0	3.02476E-9
7.79878E-1	-5.52658E-3	1.13225E-5	1.00001E+0	4.05548E-9
7.80534E-1	-4.98719E-3	1.07982E-5	9.99992E-1	2.89592E-9
7.81189E-1	-5.79628E-3	7.78377E-6	9.99959E-1	3.34900E-9
7.81844E-1	-6.06598E-3	2.40356E-5	1.00009E+0	3.17024E-9
7.82500E-1	-6.33567E-3	9.35653E-6	9.99919E-1	2.78705E-9
7.83155E-1	-4.71749E-3	1.00118E-5	9.99976E-1	3.48687E-9
7.83811E-1	-5.79628E-3	8.57015E-6	1.00007E+0	3.81349E-9
7.84466E-1	-4.98719E-3	8.43908E-6	9.99965E-1	3.15455E-9
7.85121E-1	-5.25689E-3	8.04589E-6	9.99929E-1	3.25724E-9
7.85777E-1	-7.14476E-3	1.06672E-5	1.00010E+0	2.95820E-9
7.86432E-1	-6.06598E-3	1.45991E-5	9.99971E-1	3.40605E-9
7.87087E-1	-5.25689E-3	1.43369E-5	1.00004E+0	2.42763E-9
7.87743E-1	-4.98719E-3	1.15846E-5	1.00000E+0	3.77735E-9
7.88398E-1	-6.60537E-3	1.10604E-5	9.99997E-1	1.77440E-9
7.89053E-1	-5.25689E-3	9.48759E-6	9.99895E-1	3.73457E-9
7.89709E-1	-5.79628E-3	1.64340E-5	1.00012E+0	3.13696E-9
7.90364E-1	-4.44780E-3	8.30802E-6	9.99938E-1	3.47926E-9
7.91020E-1	-4.17810E-3	7.39058E-6	1.00005E+0	1.98549E-9
7.91675E-1	-4.71749E-3	7.12845E-6	9.99967E-1	3.29290E-9
7.92330E-1	-5.25689E-3	1.78757E-5	9.99952E-1	4.15436E-9
7.92986E-1	-7.14476E-3	8.57015E-6	9.99973E-1	2.06108E-9
7.93641E-1	-4.98719E-3	8.70121E-6	1.00012E+0	3.75121E-9
7.94296E-1	-6.33567E-3	1.09293E-5	9.99895E-1	2.57929E-9
7.94952E-1	-5.79628E-3	1.78757E-5	1.00006E+0	4.30840E-9
7.95607E-1	-5.25689E-3	9.74972E-6	9.99931E-1	2.56122E-9
7.96262E-1	-6.06598E-3	8.96334E-6	1.00004E+0	2.49562E-9
7.96918E-1	-2.82962E-3	1.60408E-5	1.00004E+0	3.50304E-9
7.97573E-1	-7.41446E-3	1.93174E-5	1.00004E+0	2.95107E-9
7.98228E-1	-5.52658E-3	4.50718E-6	9.99938E-1	3.37562E-9
7.98884E-1	-7.41446E-3	9.09440E-6	1.00003E+0	2.47280E-9
7.99539E-1	-6.06598E-3	1.43369E-5	1.05329E+0	-3.15832E-7
8.00195E-1	1.99427E+0	6.86632E-6	9.99718E-1	-3.65223E-8
8.00850E-1	1.99373E+0	8.43908E-6	9.99980E-1	-2.26632E-8
8.01505E-1	1.99427E+0	7.78377E-6	9.99959E-1	-1.46733E-8
8.02161E-1	1.99346E+0	4.37612E-6	9.99950E-1	-1.31172E-8
8.02816E-1	1.99562E+0	1.06672E-5	1.00006E+0	-9.77835E-9
8.03471E-1	1.99400E+0	9.48759E-6	9.99929E-1	-7.76019E-9
8.04127E-1	1.99238E+0	3.06548E-6	9.99992E-1	-7.64513E-9
8.04782E-1	1.99211E+0	1.35506E-5	1.00000E+0	-5.75200E-9
8.05437E-1	1.99373E+0	4.24505E-6	1.00006E+0	-5.46723E-9
8.06093E-1	1.99346E+0	1.00118E-5	9.99973E-1	-6.27021E-9
8.06748E-1	1.99481E+0	1.06672E-5	9.99944E-1	-3.43147E-9
8.07404E-1	1.99292E+0	9.74972E-6	1.00010E+0	-4.52732E-9
8.08059E-1	1.99238E+0	1.22399E-5	9.99923E-1	-2.12121E-9
8.08714E-1	1.99211E+0	7.65270E-6	1.00001E+0	-3.56221E-9
8.09370E-1	1.99265E+0	9.88078E-6	1.00001E+0	-2.70455E-9
8.10025E-1	1.99265E+0	1.14535E-5	9.99940E-1	-4.04762E-9
8.10680E-1	1.99346E+0	1.13225E-5	1.00009E+0	-9.04602E-10
8.11336E-1	1.99346E+0	2.08901E-5	9.99954E-1	-1.92676E-9
8.11991E-1	1.99373E+0	1.07982E-5	1.00003E+0	-2.69361E-9
8.12646E-1	1.99211E+0	8.43908E-6	1.00000E+0	-1.65862E-9
8.13302E-1	1.99373E+0	2.18076E-5	9.99992E-1	-1.44753E-9
8.13957E-1	1.99184E+0	9.74972E-6	9.99940E-1	-1.61821E-9
8.14612E-1	1.99130E+0	8.04589E-6	9.99990E-1	-5.42806E-10
8.15268E-1	1.99454E+0	1.97105E-5	1.00006E+0	-1.21886E-9
8.15923E-1	1.99292E+0	1.26331E-5	1.00001E+0	-1.42899E-9
8.16579E-1	1.99319E+0	1.57786E-5	1.00000E+0	-1.00682E-9
8.17234E-1	1.99400E+0	1.49923E-5	9.99973E-1	-5.90823E-10
8.17889E-1	1.99319E+0	1.06672E-5	9.99988E-1	-1.08526E-9
8.18545E-1	1.99346E+0	1.72203E-5	1.00007E+0	-6.48825E-10
8.19200E-1	1.99373E+0	1.49272E-6	9.99912E-1	-2.82274E-10
8.19855E-1	1.99211E+0	1.07982E-5	1.00008E+0	-9.91604E-10
8.20511E-1	1.99319E+0	1.15846E-5	9.99864E-1	-2.11437E-10
8.21166E-1	1.99157E+0	1.27642E-5	1.00011E+0	-9.83522E-10
8.21821E-1	1.99346E+0	7.52164E-6	9.99942E-1	-8.44223E-10
8.22477E-1	1.99265E+0	7.52164E-6	9.99980E-1	4.28481E-10
8.23132E-1	1.99104E+0	6.34207E-6	1.00003E+0	-1.11474E-9
8.23788E-1	1.99292E+0	1.85310E-5	1.00001E+0	8.49230E-10
8.24443E-1	1.99373E+0	1.06672E-5	1.00001E+0	-1.15467E-9
8.25098E-1	1.99373E+0	6.60420E-6	1.00004E+0	-1.22533E-10
8.25754E-1	1.99400E+0	7.78377E-6	9.99925E-1	2.08836E-10
8.26409E-1	1.99319E+0	8.96334E-6	9.99997E-1	1.34671E-10
8.27064E-1	1.99319E+0	1.18467E-5	1.00010E+0	-7.72435E-10
8.27720E-1	1.99211E+0	1.32884E-5	9.99990E-1	6.24831E-10
8.28375E-1	1.99319E+0	1.11914E-5	9.99980E-1	-4.69591E-10
8.29030E-1	1.99265E+0	8.43908E-6	9.99950E-1	9.92807E-10
8.29686E-1	1.99346E+0	1.09293E-5	9.99965E-1	1.77934E-10
8.30341E-1	1.99319E+0	8.83228E-6	1.00011E+0	-1.19205E-10
8.30996E-1	1.99265E+0	1.43369E-5	9.99992E-1	-3.67723E-12
8.31652E-1	1.99454E+0	1.06672E-5	9.99900E-1	8.47513E-11
8.32307E-1	1.99319E+0	9.48759E-6	1.00005E+0	-5.70380E-10
8.32963E-1	1.99400E+0	9.74972E-6	9.99965E-1	7.44637E-10
8.33618E-1	1.99346E+0	7.78377E-6	9.99982E-1	-1.12073E-10
8.34273E-1	1.99319E+0	4.76931E-6	1.00001E+0	9.10559E-10
8.34929E-1	1.99427E+0	6.99739E-6	1.00008E+0	2.53235E-11
8.35584E-1	1.99427E+0	1.55165E-5	9.99931E-1	3.59070E-10
8.36239E-1	1.99346E+0	-4.53620E-6	9.99967E-1	9.32429E-10
8.36895E-1	1.99265E+0	5.55569E-6	1.00004E+0	-9.76866E-10
8.37550E-1	1.99211E+0	1.09293E-5	9.99959E-1	1.16605E-10
8.38205E-1	1.99373E+0	1.00118E-5	1.00011E+0	9.78545E-10
8.38861E-1	1.99211E+0	1.59097E-5	9.99976E-1	5.54944E-10
8.39516E-1	1.99292E+0	1.27642E-5	9.46971E-1	3.16223E-7
8.40172E-1	-5.79628E-3	1.27642E-5	1.00018E+0	4.33676E-8
8.40827E-1	-6.06598E-3	8.57015E-6	1.00012E+0	2.49303E-8
8.41482E-1	-5.52658E-3	2.35114E-5	1.00002E+0	1.76573E-8
8.42138E-1	-5.52658E-3	-1.25961E-6	9.99988E-1	1.63351E-8
8.42793E-1	-6.60537E-3	7.65270E-6	1.00002E+0	1.28379E-8
8.43448E-1	-5.79628E-3	1.10604E-5	1.00005E+0	1.16874E-8
8.44104E-1	-6.33567E-3	9.74972E-6	9.99982E-1	1.16860E-8
8.44759E-1	-5.25689E-3	1.19778E-5	9.99952E-1	9.54517E-9
8.45414E-1	-6.33567E-3	9.48759E-6	1.00006E+0	8.94139E-9
8.46070E-1	-6.06598E-3	9.61866E-6	1.00002E+0	7.13954E-9
8.46725E-1	-7.14476E-3	1.34195E-5	9.99942E-1	8.15599E-9
8.47380E-1	-5.79628E-3	6.47313E-6	1.00001E+0	7.22797E-9
8.48036E-1	-6.87507E-3	6.99739E-6	1.00007E+0	6.73923E-9
8.48691E-1	-4.98719E-3	1.73514E-5	9.99957E-1	6.42450E-9
8.49347E-1	-4.98719E-3	1.05361E-5	9.99984E-1	6.71879E-9
8.50002E-1	-7.41446E-3	1.01429E-5	9.99971E-1	6.00090E-9
8.50657E-1	-6.06598E-3	8.30802E-6	1.00009E+0	4.78144E-9
8.51313E-1	-6.06598E-3	6.60420E-6	9.99959E-1	7.03494E-9
8.51968E-1	-6.33567E-3	7.25951E-6	1.00001E+0	3.68370E-9
8.52623E-1	-4.17810E-3	1.26331E-5	1.00008E+0	5.73609E-9
8.53279E-1	-5.79628E-3	1.25021E-5	9.99952E-1	4.86797E-9
8.53934E-1	-3.90841E-3	5.94888E-6	1.00001E+0	5.49268E-9
8.54589E-1	-4.98719E-3	9.88078E-6	9.99946E-1	3.92616E-9
8.55245E-1	-6.33567E-3	7.65270E-6	1.00003E+0	4.64595E-9
8.55900E-1	-6.33567E-3	6.86632E-6	9.99946E-1	5.57968E-9
8.56556E-1	-6.33567E-3	1.88591E-6	1.00005E+0	3.22681E-9
8.57211E-1	-6.06598E-3	1.09293E-5	9.99986E-1	5.23167E-9
8.57866E-1	-4.44780E-3	1.17157E-5	1.00004E+0	3.81681E-9
8.58522E-1	-5.52658E-3	1.01429E-5	9.99980E-1	4.78858E-9
8.59177E-1	-6.60537E-3	1.00118E-5	9.99984E-1	4.29842E-9
8.59832E-1	-4.98719E-3	9.35653E-6	9.99891E-1	3.13173E-9
8.60488E-1	-4.71749E-3	8.30802E-6	1.00005E+0	4.13677E-9
8.61143E-1	-4.44780E-3	9.88078E-6	1.00003E+0	4.33027E-9
8.61798E-1	-6.87507E-3	7.91483E-6	1.00009E+0	3.28054E-9
8.62454E-1	-5.25689E-3	6.07994E-6	9.99927E-1	3.62094E-9
8.63109E-1	-5.52658E-3	1.07982E-5	1.00004E+0	3.87862E-9
8.63764E-1	-7.14476E-3	1.00118E-5	9.99929E-1	3.59051E-9
8.64420E-1	-7.68415E-3	9.88078E-6	1.00002E+0	3.41033E-9
8.65075E-1	-5.52658E-3	8.57015E-6	1.00000E+0	4.24279E-9
8.65731E-1	-6.33567E-3	7.12845E-6	1.00007E+0	3.96895E-9
8.66386E-1	-6.33567E-3	1.69582E-5	9.99821E-1	3.35613E-9
8.67041E-1	-6.06598E-3	1.23710E-5	1.00019E+0	3.69891E-9
8.67697E-1	-6.06598E-3	9.48759E-6	9.99878E-1	4.50665E-9
8.68352E-1	-6.33567E-3	7.25951E-6	1.00000E+0	2.73808E-9
8.69007E-1	-4.17810E-3	1.26331E-5	9.99971E-1	3.37182E-9
8.69663E-1	-6.33567E-3	6.07994E-6	1.00006E+0	3.14171E-9
8.70318E-1	-5.25689E-3	1.70893E-5	1.00001E+0	3.59859E-9
8.70973E-1	-4.98719E-3	3.58973E-6	9.99995E-1	4.36402E-9
8.71629E-1	-5.52658E-3	3.45867E-6	9.99992E-1	3.56864E-9
8.72284E-1	-6.33567E-3	1.45991E-5	1.00002E+0	3.32237E-9
8.72940E-1	-6.60537E-3	7.91483E-6	9.99940E-1	3.37182E-9
8.73595E-1	-7.41446E-3	1.31574E-5	1.00011E+0	3.44218E-9
8.74250E-1	-5.25689E-3	8.96334E-6	9.99853E-1	2.69339E-9
8.74906E-1	-3.63871E-3	1.14535E-5	1.00018E+0	3.33046E-9
8.75561E-1	-5.79628E-3	1.47301E-5	9.99904E-1	3.70747E-9
8.76216E-1	-4.98719E-3	1.00118E-5	1.00003E+0	2.36868E-9
8.76872E-1	-6.06598E-3	1.00118E-5	1.00001E+0	3.27150E-9
8.77527E-1	-4.98719E-3	1.00118E-5	9.99946E-1	4.40253E-9
8.78182E-1	-6.87507E-3	7.39058E-6	9.99982E-1	2.93586E-9
8.78838E-1	-4.98719E-3	1.18467E-5	1.00009E+0	3.29147E-9
8.79493E-1	-5.52658E-3	2.45599E-5	9.99904E-1	2.35251E-9
8.80148E-1	-5.25689E-3	7.12845E-6	1.00008E+0	3.78496E-9
8.80804E-1	-6.87507E-3	8.43908E-6	9.99938E-1	2.73998E-9
8.81459E-1	-4.71749E-3	7.91483E-6	1.00001E+0	4.43391E-9
8.82115E-1	-5.25689E-3	1.64340E-5	9.99982E-1	2.33540E-9
8.82770E-1	-5.25689E-3	1.23710E-5	1.00013E+0	3.42887E-9
8.83425E-1	-6.06598E-3	6.60420E-6	9.99957E-1	3.48212E-9
8.84081E-1	-4.98719E-3	1.25021E-5	1.00003E+0	2.63777E-9
8.84736E-1	-5.79628E-3	8.17696E-6	9.99891E-1	3.30146E-9
8.85391E-1	-5.52658E-3	1.25021E-5	9.99990E-1	2.57216E-9
8.86047E-1	-4.44780E-3	1.36816E-5	9.99999E-1	3.38751E-9
8.86702E-1	-6.60537E-3	2.20697E-5	1.00004E+0	3.04758E-9
8.87357E-1	-6.33567E-3	7.25951E-6	1.00002E+0	4.00508E-9
8.88013E-1	-6.60537E-3	1.30263E-5	9.99938E-1	3.07563E-9
8.88668E-1	-5.79628E-3	5.68675E-6	1.00008E+0	2.86835E-9
8.89324E-1	-5.25689E-3	1.00118E-5	9.99976E-1	3.11034E-9
8.89979E-1	-6.60537E-3	7.39058E-6	9.99997E-1	3.63948E-9
8.90634E-1	-7.41446E-3	7.78377E-6	9.99978E-1	2.58690E-9
8.91290E-1	-4.71749E-3	1.13225E-5	1.00008E+0	3.03047E-9
8.91945E-1	-5.52658E-3	1.07982E-5	9.99891E-1	3.31572E-9
8.92600E-1	-5.79628E-3	2.07591E-5	1.00007E+0	3.00812E-9
8.93256E-1	-4.71749E-3	8.70121E-6	1.00003E+0	2.75377E-9
8.93911E-1	-6.60537E-3	1.35506E-5	9.99919E-1	3.87006E-9
8.94566E-1	-5.79628E-3	3.19654E-6	1.00005E+0	2.18564E-9
8.95222E-1	-6.60537E-3	1.04050E-5	9.99950E-1	2.82651E-9
8.95877E-1	-7.41446E-3	1.13225E-5	1.00002E+0	4.20476E-9
8.96532E-1	-4.71749E-3	7.25951E-6	1.00003E+0	2.02923E-9
8.97188E-1	-3.90841E-3	2.96714E-5	9.99929E-1	3.69748E-9
8.97843E-1	-6.87507E-3	9.61866E-6	1.00007E+0	3.27246E-9
8.98499E-1	-4.71749E-3	8.57015E-6	9.99942E-1	1.61038E-9
8.99154E-1	-5.52658E-3	7.52164E-6	1.03990E+0	-1.07454E-7
8.99809E-1	1.99319E+0	1.07982E-5	1.01243E+0	-2.26766E-7
9.00465E-1	1.99211E+0	1.18467E-5	9.99902E-1	-2.65950E-8
9.01120E-1	1.99481E+0	1.48612E-5	9.99935E-1	-1.80013E-8
9.01775E-1	1.99319E+0	8.83228E-6	1.00003E+0	-1.55828E-8
9.02431E-1	1.99427E+0	1.02740E-5	1.00004E+0	-1.01691E-8
9.03086E-1	1.99265E+0	7.52164E-6	9.99944E-1	-9.66092E-9
9.03741E-1	1.99265E+0	7.12845E-6	9.99965E-1	-7.54434E-9
9.04397E-1	1.99346E+0	8.57015E-6	1.00005E+0	-7.33136E-9
9.05052E-1	1.99454E+0	1.17157E-5	9.99887E-1	-5.44536E-9
9.05708E-1	1.99157E+0	7.78377E-6	1.00004E+0	-4.80877E-9
9.06363E-1	1.99373E+0	9.74972E-6	9.99965E-1	-5.73109E-9
9.07018E-1	1.99319E+0	9.09440E-6	1.00004E+0	-3.12910E-9
9.07674E-1	1.99427E+0	2.16765E-5	9.99906E-1	-4.34951E-9
9.08329E-1	1.99454E+0	2.15454E-5	1.00004E+0	-3.31689E-9
9.08984E-1	1.99454E+0	6.99739E-6	1.00006E+0	-2.48395E-9
9.09640E-1	1.99211E+0	9.48759E-6	9.99990E-1	-2.33895E-9
9.10295E-1	1.99400E+0	1.01429E-5	9.99988E-1	-3.50278E-9
9.10950E-1	1.99292E+0	2.28561E-5	1.00000E+0	-1.77795E-9
9.11606E-1	1.99238E+0	1.23710E-5	1.00003E+0	-1.74325E-9
9.12261E-1	1.99373E+0	6.86632E-6	9.99954E-1	-1.53073E-9
9.12916E-1	1.99292E+0	1.09293E-5	1.00007E+0	-1.88540E-9
9.13572E-1	1.99292E+0	1.09293E-5	9.99950E-1	-1.03487E-9
9.14227E-1	1.99184E+0	8.96334E-6	1.00002E+0	-2.96983E-9
9.14883E-1	1.99319E+0	9.74972E-6	9.99984E-1	-1.39648E-10
9.15538E-1	1.99346E+0	1.01429E-5	9.99940E-1	-2.37698E-9
9.16193E-1	1.99400E+0	1.36816E-5	1.00009E+0	-5.57544E-10
9.16849E-1	1.99346E+0	1.06672E-5	9.99950E-1	-8.98897E-10
9.17504E-1	1.99535E+0	1.22399E-5	9.99986E-1	-6.28382E-10
9.18159E-1	1.99319E+0	6.34207E-6	9.99973E-1	1.32293E-10
9.18815E-1	1.99319E+0	-4.27408E-6	1.00004E+0	-1.01870E-9
9.19470E-1	1.99292E+0	8.83228E-6	9.99957E-1	-5.94151E-10
9.20125E-1	1.99427E+0	8.70121E-6	9.99965E-1	-6.73071E-10
9.20781E-1	1.99373E+0	1.09293E-5	1.00015E+0	-5.78462E-10
9.21436E-1	1.99319E+0	2.31182E-5	9.99929E-1	-1.24928E-9
9.22092E-1	1.99373E+0	2.25939E-5	9.99963E-1	-4.05884E-10
9.22747E-1	1.99427E+0	5.42462E-6	1.00003E+0	-1.27762E-10
9.23402E-1	1.99265E+0	8.43908E-6	9.99938E-1	-1.79399E-11
9.24058E-1	1.99346E+0	2.46910E-5	1.00013E+0	-9.90653E-10
9.24713E-1	1.99238E+0	2.23318E-5	9.99978E-1	4.73171E-10
9.25368E-1	1.99373E+0	7.12845E-6	1.00002E+0	-1.08811E-9
9.26024E-1	1.99292E+0	1.09293E-5	9.99891E-1	4.22301E-10
9.26679E-1	1.99319E+0	5.68675E-6	1.00006E+0	3.06298E-10
9.27334E-1	1.99292E+0	7.78377E-6	9.99948E-1	1.30392E-10
9.27990E-1	1.99157E+0	9.48759E-6	1.00001E+0	-1.10523E-9
9.28645E-1	1.99400E+0	-4.73234E-7	1.00004E+0	-6.40558E-11
9.29300E-1	1.99292E+0	1.90552E-5	9.99999E-1	4.76499E-10
9.29956E-1	1.99373E+0	9.88078E-6	9.99944E-1	2.23574E-10
9.30611E-1	1.99238E+0	1.47301E-5	9.99988E-1	7.32276E-10
9.31267E-1	1.99454E+0	9.88078E-6	1.00007E+0	-6.60235E-10
9.31922E-1	1.99211E+0	1.68271E-5	1.00000E+0	-3.66424E-10
9.32577E-1	1.99238E+0	1.51233E-5	1.00003E+0	4.51302E-10
9.33233E-1	1.99265E+0	7.12845E-6	9.99935E-1	2.31657E-10
9.33888E-1	1.99373E+0	6.86632E-6	9.99969E-1	1.65098E-10
9.34543E-1	1.99211E+0	1.10604E-5	1.00008E+0	-7.60074E-10
9.35199E-1	1.99346E+0	8.43908E-6	9.99919E-1	1.07506E-9
9.35854E-1	1.99265E+0	1.75485E-6	1.00001E+0	-7.20138E-10
9.36509E-1	1.99211E+0	1.85310E-5	1.00002E+0	3.48135E-10
9.37165E-1	1.99319E+0	7.91483E-6	9.99982E-1	9.00100E-10
9.37820E-1	1.99346E+0	1.00118E-5	9.99950E-1	4.04710E-10
9.38476E-1	1.99319E+0	8.17696E-6	1.00007E+0	5.10729E-10
9.39131E-1	1.99157E+0	6.34207E-6	9.64510E-1	9.31871E-8
9.39786E-1	-6.87507E-3	1.28952E-5	9.82485E-1	2.47613E-7
9.40442E-1	-6.06598E-3	4.90037E-6	1.00017E+0	3.03744E-8
9.41097E-1	-6.33567E-3	7.06338E-7	1.00011E+0	2.15201E-8
9.41752E-1	-7.68415E-3	1.36816E-5	9.99927E-1	1.78389E-8
9.42408E-1	-7.41446E-3	3.13147E-7	1.00005E+0	1.35040E-8
9.43063E-1	-6.06598E-3	1.09293E-5	9.99940E-1	1.24405E-8
9.43718E-1	-4.71749E-3	1.19778E-5	1.00003E+0	1.22422E-8
9.44374E-1	-6.33567E-3	4.24505E-6	1.00009E+0	9.96022E-9
9.45029E-1	-6.33567E-3	2.50842E-5	9.99897E-1	8.77404E-9
9.45684E-1	-6.33567E-3	9.88078E-6	1.00003E+0	9.28940E-9
9.46340E-1	-6.06598E-3	1.15846E-5	1.00006E+0	7.93064E-9
9.46995E-1	-5.79628E-3	1.28952E-5	9.99942E-1	7.39436E-9
9.47651E-1	-4.98719E-3	9.35653E-6	9.99973E-1	7.16521E-9
9.48306E-1	-6.33567E-3	1.21089E-5	1.00009E+0	5.59632E-9
9.48961E-1	-6.06598E-3	1.31574E-5	9.99946E-1	6.94319E-9
9.49617E-1	-7.68415E-3	1.18467E-5	9.99963E-1	6.27807E-9
9.50272E-1	-5.79628E-3	9.22547E-6	1.00004E+0	5.25829E-9
9.50927E-1	-5.79628E-3	1.44680E-5	9.99986E-1	5.98093E-9
9.51583E-1	-6.06598E-3	9.48759E-6	9.99984E-1	4.64928E-9
9.52238E-1	-6.60537E-3	9.88078E-6	1.00011E+0	5.91247E-9
9.52893E-1	-6.87507E-3	9.35653E-6	9.99925E-1	5.97570E-9
9.53549E-1	-5.25689E-3	7.12845E-6	1.00010E+0	4.02647E-9
9.54204E-1	-5.79628E-3	8.04589E-6	9.99881E-1	4.45245E-9
9.54860E-1	-5.79628E-3	8.30802E-6	1.00010E+0	5.11709E-9
9.55515E-1	-7.68415E-3	1.31574E-5	9.99908E-1	4.85181E-9
9.56170E-1	-5.79628E-3	1.42059E-5	1.00003E+0	4.65593E-9
9.56826E-1	-5.79628E-3	1.14535E-5	9.99952E-1	4.21094E-9
9.57481E-1	-5.79628E-3	8.96334E-6	1.00006E+0	3.35946E-9
9.58136E-1	-4.17810E-3	1.48612E-5	9.99969E-1	4.40539E-9
9.58792E-1	-4.98719E-3	1.19778E-5	9.99997E-1	3.44551E-9
9.59447E-1	-7.14476E-3	1.31574E-5	9.99986E-1	5.27256E-9
9.60102E-1	-4.17810E-3	1.25021E-5	1.00005E+0	3.78686E-9
9.60758E-1	-4.98719E-3	7.91483E-6	1.00002E+0	4.16387E-9
9.61413E-1	-6.60537E-3	6.99739E-6	9.99925E-1	2.90353E-9
9.62068E-1	-6.33567E-3	8.96334E-6	1.00000E+0	3.99462E-9
9.62724E-1	-6.60537E-3	1.02740E-5	1.00002E+0	3.71935E-9
9.63379E-1	-6.33567E-3	1.02740E-5	9.99978E-1	4.92740E-9
9.64035E-1	-5.52658E-3	1.34195E-5	1.00006E+0	3.70414E-9
9.64690E-1	-6.60537E-3	6.86632E-6	1.00001E+0	2.83174E-9
9.65345E-1	-6.06598E-3	3.13147E-7	9.99976E-1	3.29623E-9
9.66001E-1	-8.76294E-3	1.64340E-5	9.99984E-1	5.10045E-9
9.66656E-1	-5.52658E-3	1.38127E-5	1.00004E+0	3.34092E-9
9.67311E-1	-7.14476E-3	9.74972E-6	9.99925E-1	2.82746E-9
9.67967E-1	-4.98719E-3	1.02740E-5	1.00002E+0	2.53650E-9
9.68622E-1	-7.14476E-3	1.09293E-5	1.00002E+0	3.63378E-9
9.69277E-1	-5.52658E-3	9.88078E-6	9.99923E-1	5.00632E-9
9.69933E-1	-6.60537E-3	1.01429E-5	1.00012E+0	2.33160E-9
9.70588E-1	-3.63871E-3	1.30263E-5	9.99963E-1	4.61362E-9
9.71244E-1	-5.79628E-3	8.57015E-6	1.00002E+0	2.54696E-9
9.71899E-1	-4.44780E-3	1.91863E-5	9.99969E-1	3.81872E-9
9.72554E-1	-5.79628E-3	7.65270E-6	1.00002E+0	3.06137E-9
9.73210E-1	-4.98719E-3	1.00118E-5	1.00003E+0	4.33740E-9
9.73865E-1	-5.52658E-3	1.26331E-5	9.99990E-1	2.33825E-9
9.74520E-1	-5.52658E-3	6.47313E-6	1.00006E+0	3.35233E-9
9.75176E-1	-6.33567E-3	1.52544E-5	9.99952E-1	3.00289E-9
9.75831E-1	-6.33567E-3	9.61866E-6	9.99988E-1	3.32333E-9
9.76486E-1	-5.25689E-3	6.73526E-6	9.99967E-1	4.47290E-9
9.77142E-1	-6.06598E-3	1.21089E-5	9.99954E-1	2.89212E-9
9.77797E-1	-5.79628E-3	1.07982E-5	1.00012E+0	3.48402E-9
9.78452E-1	-5.25689E-3	1.07982E-5	9.99986E-1	3.67086E-9
9.79108E-1	-5.52658E-3	1.02740E-5	1.00003E+0	2.32779E-9
9.79763E-1	-5.25689E-3	7.65270E-6	9.99908E-1	3.75834E-9
9.80419E-1	-6.06598E-3	1.01429E-5	1.00004E+0	2.45045E-9
9.81074E-1	-6.33567E-3	1.72203E-5	9.99883E-1	3.46453E-9
9.81729E-1	-4.44780E-3	1.45991E-5	1.00009E+0	3.97560E-9
9.82385E-1	-5.79628E-3	9.09440E-6	1.00001E+0	2.46234E-9
9.83040E-1	-4.98719E-3	6.47313E-6	1.00005E+0	3.68132E-9
9.83695E-1	-6.60537E-3	1.04050E-5	9.99906E-1	2.43381E-9
9.84351E-1	-4.44780E-3	9.48759E-6	1.00010E+0	3.92759E-9
9.85006E-1	-5.79628E-3	1.00118E-5	9.99927E-1	2.58072E-9
9.85661E-1	-5.25689E-3	1.15846E-5	1.00006E+0	3.15027E-9
9.86317E-1	-5.25689E-3	7.12845E-6	9.99933E-1	3.09845E-9
9.86972E-1	-6.87507E-3	1.00118E-5	1.00001E+0	3.84724E-9
9.87628E-1	-6.33567E-3	7.78377E-6	1.00005E+0	2.69387E-9
9.88283E-1	-6.60537E-3	9.88078E-6	9.99988E-1	2.16948E-9
9.88938E-1	-5.25689E-3	1.07982E-5	9.99944E-1	3.71032E-9
9.89594E-1	-4.98719E-3	1.17157E-5	1.00007E+0	3.73029E-9
9.90249E-1	-4.71749E-3	5.42462E-6	9.99944E-1	3.30906E-9
9.90904E-1	-6.60537E-3	8.30802E-6	1.00005E+0	2.92635E-9
9.91560E-1	-6.87507E-3	1.28952E-5	9.99971E-1	3.86055E-9
9.92215E-1	-6.33567E-3	7.52164E-6	1.00000E+0	1.94650E-9
9.92870E-1	-6.60537E-3	1.19778E-5	1.00000E+0	2.58500E-9
9.93526E-1	-6.60537E-3	7.12845E-6	9.99959E-1	3.83963E-9
9.94181E-1	-6.60537E-3	2.19386E-5	1.00010E+0	3.06802E-9
9.94836E-1	-6.60537E-3	8.83228E-6	9.99885E-1	2.91589E-9
9.95492E-1	-5.79628E-3	8.43908E-6	9.99982E-1	3.25059E-9
9.96147E-1	-5.79628E-3	8.57015E-6	1.00011E+0	3.41413E-9
9.96803E-1	-3.63871E-3	7.91483E-6	9.99954E-1	3.02809E-9
9.97458E-1	-6.87507E-3	7.12845E-6	9.99889E-1	2.34681E-9
9.98113E-1	-6.06598E-3	1.11914E-5	1.00010E+0	3.97180E-9
9.98769E-1	-5.25689E-3	1.10604E-5	9.99988E-1	2.53935E-9
9.99424E-1	-4.17810E-3	1.23710E-5	1.05317E+0	-3.08570E-7
