## Header ##
[General info]
User	Giorgos_Psaltakis
Device	Sample
Cell area (cm2)	1
Test	Pulsed
Date	2024-03-03
Time	04:01:38
Temperature	21.36
Note	

[Acquisition Settings]
Amplitude (V)	2.000
Frequency (Hz)	10.0
DC Offset (V)	1.000
Duty Cycle (%)	40
Phase (°)	0
Cycles	10

## Data ##
Time (s)	DC Channel Voltage (V)	DC Channel Current (A)	Pulse Channel Voltage (V)	Pulse Channel Current (A)
0.00000E+0	1.99184E+0	1.30263E-5	1.00418E+0	-1.65825E-7
6.55360E-4	1.99319E+0	8.30802E-6	9.99862E-1	-1.43914E-8
1.31072E-3	1.99400E+0	6.73526E-6	1.00001E+0	-9.41798E-9
1.96608E-3	1.99319E+0	1.18467E-5	1.00000E+0	-5.90889E-9
2.62144E-3	1.99211E+0	8.96334E-6	1.00000E+0	-6.27735E-9
3.27680E-3	1.99104E+0	8.70121E-6	1.00002E+0	-4.29816E-9
3.93216E-3	1.99427E+0	3.06548E-6	9.99952E-1	-3.41245E-9
4.58752E-3	1.99373E+0	9.88078E-6	9.99990E-1	-3.07918E-9
5.24288E-3	1.99346E+0	1.35506E-5	1.00003E+0	-3.66538E-9
5.89824E-3	1.99481E+0	4.90037E-6	9.99931E-1	-1.71852E-9
6.55360E-3	1.99346E+0	7.12845E-6	1.00005E+0	-1.92771E-9
7.20896E-3	1.99157E+0	8.43908E-6	1.00006E+0	-2.53387E-9
7.86432E-3	1.99454E+0	8.57015E-6	9.99908E-1	-1.21648E-9
8.51968E-3	1.99265E+0	2.11522E-5	1.00001E+0	-2.60804E-9
9.17504E-3	1.99319E+0	2.27910E-6	1.00010E+0	-5.35199E-10
9.83040E-3	1.99454E+0	7.91483E-6	9.99959E-1	-7.54368E-10
1.04858E-2	1.99292E+0	9.35653E-6	9.99925E-1	-1.06910E-9
1.11411E-2	1.99265E+0	5.42462E-6	9.99986E-1	-1.36481E-9
1.17965E-2	1.99104E+0	-1.52174E-6	1.00013E+0	-3.24112E-10
1.24518E-2	1.99346E+0	-5.06046E-6	9.99916E-1	-2.50897E-10
1.31072E-2	1.99292E+0	1.01429E-5	1.00005E+0	-1.45229E-9
1.37626E-2	1.99238E+0	1.06672E-5	9.99984E-1	3.56217E-10
1.44179E-2	1.99184E+0	1.28952E-5	9.99944E-1	-1.13090E-9
1.50733E-2	1.99265E+0	1.04050E-5	1.00005E+0	8.85546E-11
1.57286E-2	1.99265E+0	8.70121E-6	9.99967E-1	-1.39904E-9
1.63840E-2	1.98996E+0	1.44680E-5	9.99980E-1	1.40072E-9
1.70394E-2	1.99157E+0	9.09440E-6	9.99982E-1	-1.78633E-10
1.76947E-2	1.99319E+0	-3.48769E-6	1.00006E+0	-1.58446E-9
1.83501E-2	1.99427E+0	1.10604E-5	9.99980E-1	1.17727E-9
1.90054E-2	1.99211E+0	1.74825E-5	1.00004E+0	-1.34199E-9
1.96608E-2	1.99265E+0	1.14535E-5	9.99950E-1	1.50436E-9
2.03162E-2	1.99157E+0	1.35506E-5	9.99995E-1	-1.53311E-9
2.09715E-2	1.99211E+0	1.40748E-5	9.99967E-1	1.44493E-9
2.16269E-2	1.99373E+0	1.13225E-5	1.00005E+0	-2.90357E-10
2.22822E-2	1.99292E+0	1.06672E-5	1.00000E+0	-6.07463E-10
2.29376E-2	1.99373E+0	6.07994E-6	1.00003E+0	1.64147E-10
2.35930E-2	1.99292E+0	7.52164E-6	9.99925E-1	3.34057E-11
2.42483E-2	1.99238E+0	1.43369E-5	1.00002E+0	1.83164E-10
2.49037E-2	1.99184E+0	8.43908E-6	1.00004E+0	1.42972E-9
2.55590E-2	1.99373E+0	1.21089E-5	1.00002E+0	-4.77197E-10
2.62144E-2	1.99292E+0	1.01429E-5	9.99978E-1	2.91084E-10
2.68698E-2	1.99454E+0	1.18467E-5	9.99980E-1	-1.79108E-10
2.75251E-2	1.99130E+0	1.25021E-5	9.99916E-1	5.24517E-10
2.81805E-2	1.99292E+0	1.04050E-5	1.00017E+0	-2.05732E-10
2.88358E-2	1.99050E+0	3.19654E-6	9.99978E-1	1.46870E-9
2.94912E-2	1.99346E+0	5.94888E-6	9.99921E-1	2.00754E-10
3.01466E-2	1.99104E+0	7.91483E-6	1.00003E+0	3.66676E-10
3.08019E-2	1.99238E+0	1.19778E-5	1.00002E+0	1.47032E-10
3.14573E-2	1.99050E+0	2.54123E-6	1.00007E+0	1.19932E-10
3.21126E-2	1.99211E+0	8.70121E-6	9.99897E-1	-3.60059E-11
3.27680E-2	1.99238E+0	1.36816E-5	1.00010E+0	1.33987E-9
3.34234E-2	1.99265E+0	5.29356E-6	9.99925E-1	-5.75610E-10
3.40787E-2	1.99427E+0	9.88078E-6	1.00001E+0	1.59754E-9
3.47341E-2	1.99211E+0	1.21089E-5	9.99978E-1	1.65098E-10
3.53894E-2	1.99400E+0	8.04589E-6	1.00002E+0	-2.05256E-10
3.60448E-2	1.99211E+0	3.45867E-6	9.99961E-1	1.11261E-9
3.67002E-2	1.99238E+0	6.07994E-6	1.00003E+0	1.06412E-9
3.73555E-2	1.99319E+0	2.02348E-5	9.99961E-1	5.83121E-12
3.80109E-2	1.99373E+0	1.48612E-5	1.00001E+0	1.97426E-10
3.86662E-2	1.99238E+0	1.01429E-5	1.00009E+0	4.19633E-11
3.93216E-2	1.99050E+0	8.04589E-6	9.99889E-1	3.39102E-10
3.99770E-2	-6.06598E-3	1.36816E-5	9.46297E-1	3.38288E-7
4.06323E-2	-7.41446E-3	1.04050E-5	1.00008E+0	3.53168E-8
4.12877E-2	-6.60537E-3	1.07982E-5	1.00004E+0	2.24847E-8
4.19430E-2	-4.98719E-3	1.83999E-5	1.00002E+0	1.94958E-8
4.25984E-2	-6.87507E-3	7.25951E-6	9.99982E-1	1.49046E-8
4.32538E-2	-7.95385E-3	8.43908E-6	1.00009E+0	1.39642E-8
4.39091E-2	-6.87507E-3	5.94888E-6	9.99965E-1	1.35406E-8
4.45645E-2	-6.06598E-3	7.65270E-6	1.00007E+0	1.08706E-8
4.52198E-2	-6.60537E-3	8.57015E-6	9.99891E-1	1.02431E-8
4.58752E-2	-5.52658E-3	7.91483E-6	1.00005E+0	9.11824E-9
4.65306E-2	-4.98719E-3	2.01037E-5	9.99961E-1	9.60888E-9
4.71859E-2	-6.87507E-3	1.21089E-5	1.00003E+0	9.51760E-9
4.78413E-2	-5.79628E-3	8.04589E-6	1.00001E+0	7.31212E-9
4.84966E-2	-6.06598E-3	7.65270E-6	9.99986E-1	7.84982E-9
4.91520E-2	-5.25689E-3	1.01429E-5	1.00000E+0	8.42650E-9
4.98074E-2	-6.33567E-3	1.04050E-5	9.99997E-1	7.40150E-9
5.04627E-2	-7.14476E-3	1.10604E-5	1.00006E+0	7.07536E-9
5.11181E-2	-6.33567E-3	6.07994E-6	9.99906E-1	6.18632E-9
5.17734E-2	-5.79628E-3	1.04050E-5	1.00007E+0	7.26410E-9
5.24288E-2	-6.60537E-3	1.17157E-5	9.99971E-1	5.79932E-9
5.30842E-2	-5.79628E-3	1.21089E-5	1.00001E+0	6.82719E-9
5.37395E-2	-5.52658E-3	1.17157E-5	9.99995E-1	5.87872E-9
5.43949E-2	-5.79628E-3	8.83228E-6	1.00002E+0	5.29680E-9
5.50502E-2	-6.60537E-3	1.62378E-6	9.99914E-1	6.12356E-9
5.57056E-2	-5.25689E-3	1.01429E-5	1.00010E+0	5.60202E-9
5.63610E-2	-4.98719E-3	1.05361E-5	9.99933E-1	6.58757E-9
5.70163E-2	-6.06598E-3	1.11914E-5	1.00013E+0	4.97637E-9
5.76717E-2	-6.60537E-3	5.94888E-6	9.99838E-1	5.16939E-9
5.83270E-2	-7.95385E-3	1.36816E-5	1.00013E+0	5.56684E-9
5.89824E-2	-6.06598E-3	9.61866E-6	9.99980E-1	5.26115E-9
5.96378E-2	-5.79628E-3	7.65270E-6	1.00001E+0	5.32485E-9
6.02931E-2	-6.33567E-3	8.43908E-6	9.99942E-1	5.63150E-9
6.09485E-2	-6.33567E-3	9.61866E-6	9.99999E-1	4.29984E-9
6.16038E-2	-7.41446E-3	1.04050E-5	9.99948E-1	5.35718E-9
6.22592E-2	-5.25689E-3	8.57015E-6	1.00008E+0	5.27779E-9
6.29146E-2	-6.33567E-3	2.28561E-5	1.00003E+0	5.36336E-9
6.35699E-2	-7.14476E-3	1.01429E-5	9.99990E-1	4.66354E-9
6.42253E-2	-3.90841E-3	1.36816E-5	1.00006E+0	4.83945E-9
6.48806E-2	-7.95385E-3	8.43908E-6	9.99944E-1	4.47004E-9
6.55360E-2	-4.44780E-3	-4.53620E-6	1.00002E+0	5.44894E-9
6.61914E-2	-6.87507E-3	1.04050E-5	9.99864E-1	4.17528E-9
6.68467E-2	-6.87507E-3	1.77446E-5	1.00010E+0	4.41109E-9
6.75021E-2	-6.33567E-3	8.04589E-6	9.99986E-1	5.26210E-9
6.81574E-2	-4.98719E-3	7.78377E-6	1.00000E+0	5.86255E-9
6.88128E-2	-5.79628E-3	5.29356E-6	9.99982E-1	4.22282E-9
6.94682E-2	-4.71749E-3	1.04050E-5	1.00007E+0	4.34929E-9
7.01235E-2	-9.30233E-3	2.03659E-5	9.99942E-1	5.29823E-9
7.07789E-2	-7.95385E-3	1.18467E-5	1.00006E+0	4.42440E-9
7.14342E-2	-5.79628E-3	7.52164E-6	9.99929E-1	3.51682E-9
7.20896E-2	-6.33567E-3	9.88078E-6	1.00002E+0	4.42250E-9
7.27450E-2	-6.60537E-3	4.37612E-6	9.99931E-1	5.66383E-9
7.34003E-2	-4.71749E-3	1.86620E-5	1.00004E+0	4.39445E-9
7.40557E-2	-6.87507E-3	1.27642E-5	1.00006E+0	4.14248E-9
7.47110E-2	-5.79628E-3	2.27910E-6	9.99997E-1	4.93976E-9
7.53664E-2	-6.60537E-3	1.65650E-5	9.99988E-1	4.59413E-9
7.60218E-2	-4.71749E-3	6.21101E-6	9.99963E-1	4.27702E-9
7.66771E-2	-5.52658E-3	2.03659E-5	1.00000E+0	4.71774E-9
7.73325E-2	-6.06598E-3	1.27642E-5	1.00003E+0	2.81415E-9
7.79878E-2	-6.33567E-3	1.07982E-5	1.00003E+0	4.97779E-9
7.86432E-2	-4.44780E-3	1.89242E-5	9.99984E-1	4.27132E-9
7.92986E-2	-4.44780E-3	1.25021E-5	9.99929E-1	4.50380E-9
7.99539E-2	-7.68415E-3	4.50718E-6	1.00005E+0	3.88242E-9
8.06093E-2	-5.25689E-3	1.26331E-5	1.00001E+0	5.87301E-9
8.12646E-2	-6.87507E-3	7.91483E-6	1.00000E+0	4.08875E-9
8.19200E-2	-6.33567E-3	1.21089E-5	1.00002E+0	3.05471E-9
8.25754E-2	-4.71749E-3	1.04050E-5	1.00000E+0	4.76908E-9
8.32307E-2	-6.06598E-3	1.17157E-5	9.99933E-1	4.53993E-9
8.38861E-2	-5.79628E-3	8.96334E-6	1.00006E+0	4.04692E-9
8.45414E-2	-6.33567E-3	9.09440E-6	1.00002E+0	4.92169E-9
8.51968E-2	-8.22355E-3	1.36816E-5	9.99940E-1	4.69920E-9
8.58522E-2	-5.25689E-3	9.61866E-6	9.99931E-1	3.65897E-9
8.65075E-2	-5.52658E-3	8.43908E-6	1.00002E+0	3.81016E-9
8.71629E-2	-6.33567E-3	5.94888E-6	1.00010E+0	3.88004E-9
8.78182E-2	-5.25689E-3	1.80067E-5	9.99885E-1	4.75244E-9
8.84736E-2	-5.79628E-3	8.70121E-6	1.00011E+0	4.60554E-9
8.91290E-2	-6.60537E-3	8.70121E-6	1.00000E+0	4.47908E-9
8.97843E-2	-6.33567E-3	8.30802E-6	9.99967E-1	3.09275E-9
9.04397E-2	-6.06598E-3	7.52164E-6	9.99999E-1	4.43534E-9
9.10950E-2	-4.98719E-3	6.86632E-6	1.00001E+0	4.33217E-9
9.17504E-2	-6.87507E-3	1.14535E-5	9.99935E-1	3.96562E-9
9.24058E-2	-4.98719E-3	1.36816E-5	1.00004E+0	3.79922E-9
9.30611E-2	-4.71749E-3	7.39058E-6	9.99995E-1	4.71013E-9
9.37165E-2	-6.33567E-3	8.30802E-6	1.00003E+0	3.27436E-9
9.43718E-2	-6.33567E-3	7.12845E-6	1.00003E+0	5.94623E-9
9.50272E-2	-4.98719E-3	1.06672E-5	9.99952E-1	3.92664E-9
9.56826E-2	-5.79628E-3	9.09440E-6	9.99990E-1	3.35946E-9
9.63379E-2	-4.98719E-3	6.60420E-6	1.00002E+0	5.00299E-9
9.69933E-2	-7.14476E-3	1.83999E-5	9.99978E-1	3.05281E-9
9.76486E-2	-5.25689E-3	1.00118E-5	1.00004E+0	5.18888E-9
9.83040E-2	-7.41446E-3	1.56476E-5	1.00002E+0	4.22900E-9
9.89594E-2	-5.79628E-3	8.04589E-6	9.99954E-1	4.20191E-9
9.96147E-2	-5.25689E-3	1.14535E-5	1.05200E+0	-3.08817E-7
1.00270E-1	1.99454E+0	7.25951E-6	1.00041E+0	-3.97138E-8
1.00925E-1	1.99292E+0	2.04969E-5	1.00005E+0	-2.27046E-8
1.01581E-1	1.99454E+0	1.23059E-6	9.99900E-1	-1.66648E-8
1.02236E-1	1.99373E+0	1.11914E-5	1.00003E+0	-1.19995E-8
1.02892E-1	1.99427E+0	1.06672E-5	9.99973E-1	-1.12075E-8
1.03547E-1	1.99373E+0	7.12845E-6	1.00003E+0	-8.19615E-9
1.04202E-1	1.99319E+0	1.04050E-5	9.99935E-1	-7.77730E-9
1.04858E-1	1.99292E+0	7.91483E-6	1.00001E+0	-7.73309E-9
1.05513E-1	1.99238E+0	8.57015E-6	9.99935E-1	-5.24093E-9
1.06168E-1	1.99265E+0	9.35653E-6	1.00016E+0	-4.92239E-9
1.06824E-1	1.99184E+0	7.52164E-6	9.99889E-1	-4.45743E-9
1.07479E-1	1.99265E+0	6.73526E-6	1.00002E+0	-4.47787E-9
1.08134E-1	1.99346E+0	1.18467E-5	9.99948E-1	-2.90851E-9
1.08790E-1	1.99292E+0	2.01697E-6	1.00008E+0	-3.68677E-9
1.09445E-1	1.99346E+0	1.19778E-5	9.99948E-1	-2.34608E-9
1.10100E-1	1.99238E+0	7.65270E-6	1.00006E+0	-3.88883E-9
1.10756E-1	1.99454E+0	1.28952E-5	9.99995E-1	-1.66005E-9
1.11411E-1	1.99211E+0	7.52164E-6	9.99942E-1	-3.33211E-9
1.12067E-1	1.99400E+0	1.68271E-5	9.99990E-1	-3.20308E-10
1.12722E-1	1.99265E+0	7.52164E-6	1.00009E+0	-2.47445E-9
1.13377E-1	1.99319E+0	1.10604E-5	9.99902E-1	-1.72375E-9
1.14033E-1	1.99292E+0	7.39058E-6	1.00003E+0	-1.15562E-9
1.14688E-1	1.99184E+0	1.13225E-5	1.00002E+0	-2.17968E-9
1.15343E-1	1.99319E+0	1.21089E-5	9.99971E-1	-9.71636E-10
1.15999E-1	1.99292E+0	6.99739E-6	9.99997E-1	-1.27496E-9
1.16654E-1	1.99346E+0	1.11914E-5	9.99973E-1	-1.64864E-9
1.17309E-1	1.99346E+0	1.31574E-5	1.00002E+0	-3.92572E-10
1.17965E-1	1.99077E+0	1.55165E-5	9.99952E-1	-9.54337E-11
1.18620E-1	1.99373E+0	1.17157E-5	1.00009E+0	-7.22515E-10
1.19276E-1	1.99319E+0	1.56476E-5	9.99921E-1	-1.81979E-9
1.19931E-1	1.99211E+0	8.43908E-6	1.00011E+0	-7.46762E-10
1.20586E-1	1.99427E+0	2.67229E-6	9.99916E-1	-6.98269E-10
1.21242E-1	1.99157E+0	1.18467E-5	1.00005E+0	1.18031E-10
1.21897E-1	1.99373E+0	1.45991E-5	9.99927E-1	-7.80041E-10
1.22552E-1	1.99346E+0	7.65270E-6	1.00015E+0	-5.47085E-10
1.23208E-1	1.99346E+0	9.09440E-6	9.99914E-1	6.19310E-11
1.23863E-1	1.99373E+0	1.06672E-5	9.99952E-1	-1.40142E-9
1.24518E-1	1.99346E+0	8.96334E-6	1.00008E+0	7.71261E-10
1.25174E-1	1.99265E+0	-6.04297E-7	9.99982E-1	-1.31727E-9
1.25829E-1	1.99238E+0	8.57015E-6	1.00002E+0	7.27046E-10
1.26484E-1	1.99184E+0	7.52164E-6	9.99950E-1	-8.55633E-10
1.27140E-1	1.99292E+0	7.25951E-6	9.99952E-1	1.93147E-10
1.27795E-1	1.99211E+0	8.04589E-6	1.00001E+0	-3.50551E-11
1.28451E-1	1.99319E+0	1.70893E-5	1.00010E+0	-1.62944E-10
1.29106E-1	1.99184E+0	1.13225E-5	9.99897E-1	-1.16828E-10
1.29761E-1	1.99211E+0	8.70121E-6	1.00000E+0	1.89820E-10
1.30417E-1	1.99265E+0	5.55569E-6	1.00001E+0	-4.00655E-10
1.31072E-1	1.99373E+0	1.15846E-5	1.00010E+0	-4.31373E-11
1.31727E-1	1.99373E+0	1.27642E-5	9.99952E-1	-1.04343E-9
1.32383E-1	1.99184E+0	7.78377E-6	9.99976E-1	5.00270E-10
1.33038E-1	1.99265E+0	1.05361E-5	9.99978E-1	1.08551E-9
1.33693E-1	1.99077E+0	6.60420E-6	1.00005E+0	-9.49291E-10
1.34349E-1	1.99184E+0	1.17157E-5	9.99976E-1	5.66354E-10
1.35004E-1	1.99346E+0	1.76135E-5	9.99963E-1	1.69852E-10
1.35660E-1	1.99184E+0	1.07982E-5	1.00002E+0	8.28496E-11
1.36315E-1	1.99292E+0	1.74825E-5	9.99992E-1	-9.97125E-11
1.36970E-1	1.99265E+0	1.09293E-5	9.99992E-1	4.25153E-10
1.37626E-1	1.99184E+0	1.15846E-5	1.00002E+0	1.44654E-10
1.38281E-1	1.99211E+0	1.04050E-5	1.00005E+0	3.31020E-10
1.38936E-1	1.99104E+0	1.35506E-5	9.99967E-1	-9.10307E-10
1.39592E-1	1.99454E+0	8.30802E-6	9.46612E-1	3.15428E-7
1.40247E-1	-7.41446E-3	1.18467E-5	9.99707E-1	4.07557E-8
1.40902E-1	-5.52658E-3	6.99739E-6	1.00001E+0	2.76611E-8
1.41558E-1	-5.79628E-3	8.96334E-6	9.99986E-1	2.15881E-8
1.42213E-1	-7.14476E-3	1.14535E-5	9.99988E-1	1.69694E-8
1.42868E-1	-6.06598E-3	9.22547E-6	1.00012E+0	1.51542E-8
1.43524E-1	-6.87507E-3	1.17157E-5	9.99957E-1	1.19308E-8
1.44179E-1	-7.14476E-3	7.91483E-6	1.00002E+0	1.26535E-8
1.44835E-1	-6.60537E-3	1.39438E-5	9.99921E-1	1.07551E-8
1.45490E-1	-6.60537E-3	1.42059E-5	1.00005E+0	1.00995E-8
1.46145E-1	-6.87507E-3	1.40748E-5	1.00004E+0	8.80066E-9
1.46801E-1	-7.95385E-3	-9.97488E-7	9.99948E-1	9.42156E-9
1.47456E-1	-5.79628E-3	9.61866E-6	1.00007E+0	7.96344E-9
1.48111E-1	-7.41446E-3	1.02740E-5	9.99904E-1	7.45427E-9
1.48767E-1	-5.79628E-3	7.78377E-6	1.00011E+0	8.00956E-9
1.49422E-1	-6.06598E-3	1.10604E-5	9.99864E-1	6.87758E-9
1.50077E-1	-5.25689E-3	9.74972E-6	1.00007E+0	6.45541E-9
1.50733E-1	-7.41446E-3	2.93442E-6	9.99931E-1	7.34207E-9
1.51388E-1	-6.60537E-3	1.04050E-5	1.00007E+0	5.98426E-9
1.52044E-1	-5.52658E-3	1.05361E-5	1.00001E+0	6.26238E-9
1.52699E-1	-7.41446E-3	1.75485E-6	1.00001E+0	7.12005E-9
1.53354E-1	-6.60537E-3	9.48759E-6	9.99978E-1	6.44875E-9
1.54010E-1	-6.87507E-3	1.01429E-5	9.99973E-1	5.58063E-9
1.54665E-1	-6.06598E-3	9.61866E-6	1.00005E+0	4.85086E-9
1.55320E-1	-5.79628E-3	9.35653E-6	9.99990E-1	5.62389E-9
1.55976E-1	-5.52658E-3	9.74972E-6	1.00006E+0	5.99805E-9
1.56631E-1	-6.06598E-3	1.05361E-5	1.00002E+0	4.98730E-9
1.57286E-1	-4.98719E-3	8.17696E-6	9.99935E-1	6.03894E-9
1.57942E-1	-6.06598E-3	7.78377E-6	9.99910E-1	4.46291E-9
1.58597E-1	-6.33567E-3	1.15846E-5	1.00013E+0	5.41661E-9
1.59252E-1	-6.33567E-3	4.11399E-6	9.99967E-1	5.27969E-9
1.59908E-1	-5.25689E-3	1.38127E-5	9.99948E-1	4.04502E-9
1.60563E-1	-4.44780E-3	1.21089E-5	9.99961E-1	5.43325E-9
1.61219E-1	-4.98719E-3	1.04050E-5	1.00011E+0	4.30745E-9
1.61874E-1	-6.33567E-3	1.09293E-5	9.99889E-1	5.45987E-9
1.62529E-1	-5.79628E-3	8.96334E-6	1.00003E+0	4.08543E-9
1.63185E-1	-6.33567E-3	9.35653E-6	1.00009E+0	5.72991E-9
1.63840E-1	-6.60537E-3	1.39438E-5	1.00001E+0	4.12536E-9
1.64495E-1	-5.25689E-3	1.63029E-5	9.99876E-1	5.12755E-9
1.65151E-1	-7.14476E-3	1.32884E-5	1.00005E+0	3.96847E-9
1.65806E-1	-5.52658E-3	9.35653E-6	1.00007E+0	5.21218E-9
1.66461E-1	-4.98719E-3	8.96334E-6	9.99895E-1	4.70918E-9
1.67117E-1	-4.98719E-3	8.43908E-6	1.00002E+0	4.62693E-9
1.67772E-1	-5.79628E-3	7.39058E-6	1.00006E+0	3.55628E-9
1.68428E-1	-6.87507E-3	2.56084E-5	9.99957E-1	4.99158E-9
1.69083E-1	-6.33567E-3	1.06672E-5	1.00001E+0	3.98749E-9
1.69738E-1	-5.79628E-3	8.83228E-6	1.00009E+0	4.05120E-9
1.70394E-1	-5.79628E-3	5.16250E-6	9.99817E-1	4.24089E-9
1.71049E-1	-4.44780E-3	8.57015E-6	1.00013E+0	3.57910E-9
1.71704E-1	-4.17810E-3	7.25951E-6	9.99948E-1	5.81549E-9
1.72360E-1	-6.87507E-3	1.02740E-5	1.00002E+0	3.66801E-9
1.73015E-1	-4.71749E-3	1.15846E-5	1.00005E+0	4.31410E-9
1.73670E-1	-7.14476E-3	9.48759E-6	9.99919E-1	4.65070E-9
1.74326E-1	-5.25689E-3	5.94888E-6	1.00004E+0	3.65327E-9
1.74981E-1	-5.79628E-3	1.11914E-5	1.00001E+0	4.36070E-9
1.75636E-1	-5.79628E-3	1.97105E-5	1.00000E+0	3.35138E-9
1.76292E-1	-5.52658E-3	5.68675E-6	9.99935E-1	4.10444E-9
1.76947E-1	-6.87507E-3	7.78377E-6	1.00007E+0	5.30916E-9
1.77603E-1	-5.79628E-3	1.05361E-5	1.00001E+0	2.53935E-9
1.78258E-1	-4.98719E-3	8.96334E-6	9.99946E-1	5.14134E-9
1.78913E-1	-5.79628E-3	1.26331E-5	9.99921E-1	3.93567E-9
1.79569E-1	-6.33567E-3	1.04050E-5	1.00018E+0	3.30431E-9
1.80224E-1	-4.98719E-3	9.88078E-6	9.99887E-1	3.79970E-9
1.80879E-1	-6.33567E-3	6.60420E-6	1.00003E+0	5.51502E-9
1.81535E-1	-5.79628E-3	5.42462E-6	9.99912E-1	3.44028E-9
1.82190E-1	-9.03264E-3	2.14144E-5	1.00011E+0	3.66088E-9
1.82845E-1	-5.52658E-3	4.50718E-6	9.99952E-1	4.27417E-9
1.83501E-1	-4.98719E-3	8.30802E-6	1.00004E+0	3.76309E-9
1.84156E-1	-5.52658E-3	1.48612E-5	1.00005E+0	3.95516E-9
1.84812E-1	-5.52658E-3	5.81781E-6	9.99940E-1	4.65213E-9
1.85467E-1	-5.25689E-3	1.11914E-5	9.99914E-1	3.69130E-9
1.86122E-1	-6.06598E-3	1.36816E-5	1.00007E+0	2.91494E-9
1.86778E-1	-6.60537E-3	1.47301E-5	1.00002E+0	4.91837E-9
1.87433E-1	-6.06598E-3	1.82084E-7	1.00001E+0	4.45055E-9
1.88088E-1	-5.79628E-3	1.43369E-5	9.99971E-1	2.75567E-9
1.88744E-1	-6.06598E-3	2.67229E-6	9.99929E-1	3.96467E-9
1.89399E-1	-5.79628E-3	7.12845E-6	1.00017E+0	4.37876E-9
1.90054E-1	-4.71749E-3	2.54123E-6	9.99954E-1	3.18831E-9
1.90710E-1	-5.52658E-3	4.50718E-6	9.99931E-1	5.21550E-9
1.91365E-1	-6.06598E-3	1.07982E-5	1.00004E+0	2.82889E-9
1.92020E-1	-4.98719E-3	1.02740E-5	1.00004E+0	4.97922E-9
1.92676E-1	-7.68415E-3	1.53855E-5	9.99952E-1	2.42763E-9
1.93331E-1	-6.60537E-3	9.88078E-6	1.00001E+0	4.14153E-9
1.93987E-1	-4.98719E-3	1.18467E-5	9.99988E-1	3.80921E-9
1.94642E-1	-6.87507E-3	4.11399E-6	1.00001E+0	3.46785E-9
1.95297E-1	-4.71749E-3	6.73526E-6	1.00005E+0	4.88794E-9
1.95953E-1	-4.71749E-3	1.47301E-5	1.00001E+0	3.60335E-9
1.96608E-1	-5.52658E-3	7.39058E-6	9.99897E-1	3.33283E-9
1.97263E-1	-4.17810E-3	9.48759E-6	1.00006E+0	4.47527E-9
1.97919E-1	-6.06598E-3	1.09293E-5	9.99969E-1	3.31572E-9
1.98574E-1	-4.98719E-3	4.44211E-7	9.99995E-1	4.25848E-9
1.99229E-1	-4.44780E-3	7.65270E-6	9.99967E-1	2.67770E-9
1.99885E-1	1.99346E+0	1.07982E-5	1.05307E+0	-3.30190E-7
2.00540E-1	1.99319E+0	1.02740E-5	9.99815E-1	-3.11357E-8
2.01196E-1	1.99400E+0	9.74972E-6	1.00010E+0	-1.89084E-8
2.01851E-1	1.99292E+0	1.05361E-5	9.99891E-1	-1.46666E-8
2.02506E-1	1.99373E+0	6.73526E-6	1.00002E+0	-1.27483E-8
2.03162E-1	1.99454E+0	1.19778E-5	9.99952E-1	-8.29218E-9
2.03817E-1	1.99319E+0	1.18467E-5	1.00000E+0	-8.59693E-9
2.04472E-1	1.99427E+0	1.49923E-5	1.00001E+0	-7.59189E-9
2.05128E-1	1.99238E+0	1.18467E-5	1.00006E+0	-6.20841E-9
2.05783E-1	1.99346E+0	1.04050E-5	9.99891E-1	-5.81286E-9
2.06438E-1	1.99346E+0	9.48759E-6	1.00007E+0	-5.34552E-9
2.07094E-1	1.99238E+0	8.43908E-6	9.99986E-1	-3.73907E-9
2.07749E-1	1.99454E+0	9.48759E-6	1.00003E+0	-3.67298E-9
2.08404E-1	1.99373E+0	9.74972E-6	9.99919E-1	-3.20137E-9
2.09060E-1	1.99130E+0	-4.73234E-7	1.00004E+0	-2.90185E-9
2.09715E-1	1.99238E+0	1.23710E-5	9.99967E-1	-3.46808E-9
2.10371E-1	1.99292E+0	7.78377E-6	1.00007E+0	-2.26906E-9
2.11026E-1	1.99211E+0	5.81781E-6	1.00003E+0	-2.59140E-9
2.11681E-1	1.99319E+0	1.04050E-5	9.99929E-1	-2.95129E-9
2.12337E-1	1.99265E+0	9.35653E-6	1.00003E+0	-1.69903E-9
2.12992E-1	1.99346E+0	8.70121E-6	9.99950E-1	-1.05531E-9
2.13647E-1	1.99373E+0	1.14535E-5	1.00010E+0	-2.68268E-9
2.14303E-1	1.99373E+0	7.52164E-6	9.99834E-1	-1.14231E-9
2.14958E-1	1.99373E+0	5.94888E-6	1.00016E+0	-1.46845E-9
2.15613E-1	1.99265E+0	1.49923E-5	9.99935E-1	-2.48823E-9
2.16269E-1	1.99454E+0	7.39058E-6	9.99952E-1	1.01391E-10
2.16924E-1	1.99292E+0	1.04050E-5	9.99997E-1	-1.40475E-9
2.17580E-1	1.99346E+0	9.88078E-6	1.00009E+0	-1.30871E-9
2.18235E-1	1.99130E+0	4.37612E-6	9.99927E-1	-2.36450E-11
2.18890E-1	1.99211E+0	1.02740E-5	1.00005E+0	-6.86383E-10
2.19546E-1	1.99238E+0	1.10604E-5	9.99895E-1	-7.97156E-10
2.20201E-1	1.99400E+0	8.96334E-6	1.00011E+0	-7.61024E-10
2.20856E-1	1.99265E+0	1.21089E-5	9.99938E-1	-1.93817E-9
2.21512E-1	1.99373E+0	1.06672E-5	1.00009E+0	-5.10002E-10
2.22167E-1	1.99265E+0	9.74972E-6	9.99864E-1	-6.94941E-10
2.22822E-1	1.99319E+0	8.83228E-6	1.00009E+0	-3.26964E-10
2.23478E-1	1.99319E+0	1.06672E-5	9.99946E-1	-1.59140E-10
2.24133E-1	1.99265E+0	8.96334E-6	1.00010E+0	-1.71977E-10
2.24788E-1	1.99238E+0	1.98416E-5	9.99980E-1	-1.54386E-10
2.25444E-1	1.99319E+0	1.02740E-5	9.99946E-1	-9.16012E-10
2.26099E-1	1.99265E+0	7.25951E-6	9.99995E-1	-2.93685E-10
2.26755E-1	1.99292E+0	9.61866E-6	9.99982E-1	2.13591E-10
2.27410E-1	1.99130E+0	6.99739E-6	1.00005E+0	-6.59284E-10
2.28065E-1	1.99104E+0	1.18467E-5	1.00001E+0	-7.09203E-10
2.28721E-1	1.99238E+0	6.86632E-6	1.00003E+0	1.84590E-10
2.29376E-1	1.99184E+0	1.05361E-5	9.99933E-1	-3.94949E-10
2.30031E-1	1.99157E+0	8.17696E-6	9.99980E-1	1.28662E-9
2.30687E-1	1.99157E+0	1.11914E-5	1.00004E+0	-4.82427E-10
2.31342E-1	1.99292E+0	9.22547E-6	1.00003E+0	-1.41550E-10
2.31997E-1	1.99238E+0	9.88078E-6	9.99999E-1	-3.89244E-10
2.32653E-1	1.99157E+0	9.35653E-6	9.99942E-1	-9.10307E-10
2.33308E-1	1.99319E+0	7.91483E-6	1.00008E+0	1.33844E-9
2.33964E-1	1.99050E+0	3.98293E-6	9.99954E-1	1.37523E-10
2.34619E-1	1.99184E+0	9.88078E-6	1.00006E+0	-8.00960E-10
2.35274E-1	1.99130E+0	1.26331E-5	9.99954E-1	8.45426E-10
2.35930E-1	1.99265E+0	1.17157E-5	1.00004E+0	-1.09696E-10
2.36585E-1	1.99265E+0	9.74972E-6	9.99912E-1	4.76683E-11
2.37240E-1	1.98969E+0	1.11914E-5	1.00007E+0	9.75876E-11
2.37896E-1	1.99373E+0	9.74972E-6	9.99902E-1	-1.00188E-10
2.38551E-1	1.99238E+0	8.70121E-6	1.00013E+0	-6.35513E-10
2.39206E-1	1.99184E+0	9.74972E-6	9.99980E-1	-1.38697E-10
2.39862E-1	-5.79628E-3	8.70121E-6	9.46449E-1	3.35278E-7
2.40517E-1	-7.68415E-3	1.21089E-5	1.00021E+0	3.53444E-8
2.41172E-1	-6.87507E-3	1.94484E-5	9.99973E-1	2.26245E-8
2.41828E-1	-7.41446E-3	9.09440E-6	1.00009E+0	1.93588E-8
2.42483E-1	-6.87507E-3	5.42462E-6	9.99965E-1	1.45851E-8
2.43139E-1	-4.98719E-3	1.27642E-5	1.00005E+0	1.46360E-8
2.43794E-1	-5.52658E-3	6.47313E-6	9.99963E-1	1.19608E-8
2.44449E-1	-5.79628E-3	1.04050E-5	1.00003E+0	1.12862E-8
2.45105E-1	-6.87507E-3	9.74972E-6	1.00002E+0	9.12680E-9
2.45760E-1	-6.06598E-3	9.68465E-7	9.99986E-1	1.04447E-8
2.46415E-1	-6.33567E-3	1.26331E-5	1.00001E+0	8.53110E-9
2.47071E-1	-7.14476E-3	1.15846E-5	9.99988E-1	6.86665E-9
2.47726E-1	-4.71749E-3	7.52164E-6	1.00001E+0	8.27152E-9
2.48381E-1	-5.79628E-3	1.02740E-5	1.00003E+0	7.01735E-9
2.49037E-1	-6.87507E-3	8.83228E-6	9.99904E-1	7.76757E-9
2.49692E-1	-4.71749E-3	1.04050E-5	1.00013E+0	6.50152E-9
2.50348E-1	-5.25689E-3	9.22547E-6	9.99906E-1	7.56504E-9
2.51003E-1	-6.33567E-3	5.16250E-6	1.00003E+0	5.16701E-9
2.51658E-1	-4.98719E-3	4.76931E-6	9.99992E-1	6.07031E-9
2.52314E-1	-4.98719E-3	9.61866E-6	1.00000E+0	5.89060E-9
2.52969E-1	-6.60537E-3	7.25951E-6	1.00003E+0	5.80645E-9
2.53624E-1	-4.98719E-3	1.27642E-5	9.99954E-1	6.55144E-9
2.54280E-1	-6.87507E-3	1.31574E-5	1.00007E+0	5.54260E-9
2.54935E-1	-5.79628E-3	1.00118E-5	9.99990E-1	4.76528E-9
2.55590E-1	-6.06598E-3	9.61866E-6	9.99891E-1	5.01440E-9
2.56246E-1	-5.79628E-3	6.34207E-6	1.00015E+0	5.37382E-9
2.56901E-1	-5.79628E-3	1.35506E-5	9.99815E-1	4.70633E-9
2.57556E-1	-6.06598E-3	1.05361E-5	1.00013E+0	6.28473E-9
2.58212E-1	-5.79628E-3	9.35653E-6	9.99938E-1	4.49524E-9
2.58867E-1	-4.71749E-3	1.05361E-5	1.00003E+0	4.16482E-9
2.59523E-1	-6.60537E-3	1.18467E-5	1.00004E+0	5.37287E-9
2.60178E-1	-5.25689E-3	8.04589E-6	9.99986E-1	3.94898E-9
2.60833E-1	-5.79628E-3	9.48759E-6	9.99940E-1	5.49981E-9
2.61489E-1	-5.79628E-3	5.68675E-6	1.00006E+0	3.28339E-9
2.62144E-1	-5.52658E-3	8.57015E-6	1.00002E+0	5.63958E-9
2.62799E-1	-6.60537E-3	1.10604E-5	9.99933E-1	4.61552E-9
2.63455E-1	-7.68415E-3	7.78377E-6	1.00007E+0	4.70633E-9
2.64110E-1	-7.68415E-3	1.35506E-5	1.00002E+0	3.39084E-9
2.64765E-1	-7.14476E-3	9.48759E-6	9.99980E-1	4.30412E-9
2.65421E-1	-4.98719E-3	1.11914E-5	9.99957E-1	3.85865E-9
2.66076E-1	-5.52658E-3	1.09293E-5	1.00003E+0	4.68351E-9
2.66732E-1	-5.52658E-3	7.39058E-6	9.99999E-1	4.69444E-9
2.67387E-1	-5.25689E-3	1.22399E-5	9.99961E-1	4.12013E-9
2.68042E-1	-6.06598E-3	9.09440E-6	1.00000E+0	5.00537E-9
2.68698E-1	-5.52658E-3	1.04050E-5	1.00003E+0	3.13981E-9
2.69353E-1	-4.71749E-3	1.18467E-5	9.99995E-1	5.25211E-9
2.70008E-1	-6.60537E-3	8.83228E-6	9.99995E-1	4.33217E-9
2.70664E-1	-4.98719E-3	1.95795E-5	1.00007E+0	3.13601E-9
2.71319E-1	-4.98719E-3	9.48759E-6	9.99984E-1	4.77384E-9
2.71974E-1	-6.33567E-3	9.22547E-6	9.99902E-1	4.23138E-9
2.72630E-1	-5.79628E-3	1.34195E-5	1.00014E+0	3.31049E-9
2.73285E-1	-6.06598E-3	6.21101E-6	9.99864E-1	3.77165E-9
2.73940E-1	-4.98719E-3	8.70121E-6	1.00005E+0	5.34007E-9
2.74596E-1	-5.25689E-3	7.65270E-6	9.99965E-1	2.26313E-9
2.75251E-1	-6.60537E-3	8.57015E-6	1.00011E+0	5.51455E-9
2.75907E-1	-7.68415E-3	1.63029E-5	9.99969E-1	3.99985E-9
2.76562E-1	-5.52658E-3	1.10604E-5	9.99982E-1	4.06261E-9
2.77217E-1	-7.14476E-3	8.83228E-6	9.99923E-1	3.29242E-9
2.77873E-1	-3.90841E-3	9.48759E-6	9.99997E-1	4.17005E-9
2.78528E-1	-6.06598E-3	1.01429E-5	1.00010E+0	3.56104E-9
2.79183E-1	-6.33567E-3	1.07982E-5	1.00001E+0	3.86245E-9
2.79839E-1	-5.25689E-3	1.81378E-5	9.99893E-1	3.22777E-9
2.80494E-1	-4.17810E-3	4.11399E-6	1.00007E+0	4.04359E-9
2.81149E-1	-6.06598E-3	1.17157E-5	9.99959E-1	5.25687E-9
2.81805E-1	-6.60537E-3	1.40748E-5	1.00009E+0	2.88451E-9
2.82460E-1	-4.71749E-3	6.86632E-6	9.99921E-1	4.57226E-9
2.83116E-1	-5.25689E-3	8.70121E-6	9.99999E-1	2.78087E-9
2.83771E-1	-6.06598E-3	1.09293E-5	9.99942E-1	4.16530E-9
2.84426E-1	-4.98719E-3	8.96334E-6	1.00008E+0	3.90429E-9
2.85082E-1	-7.14476E-3	7.91483E-6	9.99973E-1	4.94499E-9
2.85737E-1	-6.60537E-3	7.78377E-6	1.00004E+0	3.20637E-9
2.86392E-1	-4.71749E-3	4.11399E-6	9.99997E-1	3.46690E-9
2.87048E-1	-7.68415E-3	1.17157E-5	9.99992E-1	3.23157E-9
2.87703E-1	-5.52658E-3	7.52164E-6	9.99950E-1	5.15608E-9
2.88358E-1	-5.79628E-3	1.65650E-5	1.00006E+0	2.52176E-9
2.89014E-1	-3.90841E-3	8.57015E-6	9.99997E-1	4.90363E-9
2.89669E-1	-6.06598E-3	8.96334E-6	9.99950E-1	3.29860E-9
2.90324E-1	-5.25689E-3	1.05361E-5	9.99978E-1	3.63330E-9
2.90980E-1	-7.14476E-3	1.14535E-5	1.00007E+0	3.94470E-9
2.91635E-1	-5.79628E-3	6.47313E-6	9.99921E-1	3.11366E-9
2.92291E-1	-5.52658E-3	8.04589E-6	1.00016E+0	3.93757E-9
2.92946E-1	-6.87507E-3	4.63824E-6	9.99906E-1	4.06451E-9
2.93601E-1	-5.79628E-3	1.22399E-5	1.00002E+0	3.94137E-9
2.94257E-1	-7.41446E-3	1.28952E-5	9.99946E-1	3.11081E-9
2.94912E-1	-4.98719E-3	1.56476E-5	1.00008E+0	4.42203E-9
2.95567E-1	-6.06598E-3	1.04050E-5	9.99925E-1	2.66439E-9
2.96223E-1	-5.79628E-3	8.17696E-6	1.00013E+0	4.07639E-9
2.96878E-1	-4.98719E-3	1.00118E-5	9.99942E-1	4.10159E-9
2.97533E-1	-6.33567E-3	1.26331E-5	9.99971E-1	2.82794E-9
2.98189E-1	-5.52658E-3	1.02740E-5	9.99910E-1	3.77450E-9
2.98844E-1	-5.52658E-3	9.88078E-6	1.00008E+0	4.13820E-9
2.99500E-1	-5.25689E-3	2.04969E-5	1.05382E+0	-3.07670E-7
3.00155E-1	1.99319E+0	5.10203E-8	9.98962E-1	-3.72302E-8
3.00810E-1	1.99481E+0	1.28952E-5	9.99992E-1	-2.42269E-8
3.01466E-1	1.99319E+0	1.19778E-5	1.00003E+0	-1.74873E-8
3.02121E-1	1.99481E+0	1.06672E-5	9.99942E-1	-1.30901E-8
3.02776E-1	1.99184E+0	9.74972E-6	1.00002E+0	-1.08243E-8
3.03432E-1	1.99508E+0	8.96334E-6	9.99961E-1	-9.08329E-9
3.04087E-1	1.99130E+0	1.01429E-5	9.99995E-1	-8.35256E-9
3.04742E-1	1.99319E+0	9.48759E-6	9.99925E-1	-6.59921E-9
3.05398E-1	1.99346E+0	8.30802E-6	1.00012E+0	-5.90461E-9
3.06053E-1	1.99319E+0	9.88078E-6	9.99925E-1	-4.63001E-9
3.06708E-1	1.99508E+0	9.35653E-6	1.00002E+0	-5.78528E-9
3.07364E-1	1.99373E+0	2.01697E-6	9.99961E-1	-3.81323E-9
3.08019E-1	1.99319E+0	8.04589E-6	1.00007E+0	-3.73146E-9
3.08675E-1	1.99400E+0	8.70121E-6	9.99940E-1	-3.71530E-9
3.09330E-1	1.99319E+0	9.48759E-6	9.99957E-1	-2.21391E-9
3.09985E-1	1.99373E+0	7.52164E-6	9.99990E-1	-3.71387E-9
3.10641E-1	1.99211E+0	7.91483E-6	1.00002E+0	-2.15496E-9
3.11296E-1	1.99427E+0	8.17696E-6	1.00002E+0	-1.62914E-9
3.11951E-1	1.99373E+0	1.25021E-5	9.99963E-1	-2.63466E-9
3.12607E-1	1.99319E+0	9.61866E-6	1.00003E+0	-2.16447E-9
3.13262E-1	1.99346E+0	6.47313E-6	1.00006E+0	-2.09173E-9
3.13917E-1	1.99319E+0	9.35653E-6	9.99997E-1	-7.31548E-10
3.14573E-1	1.99292E+0	6.99739E-6	9.99961E-1	-2.18396E-9
3.15228E-1	1.99292E+0	8.43908E-6	1.00001E+0	-1.80695E-9
3.15884E-1	1.99238E+0	7.65270E-6	1.00003E+0	-1.17702E-9
3.16539E-1	1.99157E+0	9.22547E-6	9.99935E-1	-6.16787E-11
3.17194E-1	1.99184E+0	1.18467E-5	1.00004E+0	-2.31661E-9
3.17850E-1	1.99292E+0	1.36816E-5	9.99963E-1	4.83630E-10
3.18505E-1	1.99346E+0	8.43908E-6	9.99973E-1	-1.99570E-9
3.19160E-1	1.99346E+0	9.09440E-6	9.99988E-1	-5.99381E-10
3.19816E-1	1.99292E+0	1.23710E-5	9.99995E-1	-2.46142E-10
3.20471E-1	1.99319E+0	1.15846E-5	1.00006E+0	-2.05988E-9
3.21126E-1	1.99265E+0	1.00118E-5	1.00003E+0	-1.00301E-9
3.21782E-1	1.99211E+0	6.21101E-6	1.00001E+0	3.47660E-10
3.22437E-1	1.99211E+0	6.47313E-6	9.99984E-1	1.73655E-10
3.23092E-1	1.99211E+0	6.86632E-6	9.99954E-1	-8.13796E-10
3.23748E-1	1.99670E+0	1.23710E-5	9.99969E-1	-4.16819E-10
3.24403E-1	1.99319E+0	1.19778E-5	1.00002E+0	-2.40913E-10
3.25059E-1	1.99319E+0	9.74972E-6	9.99946E-1	-1.04485E-9
3.25714E-1	1.99157E+0	7.12845E-6	1.00005E+0	1.69852E-10
3.26369E-1	1.99104E+0	1.17157E-5	1.00003E+0	-2.68487E-10
3.27025E-1	1.99346E+0	7.91483E-6	1.00004E+0	-1.03772E-9
3.27680E-1	1.99238E+0	1.04050E-5	9.99925E-1	7.71445E-11
3.28335E-1	1.99238E+0	-1.39068E-6	1.00007E+0	-7.97632E-10
3.28991E-1	1.99184E+0	6.86632E-6	9.99938E-1	1.09455E-9
3.29646E-1	1.99238E+0	8.96334E-6	1.00010E+0	-8.09042E-10
3.30301E-1	1.99319E+0	6.34207E-6	9.99862E-1	-1.21582E-10
3.30957E-1	1.99238E+0	1.19778E-5	1.00003E+0	1.95049E-10
3.31612E-1	1.99319E+0	1.06672E-5	1.00006E+0	-5.13330E-10
3.32268E-1	1.99292E+0	3.98293E-6	9.99925E-1	6.45274E-10
3.32923E-1	1.99265E+0	5.03143E-6	9.99971E-1	-4.27754E-10
3.33578E-1	1.99238E+0	1.27642E-5	1.00005E+0	-4.61033E-10
3.34234E-1	1.99104E+0	9.35653E-6	1.00005E+0	-4.29655E-10
3.34889E-1	1.99292E+0	1.17157E-5	9.99999E-1	1.37219E-9
3.35544E-1	1.99346E+0	6.99739E-6	1.00002E+0	-2.61831E-10
3.36200E-1	1.99238E+0	6.73526E-6	9.99946E-1	5.16434E-10
3.36855E-1	1.99292E+0	1.40748E-5	1.00000E+0	-1.16846E-9
3.37510E-1	1.99346E+0	1.07982E-5	1.00002E+0	1.29898E-9
3.38166E-1	1.99346E+0	2.22008E-5	9.99973E-1	2.63510E-10
3.38821E-1	1.99265E+0	7.91483E-6	1.00003E+0	-1.15705E-9
3.39476E-1	1.99319E+0	6.86632E-6	9.45410E-1	3.08454E-7
3.40132E-1	-6.87507E-3	8.70121E-6	1.00167E+0	4.48747E-8
3.40787E-1	-7.14476E-3	2.93442E-6	1.00010E+0	2.69147E-8
3.41443E-1	-6.33567E-3	7.78377E-6	1.00002E+0	2.22979E-8
3.42098E-1	-7.14476E-3	8.70121E-6	1.00000E+0	1.60009E-8
3.42753E-1	-6.87507E-3	-1.25961E-6	9.99935E-1	1.49132E-8
3.43409E-1	-6.87507E-3	1.31574E-5	1.00009E+0	1.21300E-8
3.44064E-1	-5.79628E-3	1.40748E-5	1.00007E+0	1.20525E-8
3.44719E-1	-7.14476E-3	4.37612E-6	9.99908E-1	1.12900E-8
3.45375E-1	-4.71749E-3	6.99739E-6	1.00001E+0	9.24994E-9
3.46030E-1	-5.52658E-3	-2.57025E-6	9.99980E-1	9.14011E-9
3.46685E-1	-6.60537E-3	2.93442E-6	1.00005E+0	7.41766E-9
3.47341E-1	-6.87507E-3	1.23710E-5	1.00007E+0	8.79924E-9
3.47996E-1	-5.25689E-3	1.11914E-5	9.99950E-1	8.25012E-9
3.48652E-1	-6.06598E-3	5.42462E-6	9.99995E-1	5.85305E-9
3.49307E-1	-6.60537E-3	6.86632E-6	9.99933E-1	7.20134E-9
3.49962E-1	-7.68415E-3	9.35653E-6	1.00003E+0	7.32685E-9
3.50618E-1	-5.25689E-3	3.06548E-6	1.00004E+0	5.97285E-9
3.51273E-1	-5.79628E-3	1.28952E-5	9.99982E-1	5.69521E-9
3.51928E-1	-7.14476E-3	1.05361E-5	9.99959E-1	6.15732E-9
3.52584E-1	-6.06598E-3	5.42462E-6	1.00008E+0	5.50694E-9
3.53239E-1	-5.25689E-3	5.55569E-6	9.99988E-1	6.54431E-9
3.53894E-1	-4.98719E-3	1.01429E-5	9.99940E-1	5.13801E-9
3.54550E-1	-7.14476E-3	1.36166E-6	1.00003E+0	5.84354E-9
3.55205E-1	-6.33567E-3	1.15846E-5	1.00001E+0	3.55913E-9
3.55860E-1	-4.98719E-3	5.68675E-6	1.00007E+0	5.59727E-9
3.56516E-1	-6.33567E-3	6.07994E-6	9.99940E-1	6.23196E-9
3.57171E-1	-5.79628E-3	1.32884E-5	1.00002E+0	4.63929E-9
3.57827E-1	-5.52658E-3	1.17157E-5	9.99940E-1	4.42583E-9
3.58482E-1	-6.33567E-3	4.90037E-6	9.99997E-1	5.36954E-9
3.59137E-1	-6.06598E-3	1.15846E-5	1.00008E+0	3.60335E-9
3.59793E-1	-5.52658E-3	1.02740E-5	9.99954E-1	5.04388E-9
3.60448E-1	-5.25689E-3	1.42059E-5	1.00007E+0	5.03057E-9
3.61103E-1	-7.68415E-3	1.27642E-5	9.99912E-1	4.50237E-9
3.61759E-1	-5.79628E-3	8.96334E-6	9.99995E-1	4.78858E-9
3.62414E-1	-7.14476E-3	7.06338E-7	1.00002E+0	3.80540E-9
3.63069E-1	-4.71749E-3	8.96334E-6	1.00005E+0	4.14818E-9
3.63725E-1	-4.98719E-3	1.18467E-5	9.99921E-1	5.06289E-9
3.64380E-1	-4.98719E-3	1.14535E-5	1.00007E+0	3.33759E-9
3.65036E-1	-6.60537E-3	-1.03030E-5	9.99902E-1	4.85418E-9
3.65691E-1	-7.14476E-3	5.16250E-6	1.00014E+0	4.30174E-9
3.66346E-1	-4.44780E-3	1.34195E-5	9.99891E-1	4.12964E-9
3.67002E-1	-6.33567E-3	1.27642E-5	9.99988E-1	4.66592E-9
3.67657E-1	-5.25689E-3	1.13225E-5	1.00002E+0	4.59033E-9
3.68312E-1	-6.33567E-3	6.99739E-6	1.00003E+0	4.57036E-9
3.68968E-1	-4.71749E-3	9.09440E-6	9.99995E-1	3.87909E-9
3.69623E-1	-6.33567E-3	8.96334E-6	1.00003E+0	4.12679E-9
3.70278E-1	-5.79628E-3	1.70893E-5	1.00002E+0	3.17975E-9
3.70934E-1	-5.52658E-3	1.01429E-5	9.99961E-1	3.90382E-9
3.71589E-1	-6.06598E-3	3.45867E-6	9.99980E-1	4.84610E-9
3.72244E-1	-4.44780E-3	7.39058E-6	1.00007E+0	3.59622E-9
3.72900E-1	-8.22355E-3	1.00118E-5	9.99883E-1	4.85276E-9
3.73555E-1	-7.41446E-3	1.62378E-6	1.00007E+0	3.66183E-9
3.74211E-1	-5.52658E-3	1.25021E-5	9.99910E-1	3.33331E-9
3.74866E-1	-5.25689E-3	1.30263E-5	1.00005E+0	4.77051E-9
3.75521E-1	-4.98719E-3	1.97105E-5	9.99988E-1	3.43505E-9
3.76177E-1	-6.06598E-3	8.30802E-6	1.00007E+0	3.52871E-9
3.76832E-1	-4.71749E-3	6.21101E-6	9.99950E-1	4.25515E-9
3.77487E-1	-6.06598E-3	2.03659E-5	9.99995E-1	4.36307E-9
3.78143E-1	-5.52658E-3	6.21101E-6	9.99988E-1	4.35594E-9
3.78798E-1	-3.90841E-3	1.21089E-5	1.00003E+0	3.56532E-9
3.79453E-1	-6.60537E-3	1.40748E-5	9.99982E-1	4.02457E-9
3.80109E-1	-5.52658E-3	1.21089E-5	1.00003E+0	2.22130E-9
3.80764E-1	-6.87507E-3	1.49272E-6	9.99950E-1	4.44912E-9
3.81420E-1	-7.95385E-3	9.88078E-6	1.00009E+0	4.93215E-9
3.82075E-1	-5.79628E-3	1.23710E-5	1.00000E+0	2.56408E-9
3.82730E-1	-6.06598E-3	1.10604E-5	9.99935E-1	4.62360E-9
3.83386E-1	-5.52658E-3	3.72080E-6	1.00006E+0	3.61571E-9
3.84041E-1	-5.25689E-3	-2.04600E-6	9.99995E-1	3.22063E-9
3.84696E-1	-3.90841E-3	2.06280E-5	9.99906E-1	4.36878E-9
3.85352E-1	-5.52658E-3	8.70121E-6	1.00004E+0	3.09560E-9
3.86007E-1	-6.87507E-3	1.23710E-5	1.00002E+0	4.81425E-9
3.86662E-1	-6.33567E-3	7.12845E-6	9.99995E-1	3.44503E-9
3.87318E-1	-5.79628E-3	6.73526E-6	9.99992E-1	4.06689E-9
3.87973E-1	-4.98719E-3	1.42059E-5	1.00008E+0	3.67942E-9
3.88628E-1	-6.87507E-3	9.35653E-6	9.99900E-1	3.17452E-9
3.89284E-1	-3.63871E-3	1.47301E-5	9.99995E-1	3.76214E-9
3.89939E-1	-6.33567E-3	8.04589E-6	1.00012E+0	3.86008E-9
3.90595E-1	-6.06598E-3	3.58973E-6	9.99870E-1	4.10825E-9
3.91250E-1	-6.87507E-3	1.10604E-5	1.00001E+0	3.52110E-9
3.91905E-1	-6.60537E-3	1.47301E-5	9.99969E-1	3.11176E-9
3.92561E-1	-4.71749E-3	2.18076E-5	1.00007E+0	3.93852E-9
3.93216E-1	-5.25689E-3	1.63029E-5	9.99954E-1	3.23965E-9
3.93871E-1	-6.87507E-3	-1.12855E-6	1.00006E+0	3.30431E-9
3.94527E-1	-7.14476E-3	1.26331E-5	1.00002E+0	4.83612E-9
3.95182E-1	-6.06598E-3	1.09293E-5	1.00000E+0	3.89288E-9
3.95837E-1	-5.52658E-3	9.09440E-6	9.99891E-1	2.37438E-9
3.96493E-1	-6.33567E-3	5.68675E-6	1.00017E+0	4.06784E-9
3.97148E-1	-6.60537E-3	8.96334E-6	9.99921E-1	4.38352E-9
3.97804E-1	-4.71749E-3	1.66961E-5	1.00002E+0	2.43334E-9
3.98459E-1	-6.33567E-3	1.56476E-5	1.00000E+0	4.10920E-9
3.99114E-1	-5.52658E-3	1.15846E-5	1.00003E+0	3.22254E-9
3.99770E-1	1.99427E+0	2.67229E-6	1.05301E+0	-3.26485E-7
4.00425E-1	1.99481E+0	5.68675E-6	1.00002E+0	-3.29499E-8
4.01080E-1	1.99373E+0	4.44211E-7	9.99925E-1	-1.95207E-8
4.01736E-1	1.99265E+0	1.00118E-5	9.99925E-1	-1.59465E-8
4.02391E-1	1.99373E+0	9.74972E-6	1.00001E+0	-1.06702E-8
4.03046E-1	1.99400E+0	1.35506E-5	9.99967E-1	-1.09341E-8
4.03702E-1	1.99292E+0	1.25021E-5	1.00001E+0	-8.64875E-9
4.04357E-1	1.99508E+0	6.34207E-6	9.99990E-1	-7.74640E-9
4.05012E-1	1.99373E+0	1.15846E-5	9.99988E-1	-6.30207E-9
4.05668E-1	1.99319E+0	7.52164E-6	9.99976E-1	-4.68706E-9
4.06323E-1	1.99427E+0	9.48759E-6	9.99995E-1	-5.28989E-9
4.06979E-1	1.99077E+0	1.00118E-5	9.99961E-1	-5.31652E-9
4.07634E-1	1.99292E+0	1.02740E-5	1.00009E+0	-3.14717E-9
4.08289E-1	1.99346E+0	7.78377E-6	9.99984E-1	-3.99057E-9
4.08945E-1	1.99265E+0	1.02740E-5	9.99969E-1	-3.18187E-9
4.09600E-1	1.99238E+0	1.26331E-5	1.00001E+0	-2.51581E-9
4.10255E-1	1.99319E+0	1.02740E-5	1.00005E+0	-3.09344E-9
4.10911E-1	1.99373E+0	6.99739E-6	9.99988E-1	-2.03468E-9
4.11566E-1	1.99184E+0	8.30802E-6	9.99935E-1	-3.33543E-9
4.12221E-1	1.99211E+0	3.58973E-6	1.00003E+0	-2.65511E-9
4.12877E-1	1.99319E+0	8.30802E-6	1.00005E+0	-3.41702E-10
4.13532E-1	1.99373E+0	7.91483E-6	9.99967E-1	-2.59948E-9
4.14188E-1	1.99427E+0	7.06338E-7	9.99957E-1	-1.69903E-9
4.14843E-1	1.99454E+0	4.44211E-7	9.99971E-1	-1.77367E-9
4.15498E-1	1.99373E+0	2.42978E-5	1.00006E+0	-1.21077E-9
4.16154E-1	1.99238E+0	1.01429E-5	9.99965E-1	-3.56916E-10
4.16809E-1	1.99319E+0	8.57015E-6	1.00001E+0	-1.32392E-9
4.17464E-1	1.99265E+0	1.05361E-5	1.00003E+0	-1.13803E-9
4.18120E-1	1.99373E+0	9.74972E-6	1.00004E+0	-1.27163E-9
4.18775E-1	1.99265E+0	8.43908E-6	9.99973E-1	-1.02679E-9
4.19430E-1	1.99211E+0	8.70121E-6	9.99912E-1	-7.51041E-10
4.20086E-1	1.99346E+0	1.15846E-5	1.00008E+0	-1.27210E-9
4.20741E-1	1.99643E+0	1.15846E-5	9.99995E-1	3.56217E-10
4.21396E-1	1.99211E+0	9.61866E-6	1.00001E+0	-1.77653E-9
4.22052E-1	1.99292E+0	9.09440E-6	1.00004E+0	-6.93514E-10
4.22707E-1	1.99238E+0	1.42059E-5	9.99889E-1	-3.17931E-10
4.23363E-1	1.99265E+0	1.02740E-5	1.00006E+0	9.94893E-11
4.24018E-1	1.99292E+0	1.14535E-5	9.99997E-1	-7.29647E-10
4.24673E-1	1.99238E+0	1.28952E-5	1.00005E+0	-2.24748E-10
4.25329E-1	1.99130E+0	4.11399E-6	9.99999E-1	-5.46134E-10
4.25984E-1	1.99238E+0	1.07982E-5	9.99992E-1	1.06145E-10
4.26639E-1	1.99238E+0	9.09440E-6	9.99967E-1	-6.78301E-10
4.27295E-1	1.99373E+0	8.96334E-6	9.99973E-1	5.65403E-10
4.27950E-1	1.99346E+0	1.10604E-5	1.00002E+0	-1.61488E-9
4.28605E-1	1.99238E+0	7.78377E-6	1.00003E+0	2.70166E-10
4.29261E-1	1.99238E+0	7.39058E-6	1.00002E+0	-3.74982E-10
4.29916E-1	1.99211E+0	9.48759E-6	9.99971E-1	-1.94321E-10
4.30572E-1	1.99319E+0	8.04589E-6	1.00004E+0	-5.22363E-10
4.31227E-1	1.99292E+0	2.31182E-5	9.99971E-1	4.39416E-10
4.31882E-1	1.99373E+0	1.21089E-5	9.99906E-1	-2.59454E-10
4.32538E-1	1.99211E+0	9.09440E-6	1.00009E+0	-3.01767E-10
4.33193E-1	1.99292E+0	1.00118E-5	9.99988E-1	-3.86392E-10
4.33848E-1	1.99184E+0	1.93174E-5	9.99969E-1	1.52100E-9
4.34504E-1	1.99238E+0	4.37612E-6	1.00001E+0	-4.08737E-10
4.35159E-1	1.99319E+0	1.25021E-5	1.00004E+0	-6.19349E-10
4.35814E-1	1.99481E+0	1.18467E-5	9.99967E-1	9.74266E-10
4.36470E-1	1.99481E+0	1.23710E-5	1.00002E+0	8.90301E-11
4.37125E-1	1.99211E+0	1.21089E-5	9.99988E-1	-1.05151E-9
4.37780E-1	1.99346E+0	6.60420E-6	1.00003E+0	1.06745E-9
4.38436E-1	1.99292E+0	8.70121E-6	9.99973E-1	2.43067E-10
4.39091E-1	1.99265E+0	1.06672E-5	1.00004E+0	-1.12805E-9
4.39747E-1	-6.60537E-3	6.60420E-6	9.46838E-1	3.30028E-7
4.40402E-1	-5.52658E-3	3.58973E-6	1.00001E+0	3.75223E-8
4.41057E-1	-6.33567E-3	1.25021E-5	1.00011E+0	2.32388E-8
4.41713E-1	-6.60537E-3	1.48612E-5	1.00006E+0	2.01043E-8
4.42368E-1	-6.33567E-3	1.05361E-5	1.00004E+0	1.38263E-8
4.43023E-1	-6.60537E-3	7.39058E-6	1.00002E+0	1.35668E-8
4.43679E-1	-5.79628E-3	6.99739E-6	9.99944E-1	1.37317E-8
4.44334E-1	-6.87507E-3	1.44680E-5	1.00004E+0	9.64311E-9
4.44989E-1	-6.33567E-3	3.06548E-6	9.99982E-1	1.05369E-8
4.45645E-1	-8.22355E-3	1.18467E-5	1.00007E+0	9.74675E-9
4.46300E-1	-6.87507E-3	1.35506E-5	9.99935E-1	8.84915E-9
4.46956E-1	-6.06598E-3	1.09293E-5	1.00002E+0	8.55772E-9
4.47611E-1	-7.14476E-3	1.26331E-5	9.99976E-1	7.27170E-9
4.48266E-1	-6.33567E-3	7.25951E-6	1.00007E+0	6.96981E-9
4.48922E-1	-5.52658E-3	5.29356E-6	9.99952E-1	6.28425E-9
4.49577E-1	-6.60537E-3	1.17157E-5	1.00003E+0	8.41509E-9
4.50232E-1	-5.25689E-3	1.39438E-5	9.99933E-1	5.57445E-9
4.50888E-1	-3.36901E-3	4.76931E-6	1.00012E+0	6.25858E-9
4.51543E-1	-5.25689E-3	9.35653E-6	9.99925E-1	6.89660E-9
4.52198E-1	-4.17810E-3	1.32884E-5	9.99969E-1	4.59033E-9
4.52854E-1	-5.52658E-3	8.83228E-6	1.00001E+0	5.98664E-9
4.53509E-1	-5.52658E-3	1.19778E-5	1.00012E+0	5.40139E-9
4.54164E-1	-5.25689E-3	1.04050E-5	9.99910E-1	5.35671E-9
4.54820E-1	-3.63871E-3	1.45991E-5	1.00005E+0	4.96781E-9
4.55475E-1	-6.87507E-3	-2.96344E-6	9.99963E-1	5.33911E-9
4.56131E-1	-7.14476E-3	1.31574E-5	9.99916E-1	5.87634E-9
4.56786E-1	-6.33567E-3	1.13225E-5	1.00010E+0	4.68874E-9
4.57441E-1	-4.98719E-3	7.12845E-6	9.99971E-1	5.43420E-9
4.58097E-1	-6.87507E-3	7.25951E-6	1.00002E+0	3.83868E-9
4.58752E-1	-6.60537E-3	1.19778E-5	9.99988E-1	4.50142E-9
4.59407E-1	-4.98719E-3	9.35653E-6	1.00005E+0	4.35642E-9
4.60063E-1	-6.06598E-3	1.09293E-5	9.99940E-1	4.95402E-9
4.60718E-1	-6.06598E-3	4.90037E-6	1.00000E+0	5.69806E-9
4.61373E-1	-5.52658E-3	9.09440E-6	1.00000E+0	4.06784E-9
4.62029E-1	-6.60537E-3	1.27642E-5	1.00002E+0	4.67115E-9
4.62684E-1	-4.71749E-3	4.76931E-6	1.00005E+0	2.90971E-9
4.63340E-1	-5.25689E-3	1.18467E-5	9.99946E-1	5.99092E-9
4.63995E-1	-5.79628E-3	1.34195E-5	9.99910E-1	3.29575E-9
4.64650E-1	-5.52658E-3	7.52164E-6	1.00016E+0	4.63929E-9
4.65306E-1	-4.98719E-3	8.83228E-6	9.99891E-1	4.35499E-9
4.65961E-1	-5.52658E-3	9.22547E-6	1.00013E+0	4.06784E-9
4.66616E-1	-5.52658E-3	1.05361E-5	9.99851E-1	3.60573E-9
4.67272E-1	-6.06598E-3	1.48612E-5	1.00009E+0	5.49220E-9
4.67927E-1	-5.25689E-3	8.96334E-6	9.99980E-1	3.77450E-9
4.68582E-1	-4.17810E-3	-5.84684E-6	9.99971E-1	3.37943E-9
4.69238E-1	-5.79628E-3	9.22547E-6	9.99954E-1	4.40158E-9
4.69893E-1	-6.87507E-3	9.09440E-6	1.00008E+0	3.79352E-9
4.70548E-1	-6.87507E-3	9.74972E-6	9.99973E-1	3.61096E-9
4.71204E-1	-6.33567E-3	7.78377E-6	9.99986E-1	5.04768E-9
4.71859E-1	-6.33567E-3	1.01429E-5	1.00003E+0	3.95801E-9
4.72515E-1	-6.06598E-3	1.02740E-5	1.00004E+0	3.32856E-9
4.73170E-1	-6.60537E-3	1.26331E-5	9.99984E-1	3.41080E-9
4.73825E-1	-5.52658E-3	7.39058E-6	9.99997E-1	3.96372E-9
4.74481E-1	-4.98719E-3	7.39058E-6	9.99942E-1	4.76433E-9
4.75136E-1	-4.98719E-3	5.42462E-6	1.00009E+0	3.47831E-9
4.75791E-1	-7.41446E-3	9.61866E-6	9.99902E-1	4.68636E-9
4.76447E-1	-4.98719E-3	8.30802E-6	1.00004E+0	2.77611E-9
4.77102E-1	-5.25689E-3	2.80335E-6	1.00002E+0	4.34881E-9
4.77757E-1	-5.79628E-3	1.56476E-5	1.00002E+0	4.12251E-9
4.78413E-1	-6.87507E-3	9.88078E-6	9.99906E-1	3.43505E-9
4.79068E-1	-5.25689E-3	1.09293E-5	1.00006E+0	3.78401E-9
4.79724E-1	-5.25689E-3	1.36816E-5	9.99946E-1	3.72886E-9
4.80379E-1	-5.79628E-3	1.31574E-5	1.00002E+0	3.72173E-9
4.81034E-1	-4.71749E-3	8.96334E-6	9.99984E-1	4.26466E-9
4.81690E-1	-6.60537E-3	1.15846E-5	1.00008E+0	3.24821E-9
4.82345E-1	-4.98719E-3	2.11522E-5	9.99942E-1	4.62123E-9
4.83000E-1	-5.79628E-3	1.05361E-5	1.00002E+0	3.29005E-9
4.83656E-1	-3.36901E-3	1.75485E-6	9.99925E-1	3.66991E-9
4.84311E-1	-5.79628E-3	1.15846E-5	1.00011E+0	3.96610E-9
4.84966E-1	-4.98719E-3	1.70893E-5	9.99938E-1	3.84486E-9
4.85622E-1	-5.79628E-3	6.86632E-6	1.00003E+0	4.08305E-9
4.86277E-1	-5.52658E-3	1.06672E-5	9.99978E-1	4.10872E-9
4.86932E-1	-6.06598E-3	1.00118E-5	1.00001E+0	2.33397E-9
4.87588E-1	-3.90841E-3	7.52164E-6	1.00002E+0	3.70271E-9
4.88243E-1	-4.98719E-3	6.60420E-6	9.99978E-1	3.74645E-9
4.88899E-1	-7.41446E-3	5.55569E-6	1.00007E+0	4.40158E-9
4.89554E-1	-3.09932E-3	1.26331E-5	9.99893E-1	2.74236E-9
4.90209E-1	-5.52658E-3	1.26331E-5	1.00005E+0	4.80854E-9
4.90865E-1	-4.98719E-3	1.17157E-5	1.00002E+0	2.08152E-9
4.91520E-1	-4.71749E-3	8.57015E-6	1.00004E+0	4.68208E-9
4.92175E-1	-4.71749E-3	9.74972E-6	9.99902E-1	3.91237E-9
4.92831E-1	-5.79628E-3	1.64340E-5	1.00002E+0	3.16501E-9
4.93486E-1	-6.87507E-3	1.36816E-5	1.00006E+0	4.29556E-9
4.94141E-1	-5.79628E-3	1.39438E-5	9.99982E-1	3.84391E-9
4.94797E-1	-5.25689E-3	7.91483E-6	1.00005E+0	2.13192E-9
4.95452E-1	-6.06598E-3	1.23710E-5	9.99978E-1	3.84058E-9
4.96108E-1	-6.06598E-3	1.19778E-5	9.99959E-1	4.41062E-9
4.96763E-1	-7.14476E-3	8.57015E-6	9.99933E-1	3.15170E-9
4.97418E-1	-5.25689E-3	8.83228E-6	9.99973E-1	3.12745E-9
4.98074E-1	-5.52658E-3	4.90037E-6	1.00009E+0	3.76737E-9
4.98729E-1	-6.60537E-3	1.60408E-5	1.00002E+0	3.48782E-9
4.99384E-1	-6.87507E-3	7.78377E-6	1.05722E+0	-2.68621E-7
5.00040E-1	1.99616E+0	8.83228E-6	9.95239E-1	-7.28331E-8
5.00695E-1	1.99400E+0	8.43908E-6	9.99944E-1	-2.65517E-8
5.01350E-1	1.99481E+0	1.00118E-5	9.99908E-1	-1.66858E-8
5.02006E-1	1.99238E+0	9.88078E-6	1.00003E+0	-1.40567E-8
5.02661E-1	1.99211E+0	1.52544E-5	9.99978E-1	-1.15769E-8
5.03316E-1	1.99427E+0	7.12845E-6	1.00006E+0	-8.28886E-9
5.03972E-1	1.99292E+0	1.07982E-5	9.99942E-1	-7.20061E-9
5.04627E-1	1.99184E+0	1.02740E-5	9.99950E-1	-7.21916E-9
5.05283E-1	1.99373E+0	7.25951E-6	9.99990E-1	-6.15564E-9
5.05938E-1	1.99373E+0	9.35653E-6	9.99954E-1	-5.37214E-9
5.06593E-1	1.99292E+0	7.78377E-6	1.00007E+0	-5.72015E-9
5.07249E-1	1.99319E+0	1.04050E-5	9.99948E-1	-3.35255E-9
5.07904E-1	1.99346E+0	1.05361E-5	1.00010E+0	-3.77425E-9
5.08559E-1	1.99373E+0	1.88591E-6	9.99988E-1	-3.50041E-9
5.09215E-1	1.99238E+0	8.04589E-6	9.99986E-1	-2.79060E-9
5.09870E-1	1.99157E+0	1.11914E-5	9.99988E-1	-3.06492E-9
5.10525E-1	1.99346E+0	9.48759E-6	9.99978E-1	-2.15496E-9
5.11181E-1	1.99373E+0	1.21089E-5	9.99952E-1	-2.72309E-9
5.11836E-1	1.99265E+0	1.11914E-5	1.00009E+0	-2.18777E-9
5.12492E-1	1.99265E+0	8.30802E-6	9.99992E-1	-1.70949E-9
5.13147E-1	1.99211E+0	7.65270E-6	9.99990E-1	-2.61992E-9
5.13802E-1	1.99346E+0	9.35653E-6	9.99992E-1	-2.19109E-9
5.14458E-1	1.99265E+0	1.00118E-5	1.00002E+0	-1.36243E-9
5.15113E-1	1.99319E+0	9.61866E-6	9.99954E-1	-1.20792E-9
5.15768E-1	1.99211E+0	6.47313E-6	1.00005E+0	-8.43272E-10
5.16424E-1	1.99265E+0	1.30263E-5	9.99944E-1	-1.33343E-9
5.17079E-1	1.99130E+0	8.57015E-6	1.00003E+0	-1.95148E-9
5.17734E-1	1.99400E+0	2.04969E-5	1.00003E+0	1.95525E-10
5.18390E-1	1.99319E+0	8.96334E-6	9.99950E-1	-1.07575E-9
5.19045E-1	1.99400E+0	1.88591E-6	9.99973E-1	-1.88616E-10
5.19700E-1	1.99238E+0	1.01429E-5	1.00001E+0	-1.59729E-9
5.20356E-1	1.99427E+0	2.44288E-5	1.00010E+0	-6.37415E-10
5.21011E-1	1.99346E+0	2.14804E-6	9.99883E-1	-8.23780E-10
5.21667E-1	1.99292E+0	1.34195E-5	1.00005E+0	-1.04533E-9
5.22322E-1	1.99319E+0	1.32884E-5	1.00004E+0	1.98377E-10
5.22977E-1	1.99265E+0	1.15846E-5	9.99952E-1	-1.38335E-9
5.23633E-1	1.99238E+0	1.43369E-5	9.99963E-1	-8.90687E-12
5.24288E-1	1.99265E+0	1.09293E-5	1.00009E+0	-2.13814E-10
5.24943E-1	1.99427E+0	9.88078E-6	9.99919E-1	-1.10285E-9
5.25599E-1	1.99184E+0	6.86632E-6	1.00005E+0	-5.86069E-10
5.26254E-1	1.99292E+0	6.99739E-6	9.99969E-1	-6.40558E-11
5.26909E-1	1.99077E+0	2.06280E-5	1.00006E+0	2.71592E-10
5.27565E-1	1.99265E+0	9.35653E-6	9.99984E-1	-2.36450E-11
5.28220E-1	1.99265E+0	1.04050E-5	1.00003E+0	-1.51552E-9
5.28876E-1	1.99238E+0	8.83228E-6	9.99973E-1	-4.31373E-11
5.29531E-1	1.99211E+0	6.07994E-6	9.99944E-1	1.99328E-10
5.30186E-1	1.99319E+0	9.35653E-6	1.00000E+0	-5.42330E-10
5.30842E-1	1.99265E+0	4.11399E-6	1.00002E+0	1.01658E-9
5.31497E-1	1.99211E+0	1.49272E-6	9.99965E-1	-2.80373E-10
5.32152E-1	1.99400E+0	1.28952E-5	1.00002E+0	-4.12540E-10
5.32808E-1	1.99319E+0	9.74972E-6	9.99973E-1	-4.67689E-10
5.33463E-1	1.99346E+0	7.91483E-6	1.00009E+0	6.54307E-10
5.34118E-1	1.99292E+0	1.45991E-5	9.99942E-1	-2.38060E-10
5.34774E-1	1.99346E+0	1.82084E-7	9.99988E-1	2.54952E-10
5.35429E-1	1.99373E+0	1.05361E-5	9.99978E-1	-9.28373E-10
5.36084E-1	1.99238E+0	-1.52174E-6	1.00012E+0	6.04863E-10
5.36740E-1	1.99319E+0	7.39058E-6	9.99925E-1	-3.81162E-10
5.37395E-1	1.99238E+0	1.15846E-5	1.00008E+0	5.20713E-10
5.38051E-1	1.99319E+0	6.60420E-6	9.99870E-1	4.27055E-10
5.38706E-1	1.99265E+0	1.64340E-5	1.00007E+0	-2.14289E-10
5.39361E-1	1.99130E+0	7.91483E-6	9.41633E-1	2.56630E-7
5.40017E-1	-5.79628E-3	3.32761E-6	1.00515E+0	9.26756E-8
5.40672E-1	-6.60537E-3	1.04050E-5	1.00002E+0	2.91625E-8
5.41327E-1	-5.79628E-3	2.27910E-6	1.00021E+0	2.08402E-8
5.41983E-1	-4.71749E-3	8.04589E-6	9.99963E-1	1.77657E-8
5.42638E-1	-5.79628E-3	5.29356E-6	9.99997E-1	1.49802E-8
5.43293E-1	-4.71749E-3	1.02740E-5	9.99910E-1	1.19275E-8
5.43949E-1	-5.52658E-3	1.10604E-5	1.00008E+0	1.09900E-8
5.44604E-1	-6.06598E-3	1.02740E-5	9.99980E-1	1.22584E-8
5.45260E-1	-6.06598E-3	1.15846E-5	1.00001E+0	7.94775E-9
5.45915E-1	-5.52658E-3	7.25951E-6	1.00001E+0	9.46768E-9
5.46570E-1	-8.49324E-3	7.91483E-6	1.00007E+0	8.40083E-9
5.47226E-1	-5.79628E-3	1.31574E-5	9.99967E-1	8.63379E-9
5.47881E-1	-6.60537E-3	1.13225E-5	1.00002E+0	7.81606E-9
5.48536E-1	-7.41446E-3	9.22547E-6	9.99992E-1	5.81359E-9
5.49192E-1	-6.87507E-3	9.74972E-6	9.99952E-1	7.72383E-9
5.49847E-1	-6.87507E-3	9.09440E-6	1.00005E+0	5.74845E-9
5.50502E-1	-6.87507E-3	9.35653E-6	9.99990E-1	7.42717E-9
5.51158E-1	-7.14476E-3	1.04050E-5	9.99938E-1	5.49886E-9
5.51813E-1	-6.33567E-3	1.27642E-5	1.00009E+0	6.55192E-9
5.52468E-1	-7.14476E-3	1.30263E-5	1.00003E+0	5.10093E-9
5.53124E-1	-6.33567E-3	1.04050E-5	9.99891E-1	5.60535E-9
5.53779E-1	-5.52658E-3	9.35653E-6	1.00008E+0	4.94071E-9
5.54435E-1	-4.44780E-3	9.74972E-6	9.99944E-1	5.61771E-9
5.55090E-1	-6.33567E-3	1.05361E-5	1.00003E+0	4.86987E-9
5.55745E-1	-5.79628E-3	1.13225E-5	1.00002E+0	5.39189E-9
5.56401E-1	-6.06598E-3	8.96334E-6	1.00001E+0	4.61742E-9
5.57056E-1	-4.98719E-3	6.86632E-6	9.99919E-1	5.76414E-9
5.57711E-1	-5.52658E-3	9.74972E-6	1.00000E+0	4.15817E-9
5.58367E-1	-5.52658E-3	1.40748E-5	1.00009E+0	3.95706E-9
5.59022E-1	-5.52658E-3	1.53855E-5	9.99967E-1	6.13164E-9
5.59677E-1	-6.33567E-3	1.49272E-6	1.00006E+0	3.95469E-9
5.60333E-1	-6.33567E-3	9.74972E-6	9.99954E-1	5.03817E-9
5.60988E-1	-4.44780E-3	1.00118E-5	9.99908E-1	4.45816E-9
5.61644E-1	-5.52658E-3	1.26331E-5	1.00016E+0	4.22187E-9
5.62299E-1	-5.79628E-3	1.09293E-5	9.99891E-1	4.25373E-9
5.62954E-1	-6.60537E-3	7.65270E-6	1.00006E+0	3.19068E-9
5.63610E-1	-6.33567E-3	3.85186E-6	9.99973E-1	5.23737E-9
5.64265E-1	-5.52658E-3	1.43369E-5	9.99976E-1	4.86274E-9
5.64920E-1	-4.98719E-3	1.51233E-5	1.00005E+0	2.67723E-9
5.65576E-1	-5.79628E-3	1.21089E-5	9.99957E-1	5.50694E-9
5.66231E-1	-6.33567E-3	1.11914E-5	9.99948E-1	3.49020E-9
5.66886E-1	-6.06598E-3	1.00118E-5	1.00007E+0	4.77003E-9
5.67542E-1	-7.41446E-3	4.76931E-6	9.99986E-1	4.40158E-9
5.68197E-1	-5.52658E-3	1.06672E-5	1.00002E+0	2.85599E-9
5.68852E-1	-4.44780E-3	1.27642E-5	1.00005E+0	4.67828E-9
5.69508E-1	-3.36901E-3	7.52164E-6	9.99902E-1	4.38970E-9
5.70163E-1	-4.98719E-3	1.09293E-5	1.00004E+0	4.15626E-9
5.70819E-1	-5.25689E-3	8.30802E-6	1.00003E+0	2.60591E-9
5.71474E-1	-4.17810E-3	1.78757E-5	1.00002E+0	4.62598E-9
5.72129E-1	-5.79628E-3	2.29871E-5	9.99965E-1	4.64690E-9
5.72785E-1	-5.25689E-3	8.96334E-6	1.00004E+0	3.29813E-9
5.73440E-1	-4.98719E-3	5.81781E-6	9.99893E-1	4.23091E-9
5.74095E-1	-6.33567E-3	9.88078E-6	1.00004E+0	3.26152E-9
5.74751E-1	-4.98719E-3	1.21089E-5	9.99944E-1	3.48212E-9
5.75406E-1	-6.06598E-3	9.48759E-6	1.00010E+0	3.93662E-9
5.76061E-1	-4.44780E-3	1.45991E-5	9.99946E-1	3.77640E-9
5.76717E-1	-6.87507E-3	9.61866E-6	9.99992E-1	4.97256E-9
5.77372E-1	-5.79628E-3	9.22547E-6	1.00001E+0	3.87054E-9
5.78028E-1	-4.98719E-3	2.23318E-5	1.00001E+0	2.95630E-9
5.78683E-1	-6.06598E-3	1.06672E-5	9.99923E-1	4.16958E-9
5.79338E-1	-5.79628E-3	9.88078E-6	1.00016E+0	3.82632E-9
5.79994E-1	-5.25689E-3	4.63824E-6	9.99929E-1	4.17100E-9
5.80649E-1	-5.25689E-3	8.96334E-6	1.00007E+0	3.37372E-9
5.81304E-1	-5.79628E-3	7.52164E-6	9.99933E-1	3.96229E-9
5.81960E-1	-4.17810E-3	8.43908E-6	1.00003E+0	3.79257E-9
5.82615E-1	-4.71749E-3	1.39438E-5	9.99847E-1	3.26057E-9
5.83270E-1	-4.44780E-3	7.39058E-6	1.00014E+0	3.89764E-9
5.83926E-1	-2.82962E-3	7.91483E-6	9.99988E-1	4.04692E-9
5.84581E-1	-6.33567E-3	1.18467E-5	1.00003E+0	3.00146E-9
5.85236E-1	-5.79628E-3	9.61866E-6	9.99988E-1	4.25753E-9
5.85892E-1	-5.79628E-3	9.61866E-6	9.99982E-1	3.17119E-9
5.86547E-1	-4.44780E-3	1.22399E-5	9.99929E-1	3.77022E-9
5.87203E-1	-7.14476E-3	6.21101E-6	1.00004E+0	3.08229E-9
5.87858E-1	-6.06598E-3	8.57015E-6	9.99969E-1	4.56750E-9
5.88513E-1	-4.71749E-3	8.83228E-6	1.00005E+0	4.05310E-9
5.89169E-1	-4.98719E-3	1.09293E-5	9.99925E-1	3.39084E-9
5.89824E-1	-6.06598E-3	2.53463E-5	1.00004E+0	3.90667E-9
5.90479E-1	-4.98719E-3	1.21089E-5	1.00006E+0	2.75805E-9
5.91135E-1	-4.71749E-3	4.37612E-6	9.99963E-1	4.45150E-9
5.91790E-1	-7.95385E-3	1.11914E-5	9.99990E-1	2.68246E-9
5.92445E-1	-6.06598E-3	4.76931E-6	1.00005E+0	4.50903E-9
5.93101E-1	-4.98719E-3	1.04050E-5	9.99935E-1	3.00717E-9
5.93756E-1	-7.14476E-3	1.51233E-5	1.00004E+0	3.91142E-9
5.94412E-1	-5.79628E-3	8.30802E-6	9.99967E-1	3.15075E-9
5.95067E-1	-5.52658E-3	8.70121E-6	1.00001E+0	4.17909E-9
5.95722E-1	-5.25689E-3	2.14144E-5	9.99969E-1	2.92968E-9
5.96378E-1	-5.25689E-3	3.58973E-6	1.00006E+0	3.54202E-9
5.97033E-1	-5.52658E-3	8.96334E-6	9.99978E-1	3.84724E-9
5.97688E-1	-5.25689E-3	9.88078E-6	9.99944E-1	4.05643E-9
5.98344E-1	-6.06598E-3	7.65270E-6	1.00009E+0	3.38988E-9
5.98999E-1	-5.52658E-3	6.60420E-6	9.99961E-1	2.35061E-9
5.99654E-1	-6.87507E-3	-8.66424E-7	1.05299E+0	-3.21219E-7
6.00310E-1	1.99292E+0	5.03143E-6	9.99718E-1	-3.44218E-8
6.00965E-1	1.99373E+0	1.34195E-5	1.00000E+0	-2.21669E-8
6.01620E-1	1.99319E+0	9.48759E-6	9.99954E-1	-1.52120E-8
6.02276E-1	1.99238E+0	5.75274E-7	1.00001E+0	-1.22330E-8
6.02931E-1	1.99238E+0	1.05361E-5	1.00001E+0	-1.00593E-8
6.03587E-1	1.99238E+0	2.41016E-6	9.99921E-1	-8.39773E-9
6.04242E-1	1.99454E+0	1.11914E-5	1.00004E+0	-6.72186E-9
6.04897E-1	1.99373E+0	9.35653E-6	9.99927E-1	-7.48444E-9
6.05553E-1	1.99427E+0	7.12845E-6	1.00002E+0	-4.66139E-9
6.06208E-1	1.99346E+0	6.07994E-6	9.99982E-1	-5.84329E-9
6.06863E-1	1.99346E+0	1.05361E-5	1.00001E+0	-5.07358E-9
6.07519E-1	1.99373E+0	1.10604E-5	1.00003E+0	-2.70835E-9
6.08174E-1	1.99319E+0	7.39058E-6	9.99969E-1	-4.01339E-9
6.08829E-1	1.99319E+0	1.28952E-5	9.99963E-1	-3.41816E-9
6.09485E-1	1.99373E+0	1.15846E-5	1.00008E+0	-3.52418E-9
6.10140E-1	1.99373E+0	2.80335E-6	1.00002E+0	-1.85782E-9
6.10796E-1	1.99373E+0	6.21101E-6	9.99938E-1	-2.68553E-9
6.11451E-1	1.99157E+0	5.03143E-6	1.00004E+0	-3.45809E-9
6.12106E-1	1.99292E+0	8.30802E-6	9.99938E-1	-1.23692E-9
6.12762E-1	1.99292E+0	7.12845E-6	1.00004E+0	-1.67479E-9
6.13417E-1	1.99346E+0	1.07982E-5	9.99914E-1	-1.91250E-9
6.14072E-1	1.99454E+0	1.18467E-5	1.00011E+0	-2.41264E-9
6.14728E-1	1.99077E+0	8.43908E-6	9.99946E-1	-1.61869E-9
6.15383E-1	1.99373E+0	8.17696E-6	9.99965E-1	-8.81782E-10
6.16038E-1	1.99292E+0	1.15846E-5	1.00007E+0	-1.62867E-9
6.16694E-1	1.99211E+0	4.90037E-6	9.99971E-1	-7.52942E-10
6.17349E-1	1.99211E+0	8.30802E-6	9.99978E-1	-2.05655E-9
6.18004E-1	1.99265E+0	2.52152E-5	1.00004E+0	2.38313E-10
6.18660E-1	1.99319E+0	1.11914E-5	9.99967E-1	-1.86068E-9
6.19315E-1	1.99238E+0	1.11914E-5	1.00002E+0	2.09312E-10
6.19971E-1	1.99184E+0	6.47313E-6	1.00001E+0	-1.99712E-9
6.20626E-1	1.99454E+0	9.09440E-6	1.00004E+0	-5.83692E-10
6.21281E-1	1.99346E+0	1.17157E-5	9.99876E-1	-4.65312E-10
6.21937E-1	1.99238E+0	9.61866E-6	1.00009E+0	-7.94779E-10
6.22592E-1	1.99346E+0	1.82084E-7	9.99948E-1	2.49247E-10
6.23247E-1	1.99319E+0	1.27642E-5	1.00009E+0	-9.08881E-10
6.23903E-1	1.99373E+0	2.54123E-6	9.99857E-1	-8.15223E-10
6.24558E-1	1.99373E+0	1.63029E-5	1.00010E+0	4.67466E-10
6.25213E-1	1.99427E+0	6.73526E-6	9.99957E-1	-1.82882E-9
6.25869E-1	1.99211E+0	1.07982E-5	1.00005E+0	-4.89083E-10
6.26524E-1	1.99346E+0	5.68675E-6	1.00000E+0	-5.12194E-11
6.27180E-1	1.99265E+0	9.74972E-6	1.00003E+0	-3.16029E-10
6.27835E-1	1.99319E+0	8.04589E-6	9.99916E-1	8.14049E-10
6.28490E-1	1.99481E+0	7.91483E-6	1.00006E+0	-1.30301E-9
6.29146E-1	1.99238E+0	1.42059E-5	9.99971E-1	1.51310E-10
6.29801E-1	1.99319E+0	9.74972E-6	9.99971E-1	-1.09696E-10
6.30456E-1	1.99292E+0	6.73526E-6	9.99969E-1	5.71583E-10
6.31112E-1	1.99265E+0	1.06672E-5	1.00006E+0	-1.20269E-9
6.31767E-1	1.99292E+0	9.35653E-6	9.99961E-1	3.13429E-10
6.32422E-1	1.99346E+0	1.91863E-5	1.00002E+0	3.09150E-10
6.33078E-1	1.99292E+0	1.72203E-5	1.00006E+0	-3.07947E-10
6.33733E-1	1.99373E+0	1.35506E-5	9.99965E-1	-1.26592E-9
6.34388E-1	1.99077E+0	1.49272E-6	9.99954E-1	8.17852E-10
6.35044E-1	1.99292E+0	1.69582E-5	1.00001E+0	6.06765E-10
6.35699E-1	1.99292E+0	9.68465E-7	1.00005E+0	-6.64514E-10
6.36355E-1	1.99157E+0	5.10203E-8	9.99944E-1	5.24041E-10
6.37010E-1	1.99292E+0	1.06672E-5	9.99990E-1	8.23082E-10
6.37665E-1	1.99319E+0	1.32884E-5	1.00001E+0	-9.87325E-10
6.38321E-1	1.99265E+0	5.68675E-6	1.00001E+0	-4.59898E-11
6.38976E-1	1.99157E+0	8.96334E-6	1.00001E+0	7.80953E-11
6.39631E-1	1.99346E+0	1.18467E-5	9.46753E-1	3.25196E-7
6.40287E-1	-8.76294E-3	3.09820E-5	1.00033E+0	3.91083E-8
6.40942E-1	-7.14476E-3	1.09293E-5	1.00001E+0	2.50092E-8
6.41597E-1	-7.14476E-3	9.48759E-6	1.00010E+0	1.82991E-8
6.42253E-1	-6.06598E-3	9.09440E-6	9.99893E-1	1.69133E-8
6.42908E-1	-6.60537E-3	3.45867E-6	1.00008E+0	1.35573E-8
6.43564E-1	-7.95385E-3	3.98293E-6	9.99927E-1	1.21686E-8
6.44219E-1	-5.52658E-3	1.01429E-5	1.00008E+0	1.12320E-8
6.44874E-1	-4.17810E-3	2.67229E-6	9.99995E-1	9.79144E-9
6.45530E-1	-5.52658E-3	1.04050E-5	9.99992E-1	8.60003E-9
6.46185E-1	-7.41446E-3	1.76135E-5	9.99952E-1	9.15770E-9
6.46840E-1	-6.87507E-3	1.06672E-5	1.00004E+0	8.53062E-9
6.47496E-1	-4.44780E-3	1.00118E-5	9.99952E-1	7.15190E-9
6.48151E-1	-7.41446E-3	9.74972E-6	1.00007E+0	6.94557E-9
6.48806E-1	-6.06598E-3	1.02740E-5	9.99971E-1	7.75141E-9
6.49462E-1	-6.06598E-3	-6.04297E-7	9.99997E-1	6.07602E-9
6.50117E-1	-6.87507E-3	1.05361E-5	9.99931E-1	6.50105E-9
6.50772E-1	-3.36901E-3	1.31574E-5	1.00012E+0	5.67381E-9
6.51428E-1	-6.60537E-3	1.45991E-5	9.99971E-1	6.73305E-9
6.52083E-1	-5.79628E-3	7.78377E-6	9.99973E-1	5.18508E-9
6.52739E-1	-7.14476E-3	8.43908E-6	1.00011E+0	6.34653E-9
6.53394E-1	-5.79628E-3	1.00118E-5	9.99891E-1	4.78905E-9
6.54049E-1	-6.60537E-3	1.19778E-5	1.00010E+0	6.09599E-9
6.54705E-1	-4.98719E-3	5.16250E-6	9.99942E-1	5.21598E-9
6.55360E-1	-5.25689E-3	7.91483E-6	9.99963E-1	4.95355E-9
6.56015E-1	-5.79628E-3	5.68675E-6	1.00005E+0	4.99443E-9
6.56671E-1	-8.76294E-3	1.98416E-5	1.00006E+0	4.97637E-9
6.57326E-1	-6.06598E-3	1.40748E-5	9.99931E-1	3.63663E-9
6.57981E-1	-4.98719E-3	2.07591E-5	1.00007E+0	5.55448E-9
6.58637E-1	-4.98719E-3	1.09293E-5	9.99925E-1	3.72125E-9
6.59292E-1	-7.14476E-3	5.03143E-6	1.00003E+0	5.12755E-9
6.59948E-1	-6.60537E-3	6.47313E-6	9.99927E-1	4.22805E-9
6.60603E-1	-6.33567E-3	1.07982E-5	1.00014E+0	4.86987E-9
6.61258E-1	-7.14476E-3	8.57015E-6	9.99876E-1	4.91789E-9
6.61914E-1	-5.25689E-3	8.57015E-6	1.00001E+0	4.15246E-9
6.62569E-1	-5.25689E-3	8.43908E-6	1.00005E+0	3.61809E-9
6.63224E-1	-6.60537E-3	6.99739E-6	9.99971E-1	5.29443E-9
6.63880E-1	-4.44780E-3	6.07994E-6	9.99923E-1	3.37562E-9
6.64535E-1	-5.79628E-3	1.05361E-5	1.00011E+0	5.33293E-9
6.65190E-1	-3.90841E-3	1.35506E-5	9.99992E-1	3.76547E-9
6.65846E-1	-5.25689E-3	8.04589E-6	1.00004E+0	3.14504E-9
6.66501E-1	-6.06598E-3	5.29356E-6	1.00001E+0	4.00698E-9
6.67156E-1	-8.49324E-3	2.19386E-5	9.99995E-1	4.95260E-9
6.67812E-1	-5.79628E-3	9.88078E-6	9.99959E-1	3.52063E-9
6.68467E-1	-4.71749E-3	9.74972E-6	1.00003E+0	3.40652E-9
6.69123E-1	-5.52658E-3	1.18467E-5	9.99959E-1	4.98920E-9
6.69778E-1	-4.71749E-3	3.19654E-6	1.00004E+0	4.41062E-9
6.70433E-1	-6.06598E-3	8.43908E-6	1.00001E+0	2.68151E-9
6.71089E-1	-5.52658E-3	1.07982E-5	9.99986E-1	3.56056E-9
6.71744E-1	-3.90841E-3	9.09440E-6	9.99965E-1	5.12375E-9
6.72399E-1	-4.17810E-3	1.34195E-5	9.99982E-1	3.31049E-9
6.73055E-1	-5.79628E-3	7.39058E-6	1.00003E+0	3.73742E-9
6.73710E-1	-7.95385E-3	6.47313E-6	9.99990E-1	4.60364E-9
6.74365E-1	-4.71749E-3	8.17696E-6	1.00008E+0	3.44931E-9
6.75021E-1	-5.52658E-3	9.22547E-6	9.99963E-1	3.60953E-9
6.75676E-1	-4.44780E-3	2.03659E-5	1.00000E+0	4.23566E-9
6.76332E-1	-5.79628E-3	1.06672E-5	9.99957E-1	3.62569E-9
6.76987E-1	-7.14476E-3	8.70121E-6	9.99990E-1	4.49191E-9
6.77642E-1	-3.36901E-3	1.70893E-5	9.99982E-1	2.40529E-9
6.78298E-1	-4.17810E-3	1.47301E-5	1.00001E+0	4.38589E-9
6.78953E-1	-6.33567E-3	5.55569E-6	1.00000E+0	3.54915E-9
6.79608E-1	-6.33567E-3	8.30802E-6	1.00002E+0	3.74217E-9
6.80264E-1	-5.79628E-3	1.57786E-5	1.00002E+0	3.66278E-9
6.80919E-1	-5.52658E-3	1.42059E-5	9.99986E-1	3.39702E-9
6.81574E-1	-5.52658E-3	1.97105E-5	1.00009E+0	4.88841E-9
6.82230E-1	-5.52658E-3	9.09440E-6	9.99872E-1	3.32570E-9
6.82885E-1	-4.71749E-3	8.43908E-6	1.00009E+0	2.90923E-9
6.83540E-1	-6.06598E-3	2.24629E-5	9.99853E-1	4.27322E-9
6.84196E-1	-6.33567E-3	3.45867E-6	1.00012E+0	4.11158E-9
6.84851E-1	-5.79628E-3	8.04589E-6	9.99980E-1	2.89449E-9
6.85507E-1	-6.87507E-3	1.49923E-5	9.99967E-1	3.55153E-9
6.86162E-1	-5.79628E-3	4.44211E-7	9.99948E-1	4.39255E-9
6.86817E-1	-6.06598E-3	1.25021E-5	1.00002E+0	3.87339E-9
6.87473E-1	-4.17810E-3	5.03143E-6	1.00004E+0	2.38532E-9
6.88128E-1	-4.98719E-3	1.45991E-5	9.99948E-1	4.58462E-9
6.88783E-1	-4.71749E-3	1.06672E-5	1.00005E+0	3.83345E-9
6.89439E-1	-5.25689E-3	6.73526E-6	9.99999E-1	3.21303E-9
6.90094E-1	-5.52658E-3	1.01429E-5	1.00011E+0	3.29955E-9
6.90749E-1	-5.79628E-3	9.48759E-6	9.99878E-1	3.26580E-9
6.91405E-1	-4.98719E-3	7.78377E-6	1.00003E+0	3.16073E-9
6.92060E-1	-5.52658E-3	8.17696E-6	9.99963E-1	4.82423E-9
6.92716E-1	-6.06598E-3	1.90552E-5	1.00004E+0	3.06612E-9
6.93371E-1	-5.52658E-3	9.48759E-6	9.99921E-1	3.90762E-9
6.94026E-1	-6.33567E-3	1.60408E-5	1.00006E+0	4.35119E-9
6.94682E-1	-5.79628E-3	1.82688E-5	1.00003E+0	2.77897E-9
6.95337E-1	-6.60537E-3	7.65270E-6	9.99900E-1	3.57435E-9
6.95992E-1	-5.52658E-3	1.32884E-5	1.00014E+0	2.97722E-9
6.96648E-1	-4.71749E-3	2.33803E-5	9.99963E-1	3.91523E-9
6.97303E-1	-4.98719E-3	1.04050E-5	9.99944E-1	3.31905E-9
6.97958E-1	-6.06598E-3	8.17696E-6	1.00006E+0	3.61714E-9
6.98614E-1	-5.25689E-3	9.88078E-6	9.99990E-1	3.52728E-9
6.99269E-1	-6.06598E-3	1.23710E-5	1.05552E+0	-1.87764E-7
6.99924E-1	1.99346E+0	1.30263E-5	9.97260E-1	-1.50818E-7
7.00580E-1	1.99454E+0	9.68465E-7	9.99986E-1	-2.63059E-8
7.01235E-1	1.99346E+0	7.39058E-6	9.99853E-1	-1.82946E-8
7.01891E-1	1.99319E+0	1.02740E-5	1.00009E+0	-1.43942E-8
7.02546E-1	1.99346E+0	1.19778E-5	9.99961E-1	-9.99419E-9
7.03201E-1	1.99265E+0	1.52544E-5	9.99984E-1	-1.07539E-8
7.03857E-1	1.99265E+0	1.00118E-5	9.99948E-1	-6.66719E-9
7.04512E-1	1.99292E+0	7.91483E-6	1.00004E+0	-7.33896E-9
7.05167E-1	1.99211E+0	7.91483E-6	9.99961E-1	-5.39021E-9
7.05823E-1	1.99157E+0	8.83228E-6	9.99984E-1	-6.30397E-9
7.06478E-1	1.99265E+0	4.63824E-6	9.99965E-1	-4.65093E-9
7.07133E-1	1.99265E+0	1.10604E-5	1.00005E+0	-4.22733E-9
7.07789E-1	1.99157E+0	7.25951E-6	1.00002E+0	-4.08327E-9
7.08444E-1	1.99238E+0	2.18076E-5	9.99948E-1	-3.77425E-9
7.09100E-1	1.99292E+0	1.07982E-5	1.00006E+0	-3.47140E-9
7.09755E-1	1.99104E+0	7.52164E-6	1.00000E+0	-2.09934E-9
7.10410E-1	1.99238E+0	8.96334E-6	9.99891E-1	-3.32830E-9
7.11066E-1	1.99346E+0	1.09293E-5	1.00008E+0	-2.00092E-9
7.11721E-1	1.99265E+0	1.34195E-5	9.99980E-1	-1.64959E-9
7.12376E-1	1.99265E+0	1.01429E-5	1.00006E+0	-3.32783E-9
7.13032E-1	1.99184E+0	7.39058E-6	9.99984E-1	-7.98583E-10
7.13687E-1	1.99238E+0	1.15846E-5	9.99976E-1	-1.98951E-9
7.14342E-1	1.99238E+0	4.76931E-6	1.00006E+0	-1.54072E-9
7.14998E-1	1.99238E+0	1.09953E-6	9.99952E-1	-2.12739E-9
7.15653E-1	1.99427E+0	8.57015E-6	1.00003E+0	-1.46750E-9
7.16308E-1	1.99292E+0	9.09440E-6	9.99965E-1	-6.82104E-10
7.16964E-1	1.99265E+0	6.07994E-6	9.99961E-1	-1.19841E-9
7.17619E-1	1.99346E+0	1.52544E-5	1.00000E+0	-6.95416E-10
7.18275E-1	1.99400E+0	9.48759E-6	1.00008E+0	-2.34751E-9
7.18930E-1	1.99292E+0	7.39058E-6	1.00000E+0	-7.67205E-10
7.19585E-1	1.99211E+0	1.09293E-5	9.99940E-1	6.77602E-10
7.20241E-1	1.99346E+0	8.96334E-6	9.99997E-1	-2.18396E-9
7.20896E-1	1.99427E+0	8.43908E-6	1.00003E+0	6.14371E-10
7.21551E-1	1.99319E+0	1.06672E-5	9.99984E-1	-1.49698E-9
7.22207E-1	1.99238E+0	7.78377E-6	9.99961E-1	-4.70066E-10
7.22862E-1	1.99319E+0	7.39058E-6	1.00007E+0	-1.46304E-10
7.23517E-1	1.99292E+0	8.70121E-6	9.99961E-1	-2.30929E-10
7.24173E-1	1.99373E+0	1.19778E-5	9.99992E-1	-1.29017E-9
7.24828E-1	1.99373E+0	8.70121E-6	9.99997E-1	-8.09993E-10
7.25484E-1	1.99292E+0	1.07982E-5	1.00000E+0	8.27360E-10
7.26139E-1	1.99319E+0	6.07994E-6	1.00002E+0	-8.38518E-10
7.26794E-1	1.99130E+0	7.39058E-6	1.00000E+0	-6.45497E-10
7.27450E-1	1.99184E+0	1.23710E-5	1.00005E+0	-4.56279E-10
7.28105E-1	1.99292E+0	1.02740E-5	9.99902E-1	7.66691E-11
7.28760E-1	1.99265E+0	9.48759E-6	1.00005E+0	-8.96995E-10
7.29416E-1	1.99130E+0	-8.00432E-8	9.99978E-1	-1.34894E-10
7.30071E-1	1.99373E+0	6.73526E-6	9.99978E-1	3.79037E-10
7.30726E-1	1.99346E+0	1.31574E-5	1.00003E+0	-7.84320E-10
7.31382E-1	1.99427E+0	1.45991E-5	1.00004E+0	7.68883E-10
7.32037E-1	1.99292E+0	1.10604E-5	9.99959E-1	-5.16948E-11
7.32692E-1	1.99157E+0	8.57015E-6	1.00008E+0	-7.33450E-10
7.33348E-1	1.99427E+0	1.52544E-5	9.99862E-1	3.52889E-10
7.34003E-1	1.99265E+0	1.10604E-5	1.00004E+0	-3.02242E-10
7.34659E-1	1.99265E+0	1.00118E-5	1.00001E+0	6.31962E-10
7.35314E-1	1.99292E+0	4.44211E-7	1.00007E+0	-1.32297E-9
7.35969E-1	1.99319E+0	1.04050E-5	9.99910E-1	-1.14926E-10
7.36625E-1	1.99454E+0	7.78377E-6	1.00001E+0	3.02019E-10
7.37280E-1	1.99130E+0	9.35653E-6	1.00006E+0	2.31181E-10
7.37935E-1	1.99292E+0	9.35653E-6	9.99942E-1	-9.11549E-11
7.38591E-1	1.99211E+0	1.06672E-5	1.00004E+0	9.50495E-10
7.39246E-1	1.99373E+0	1.45991E-5	9.46010E-1	1.73551E-7
7.39901E-1	-6.33567E-3	1.39438E-5	1.00030E+0	1.71980E-7
7.40557E-1	-7.41446E-3	1.61718E-5	1.00005E+0	3.08469E-8
7.41212E-1	-6.06598E-3	1.09293E-5	1.00008E+0	2.10932E-8
7.41868E-1	-5.52658E-3	5.68675E-6	9.99878E-1	1.73236E-8
7.42523E-1	-6.87507E-3	6.47313E-6	1.00009E+0	1.43255E-8
7.43178E-1	-6.06598E-3	-2.83238E-6	9.99959E-1	1.39851E-8
7.43834E-1	-5.52658E-3	7.52164E-6	1.00000E+0	1.16865E-8
7.44489E-1	-6.33567E-3	1.53855E-5	1.00009E+0	1.10537E-8
7.45144E-1	-4.98719E-3	1.10604E-5	9.99984E-1	9.46102E-9
7.45800E-1	-6.60537E-3	2.67229E-6	9.99940E-1	8.62143E-9
7.46455E-1	-6.06598E-3	1.11914E-5	1.00008E+0	8.35852E-9
7.47110E-1	-6.33567E-3	1.18467E-5	9.99982E-1	8.07374E-9
7.47766E-1	-5.52658E-3	7.25951E-6	9.99986E-1	8.14220E-9
7.48421E-1	-6.33567E-3	1.30263E-5	1.00001E+0	6.76205E-9
7.49076E-1	-5.52658E-3	8.04589E-6	1.00010E+0	7.12052E-9
7.49732E-1	-6.60537E-3	1.04050E-5	9.99866E-1	6.16350E-9
7.50387E-1	-6.06598E-3	1.32884E-5	1.00008E+0	6.19155E-9
7.51043E-1	-5.52658E-3	1.63029E-5	1.00003E+0	6.33655E-9
7.51698E-1	-6.06598E-3	1.14535E-5	9.99967E-1	5.36859E-9
7.52353E-1	-5.79628E-3	1.00118E-5	9.99973E-1	6.74827E-9
7.53009E-1	-5.25689E-3	6.86632E-6	1.00004E+0	4.77764E-9
7.53664E-1	-5.25689E-3	8.17696E-6	9.99933E-1	5.37049E-9
7.54319E-1	-5.25689E-3	5.29356E-6	1.00003E+0	5.05291E-9
7.54975E-1	-6.87507E-3	9.74972E-6	9.99952E-1	5.05101E-9
7.55630E-1	-6.33567E-3	1.00118E-5	1.00007E+0	5.97761E-9
7.56285E-1	-7.41446E-3	2.14804E-6	9.99980E-1	4.67495E-9
7.56941E-1	-6.06598E-3	1.17157E-5	1.00001E+0	3.89954E-9
7.57596E-1	-5.79628E-3	1.18467E-5	1.00003E+0	4.82328E-9
7.58252E-1	-7.95385E-3	5.03143E-6	9.99963E-1	5.19078E-9
7.58907E-1	-4.71749E-3	1.15846E-5	1.00004E+0	4.50570E-9
7.59562E-1	-5.79628E-3	9.74972E-6	9.99959E-1	4.24660E-9
7.60218E-1	-6.60537E-3	8.30802E-6	1.00002E+0	4.07449E-9
7.60873E-1	-4.44780E-3	9.88078E-6	1.00003E+0	4.61172E-9
7.61528E-1	-6.33567E-3	1.11914E-5	9.99927E-1	4.34215E-9
7.62184E-1	-6.06598E-3	8.83228E-6	1.00003E+0	5.02201E-9
7.62839E-1	-6.87507E-3	5.55569E-6	1.00002E+0	3.33711E-9
7.63494E-1	-5.79628E-3	1.10604E-5	1.00002E+0	4.65974E-9
7.64150E-1	-4.71749E-3	1.11914E-5	9.99870E-1	4.54231E-9
7.64805E-1	-5.79628E-3	1.00118E-5	1.00008E+0	3.66706E-9
7.65460E-1	-5.25689E-3	1.11914E-5	1.00001E+0	3.89906E-9
7.66116E-1	-6.06598E-3	5.29356E-6	1.00002E+0	4.86417E-9
7.66771E-1	-5.79628E-3	2.22008E-5	9.99938E-1	4.16910E-9
7.67427E-1	-5.79628E-3	-2.96344E-6	1.00004E+0	4.19145E-9
7.68082E-1	-5.25689E-3	8.96334E-6	1.00006E+0	3.57387E-9
7.68737E-1	-7.14476E-3	8.43908E-6	9.99893E-1	3.29908E-9
7.69393E-1	-5.52658E-3	6.21101E-6	9.99969E-1	5.12422E-9
7.70048E-1	-5.52658E-3	1.01429E-5	1.00008E+0	2.45853E-9
7.70703E-1	-5.79628E-3	7.78377E-6	9.99984E-1	5.77840E-9
7.71359E-1	-5.25689E-3	5.42462E-6	1.00007E+0	2.61162E-9
7.72014E-1	-4.44780E-3	1.00118E-5	9.99887E-1	5.01155E-9
7.72669E-1	-6.33567E-3	1.09293E-5	1.00006E+0	4.07592E-9
7.73325E-1	-7.95385E-3	9.61866E-6	1.00001E+0	2.43619E-9
7.73980E-1	-6.60537E-3	2.67229E-6	9.99925E-1	4.02885E-9
7.74636E-1	-4.98719E-3	1.49923E-5	1.00012E+0	4.57273E-9
7.75291E-1	-3.90841E-3	2.23318E-5	9.99950E-1	3.62712E-9
7.75946E-1	-5.79628E-3	1.05361E-5	9.99973E-1	3.77830E-9
7.76602E-1	-5.79628E-3	6.07994E-6	9.99999E-1	3.88480E-9
7.77257E-1	-4.98719E-3	9.22547E-6	1.00002E+0	3.60905E-9
7.77912E-1	-5.79628E-3	1.15846E-5	9.99944E-1	3.24964E-9
7.78568E-1	-5.25689E-3	8.17696E-6	9.99963E-1	4.43771E-9
7.79223E-1	-6.06598E-3	1.09293E-5	1.00009E+0	4.20238E-9
7.79878E-1	-6.87507E-3	1.10604E-5	1.00005E+0	3.45026E-9
7.80534E-1	-3.63871E-3	-1.65281E-6	9.99967E-1	3.64947E-9
7.81189E-1	-5.25689E-3	1.14535E-5	9.99997E-1	2.71526E-9
7.81844E-1	-6.87507E-3	8.96334E-6	9.99940E-1	5.07145E-9
7.82500E-1	-4.98719E-3	1.87931E-5	1.00009E+0	2.87025E-9
7.83155E-1	-6.60537E-3	1.44680E-5	9.99900E-1	4.60126E-9
7.83811E-1	-5.79628E-3	7.52164E-6	1.00007E+0	3.02238E-9
7.84466E-1	-5.25689E-3	9.88078E-6	1.00001E+0	3.33474E-9
7.85121E-1	-5.52658E-3	1.78757E-5	9.99950E-1	4.33502E-9
7.85777E-1	-4.71749E-3	4.63824E-6	9.99973E-1	2.82508E-9
7.86432E-1	-5.25689E-3	4.50718E-6	1.00009E+0	3.54630E-9
7.87087E-1	-5.25689E-3	1.04050E-5	9.99881E-1	4.66449E-9
7.87743E-1	-6.06598E-3	1.06672E-5	1.00012E+0	2.56931E-9
7.88398E-1	-4.71749E-3	8.57015E-6	9.99942E-1	4.86417E-9
7.89053E-1	-6.06598E-3	1.10604E-5	1.00001E+0	3.38370E-9
7.89709E-1	-5.79628E-3	8.17696E-6	1.00006E+0	2.35774E-9
7.90364E-1	-4.44780E-3	1.21089E-5	9.99944E-1	4.80997E-9
7.91020E-1	-6.33567E-3	1.09953E-6	9.99944E-1	3.51920E-9
7.91675E-1	-6.87507E-3	1.18467E-5	1.00004E+0	1.90039E-9
7.92330E-1	-3.90841E-3	6.34207E-6	9.99935E-1	4.56513E-9
7.92986E-1	-5.79628E-3	9.09440E-6	1.00004E+0	3.52490E-9
7.93641E-1	-5.79628E-3	8.30802E-6	1.00003E+0	4.29604E-9
7.94296E-1	-5.25689E-3	1.14535E-5	9.99973E-1	2.37629E-9
7.94952E-1	-6.33567E-3	1.30263E-5	1.00005E+0	3.62807E-9
7.95607E-1	-5.52658E-3	1.11914E-5	1.00001E+0	3.55391E-9
7.96262E-1	-5.79628E-3	1.30263E-5	1.00001E+0	3.97133E-9
7.96918E-1	-4.71749E-3	1.59097E-5	9.99990E-1	3.25677E-9
7.97573E-1	-4.44780E-3	1.38127E-5	9.99916E-1	3.88860E-9
7.98228E-1	-6.33567E-3	1.13225E-5	1.00013E+0	3.40938E-9
7.98884E-1	-4.98719E-3	8.70121E-6	1.00000E+0	3.11129E-9
7.99539E-1	-5.25689E-3	9.09440E-6	1.05323E+0	-3.15951E-7
8.00195E-1	1.99427E+0	7.12845E-6	9.99693E-1	-3.78701E-8
8.00850E-1	1.99292E+0	8.30802E-6	1.00001E+0	-2.21479E-8
8.01505E-1	1.99238E+0	1.21089E-5	9.99914E-1	-1.54440E-8
8.02161E-1	1.99319E+0	1.68271E-5	9.99969E-1	-1.24692E-8
8.02816E-1	1.99319E+0	1.04050E-5	1.00004E+0	-1.14048E-8
8.03471E-1	1.99319E+0	1.31574E-5	9.99940E-1	-8.10344E-9
8.04127E-1	1.99427E+0	7.25951E-6	1.00005E+0	-7.06845E-9
8.04782E-1	1.99238E+0	9.61866E-6	9.99982E-1	-6.52266E-9
8.05437E-1	1.99265E+0	1.56476E-5	1.00001E+0	-6.92772E-9
8.06093E-1	1.99238E+0	1.10604E-5	9.99940E-1	-4.72699E-9
8.06748E-1	1.99400E+0	1.04050E-5	9.99950E-1	-4.49641E-9
8.07404E-1	1.99184E+0	-5.71577E-6	1.00013E+0	-4.85964E-9
8.08059E-1	1.99238E+0	4.11399E-6	9.99925E-1	-3.83035E-9
8.08714E-1	1.98942E+0	1.43369E-5	1.00003E+0	-1.92010E-9
8.09370E-1	1.99292E+0	8.70121E-6	9.99973E-1	-4.42225E-9
8.10025E-1	1.99427E+0	9.88078E-6	9.99954E-1	-1.92438E-9
8.10680E-1	1.99238E+0	1.72203E-5	1.00007E+0	-3.04162E-9
8.11336E-1	1.99373E+0	3.45867E-6	9.99984E-1	-2.83909E-9
8.11991E-1	1.99238E+0	1.43369E-5	1.00002E+0	-1.31346E-9
8.12646E-1	1.99292E+0	1.61718E-5	9.99957E-1	-1.97430E-9
8.13302E-1	1.99346E+0	9.09440E-6	1.00004E+0	-2.26193E-9
8.13957E-1	1.99319E+0	1.95795E-5	1.00000E+0	-9.07930E-10
8.14612E-1	1.99319E+0	9.09440E-6	1.00003E+0	-1.58921E-9
8.15268E-1	1.99535E+0	2.03659E-5	9.99952E-1	-1.46465E-9
8.15923E-1	1.99508E+0	1.26331E-5	1.00003E+0	-2.50677E-9
8.16579E-1	1.99373E+0	1.09293E-5	9.99957E-1	4.05370E-11
8.17234E-1	1.99211E+0	7.52164E-6	9.99969E-1	-1.79649E-9
8.17889E-1	1.99319E+0	5.94888E-6	1.00008E+0	-2.72766E-10
8.18545E-1	1.99265E+0	6.21101E-6	9.99908E-1	-1.78556E-9
8.19200E-1	1.99023E+0	2.14144E-5	1.00010E+0	-1.81028E-9
8.19855E-1	1.99104E+0	1.17157E-5	1.00001E+0	6.53831E-10
8.20511E-1	1.99211E+0	9.61866E-6	9.99923E-1	-1.81313E-9
8.21166E-1	1.99319E+0	1.05361E-5	1.00002E+0	7.66691E-11
8.21821E-1	1.99211E+0	8.04589E-6	1.00002E+0	-5.28068E-10
8.22477E-1	1.99238E+0	8.96334E-6	9.99990E-1	-1.56259E-9
8.23132E-1	1.99373E+0	1.64340E-5	1.00003E+0	-7.65779E-10
8.23788E-1	1.99346E+0	5.94888E-6	9.99948E-1	-5.41855E-10
8.24443E-1	1.99319E+0	9.09440E-6	9.99978E-1	1.05651E-9
8.25098E-1	1.99211E+0	5.68675E-6	1.00008E+0	-1.54119E-9
8.25754E-1	1.99319E+0	3.98293E-6	9.99942E-1	1.57966E-10
8.26409E-1	1.99211E+0	8.43908E-6	9.99973E-1	-9.30275E-10
8.27064E-1	1.99346E+0	1.61718E-5	9.99997E-1	-5.00969E-10
8.27720E-1	1.99346E+0	8.04589E-6	9.99971E-1	6.88537E-10
8.28375E-1	1.99346E+0	1.02740E-5	1.00011E+0	-1.11902E-9
8.29030E-1	1.99238E+0	7.91483E-6	9.99997E-1	4.58433E-10
8.29686E-1	1.99292E+0	1.19778E-5	9.99971E-1	-9.48341E-10
8.30341E-1	1.99265E+0	6.73526E-6	9.99973E-1	1.80786E-10
8.30996E-1	1.99265E+0	3.85186E-6	1.00008E+0	4.19448E-10
8.31652E-1	1.99373E+0	8.96334E-6	9.99944E-1	-8.08567E-10
8.32307E-1	1.99454E+0	6.86632E-6	1.00006E+0	2.67498E-11
8.32963E-1	1.99292E+0	1.34195E-5	9.99849E-1	-1.09696E-10
8.33618E-1	1.99211E+0	1.05361E-5	1.00008E+0	-5.78938E-10
8.34273E-1	1.99535E+0	2.01697E-6	9.99967E-1	6.78078E-10
8.34929E-1	1.99211E+0	1.28952E-5	1.00010E+0	-3.22025E-11
8.35584E-1	1.99319E+0	9.61866E-6	9.99872E-1	-2.75143E-10
8.36239E-1	1.99265E+0	8.96334E-6	1.00010E+0	5.47337E-10
8.36895E-1	1.99157E+0	1.26331E-5	9.99919E-1	-7.94304E-10
8.37550E-1	1.99319E+0	2.01697E-6	1.00001E+0	6.40520E-10
8.38205E-1	1.99346E+0	1.39438E-5	9.99992E-1	3.23413E-10
8.38861E-1	1.99238E+0	5.94888E-6	1.00010E+0	-9.47390E-10
8.39516E-1	1.99373E+0	1.82084E-7	9.46487E-1	3.18328E-7
8.40172E-1	-5.52658E-3	2.01037E-5	1.00030E+0	4.41749E-8
8.40827E-1	-7.68415E-3	1.00118E-5	9.99954E-1	2.47734E-8
8.41482E-1	-6.60537E-3	1.27642E-5	1.00010E+0	1.89010E-8
8.42138E-1	-5.79628E-3	1.02740E-5	1.00005E+0	1.64198E-8
8.42793E-1	-7.14476E-3	8.96334E-6	9.99959E-1	1.30714E-8
8.43448E-1	-6.06598E-3	9.74972E-6	9.99986E-1	1.36153E-8
8.44104E-1	-6.33567E-3	1.19778E-5	1.00009E+0	1.07727E-8
8.44759E-1	-6.33567E-3	9.88078E-6	9.99935E-1	1.08578E-8
8.45414E-1	-6.33567E-3	8.04589E-6	1.00000E+0	8.08800E-9
8.46070E-1	-5.79628E-3	9.74972E-6	9.99967E-1	9.28654E-9
8.46725E-1	-6.33567E-3	9.48759E-6	1.00005E+0	8.03809E-9
8.47380E-1	-6.33567E-3	5.55569E-6	1.00001E+0	7.45855E-9
8.48036E-1	-5.52658E-3	9.35653E-6	1.00002E+0	7.67344E-9
8.48691E-1	-6.60537E-3	9.88078E-6	1.00001E+0	6.87235E-9
8.49347E-1	-6.60537E-3	1.11914E-5	9.99946E-1	6.87473E-9
8.50002E-1	-5.25689E-3	1.26331E-5	1.00010E+0	6.83289E-9
8.50657E-1	-8.22355E-3	1.09293E-5	9.99925E-1	5.45131E-9
8.51313E-1	-4.98719E-3	9.09440E-6	1.00004E+0	5.52168E-9
8.51968E-1	-7.14476E-3	1.64340E-5	9.99942E-1	5.75178E-9
8.52623E-1	-4.44780E-3	4.11399E-6	9.99997E-1	6.68408E-9
8.53279E-1	-7.14476E-3	1.72203E-5	9.99980E-1	5.38618E-9
8.53934E-1	-5.25689E-3	1.75485E-6	9.99988E-1	5.25639E-9
8.54589E-1	-4.98719E-3	1.13225E-5	1.00006E+0	5.79077E-9
8.55245E-1	-6.06598E-3	4.63824E-6	1.00002E+0	3.96800E-9
8.55900E-1	-6.60537E-3	8.70121E-6	9.99910E-1	6.10454E-9
8.56556E-1	-5.25689E-3	7.52164E-6	1.00015E+0	4.94689E-9
8.57211E-1	-6.06598E-3	1.40748E-5	9.99938E-1	4.09303E-9
8.57866E-1	-6.60537E-3	5.81781E-6	9.99999E-1	5.63102E-9
8.58522E-1	-4.98719E-3	9.22547E-6	9.99904E-1	3.41128E-9
8.59177E-1	-5.79628E-3	1.00118E-5	1.00008E+0	5.23928E-9
8.59832E-1	-7.41446E-3	8.83228E-6	1.00001E+0	4.64595E-9
8.60488E-1	-5.52658E-3	1.18467E-5	1.00009E+0	3.91047E-9
8.61143E-1	-4.44780E-3	1.07982E-5	9.99889E-1	4.27179E-9
8.61798E-1	-4.44780E-3	1.32884E-5	9.99984E-1	5.01107E-9
8.62454E-1	-4.98719E-3	9.48759E-6	9.99967E-1	4.18669E-9
8.63109E-1	-5.25689E-3	6.07994E-6	1.00003E+0	4.17290E-9
8.63764E-1	-6.06598E-3	1.15846E-5	1.00005E+0	3.33521E-9
8.64420E-1	-6.06598E-3	9.74972E-6	9.99995E-1	5.17604E-9
8.65075E-1	-5.25689E-3	7.52164E-6	1.00002E+0	3.22872E-9
8.65731E-1	-5.79628E-3	1.17157E-5	1.00006E+0	4.96924E-9
8.66386E-1	-4.17810E-3	5.81781E-6	9.99929E-1	3.56151E-9
8.67041E-1	-7.68415E-3	9.22547E-6	1.00007E+0	4.75339E-9
8.67697E-1	-7.14476E-3	1.42059E-5	9.99838E-1	3.06375E-9
8.68352E-1	-6.60537E-3	1.10604E-5	1.00016E+0	4.78572E-9
8.69007E-1	-3.90841E-3	1.18467E-5	9.99940E-1	2.89972E-9
8.69663E-1	-5.25689E-3	1.04050E-5	9.99961E-1	5.07383E-9
8.70318E-1	-6.87507E-3	7.39058E-6	9.99988E-1	3.98226E-9
8.70973E-1	-6.33567E-3	1.13225E-5	1.00000E+0	3.85437E-9
8.71629E-1	-4.44780E-3	7.39058E-6	1.00009E+0	4.06974E-9
8.72284E-1	-5.79628E-3	3.45867E-6	9.99931E-1	3.44361E-9
8.72940E-1	-9.03264E-3	2.61327E-5	9.99963E-1	3.47974E-9
8.73595E-1	-7.14476E-3	9.88078E-6	1.00003E+0	4.31838E-9
8.74250E-1	-4.44780E-3	6.99739E-6	9.99927E-1	3.23680E-9
8.74906E-1	-4.98719E-3	1.14535E-5	1.00013E+0	4.54801E-9
8.75561E-1	-6.06598E-3	1.68271E-5	9.99923E-1	3.96182E-9
8.76216E-1	-5.79628E-3	1.15846E-5	1.00005E+0	2.13715E-9
8.76872E-1	-6.06598E-3	1.01429E-5	1.00004E+0	4.20523E-9
8.77527E-1	-6.06598E-3	9.48759E-6	1.00001E+0	4.56180E-9
8.78182E-1	-5.79628E-3	3.45867E-6	9.99948E-1	4.05167E-9
8.78838E-1	-5.52658E-3	1.15846E-5	1.00004E+0	2.69719E-9
8.79493E-1	-6.60537E-3	6.34207E-6	9.99910E-1	4.58700E-9
8.80148E-1	-4.17810E-3	1.66961E-5	1.00011E+0	3.50684E-9
8.80804E-1	-6.06598E-3	1.83999E-5	9.99876E-1	3.23252E-9
8.81459E-1	-7.41446E-3	6.60420E-6	1.00017E+0	3.61001E-9
8.82115E-1	-6.60537E-3	1.19778E-5	9.99842E-1	3.61809E-9
8.82770E-1	-6.06598E-3	9.48759E-6	1.00010E+0	4.50427E-9
8.83425E-1	-4.98719E-3	1.00118E-5	9.99944E-1	2.66962E-9
8.84081E-1	-5.52658E-3	4.63824E-6	1.00002E+0	4.67257E-9
8.84736E-1	-5.52658E-3	1.05361E-5	1.00003E+0	3.43125E-9
8.85391E-1	-5.25689E-3	8.83228E-6	9.99967E-1	2.60211E-9
8.86047E-1	-6.06598E-3	7.12845E-6	1.00001E+0	4.67447E-9
8.86702E-1	-5.79628E-3	1.02740E-5	9.99980E-1	3.75501E-9
8.87357E-1	-7.14476E-3	3.19654E-6	9.99969E-1	2.74093E-9
8.88013E-1	-5.52658E-3	8.43908E-6	1.00009E+0	3.94090E-9
8.88668E-1	-6.60537E-3	5.68675E-6	9.99900E-1	3.38988E-9
8.89324E-1	-4.17810E-3	6.34207E-6	1.00005E+0	4.19477E-9
8.89979E-1	-4.44780E-3	2.22008E-5	9.99927E-1	2.80084E-9
8.90634E-1	-5.79628E-3	1.18467E-5	1.00015E+0	3.20590E-9
8.91290E-1	-5.25689E-3	-6.04297E-7	9.99965E-1	4.40491E-9
8.91945E-1	-6.33567E-3	8.70121E-6	1.00003E+0	2.92254E-9
8.92600E-1	-7.41446E-3	1.18467E-5	9.99840E-1	3.07896E-9
8.93256E-1	-4.71749E-3	2.11522E-5	1.00010E+0	3.72553E-9
8.93911E-1	-4.98719E-3	5.29356E-6	9.99938E-1	4.04026E-9
8.94566E-1	-6.33567E-3	9.22547E-6	9.99999E-1	3.72316E-9
8.95222E-1	-6.33567E-3	8.83228E-6	9.99973E-1	2.43809E-9
8.95877E-1	-4.98719E-3	1.31574E-5	1.00003E+0	4.38589E-9
8.96532E-1	-5.79628E-3	-1.12855E-6	1.00009E+0	2.99814E-9
8.97188E-1	-4.71749E-3	1.48612E-5	9.99954E-1	4.03028E-9
8.97843E-1	-6.06598E-3	8.43908E-6	9.99963E-1	3.87672E-9
8.98499E-1	-5.25689E-3	8.83228E-6	1.00003E+0	3.10083E-9
8.99154E-1	-6.06598E-3	1.00118E-5	1.03991E+0	-1.06838E-7
8.99809E-1	1.99508E+0	6.99739E-6	1.01288E+0	-2.29092E-7
9.00465E-1	1.99481E+0	1.44680E-5	9.99908E-1	-2.78762E-8
9.01120E-1	1.99238E+0	5.81781E-6	9.99995E-1	-1.82499E-8
9.01775E-1	1.99427E+0	1.06672E-5	9.99908E-1	-1.54563E-8
9.02431E-1	1.99481E+0	2.80335E-6	1.00014E+0	-1.02989E-8
9.03086E-1	1.99427E+0	1.01429E-5	9.99887E-1	-9.86868E-9
9.03741E-1	1.99427E+0	6.99739E-6	1.00004E+0	-8.97679E-9
9.04397E-1	1.99265E+0	1.18467E-5	9.99942E-1	-5.75200E-9
9.05052E-1	1.99265E+0	1.06672E-5	1.00009E+0	-6.82503E-9
9.05708E-1	1.99346E+0	3.32761E-6	9.99914E-1	-5.26802E-9
9.06363E-1	1.99184E+0	4.76931E-6	9.99999E-1	-4.30530E-9
9.07018E-1	1.99238E+0	1.14535E-5	9.99982E-1	-4.34238E-9
9.07674E-1	1.99211E+0	9.74972E-6	9.99965E-1	-4.42130E-9
9.08329E-1	1.99319E+0	1.34195E-5	1.00009E+0	-3.39676E-9
9.08984E-1	1.99427E+0	9.74972E-6	9.99881E-1	-3.39581E-9
9.09640E-1	1.99373E+0	1.30263E-5	1.00011E+0	-3.27838E-9
9.10295E-1	1.99157E+0	1.11914E-5	1.00001E+0	-2.25718E-9
9.10950E-1	1.99427E+0	9.74972E-6	1.00002E+0	-2.34513E-9
9.11606E-1	1.99292E+0	1.25021E-5	9.99973E-1	-2.15354E-9
9.12261E-1	1.99373E+0	4.63824E-6	9.99950E-1	-2.02707E-9
9.12916E-1	1.99319E+0	1.22399E-5	1.00005E+0	-2.11075E-9
9.13572E-1	1.99319E+0	1.97105E-5	9.99999E-1	-2.12121E-9
9.14227E-1	1.99346E+0	1.17157E-5	1.00001E+0	-1.84927E-9
9.14883E-1	1.99373E+0	8.83228E-6	9.99973E-1	-5.35199E-10
9.15538E-1	1.99319E+0	6.21101E-6	9.99969E-1	-2.58474E-9
9.16193E-1	1.99346E+0	1.52544E-5	9.99969E-1	-1.00016E-9
9.16849E-1	1.99265E+0	7.25951E-6	1.00006E+0	-1.06434E-9
9.17504E-1	1.99346E+0	-2.04600E-6	9.99986E-1	-1.56211E-9
9.18159E-1	1.99184E+0	7.25951E-6	9.99980E-1	5.05209E-11
9.18815E-1	1.99427E+0	1.05361E-5	1.00004E+0	-1.50316E-9
9.19470E-1	1.99238E+0	1.05361E-5	1.00000E+0	-1.33866E-9
9.20125E-1	1.99211E+0	4.90037E-6	9.99971E-1	6.09617E-10
9.20781E-1	1.99265E+0	5.42462E-6	9.99933E-1	-1.55641E-9
9.21436E-1	1.99265E+0	8.04589E-6	1.00007E+0	-1.62296E-9
9.22092E-1	1.99427E+0	1.82084E-7	9.99997E-1	9.21018E-10
9.22747E-1	1.99265E+0	1.17157E-5	1.00001E+0	-1.24500E-9
9.23402E-1	1.99184E+0	2.67229E-6	9.99969E-1	-1.17559E-9
9.24058E-1	1.99157E+0	1.02740E-5	1.00009E+0	6.09802E-11
9.24713E-1	1.99400E+0	9.09440E-6	9.99872E-1	3.48319E-11
9.25368E-1	1.99211E+0	8.43908E-6	1.00001E+0	-5.73999E-11
9.26024E-1	1.99292E+0	6.60420E-6	1.00006E+0	-1.76844E-9
9.26679E-1	1.99265E+0	7.91483E-6	1.00006E+0	7.09640E-11
9.27334E-1	1.99319E+0	7.65270E-6	9.99866E-1	3.19610E-10
9.27990E-1	1.99346E+0	1.06672E-5	1.00010E+0	-6.66891E-10
9.28645E-1	1.99238E+0	6.34207E-6	9.99944E-1	-7.22040E-10
9.29300E-1	1.99184E+0	9.48759E-6	9.99931E-1	-1.07319E-10
9.29956E-1	1.99319E+0	8.70121E-6	1.00007E+0	3.05532E-11
9.30611E-1	1.99319E+0	2.27910E-6	9.99982E-1	-2.30929E-10
9.31267E-1	1.99292E+0	1.00118E-5	1.00003E+0	2.04558E-10
9.31922E-1	1.99104E+0	8.57015E-6	9.99969E-1	-6.66415E-10
9.32577E-1	1.99508E+0	8.70121E-6	1.00000E+0	5.66829E-10
9.33233E-1	1.99211E+0	1.07982E-5	1.00003E+0	-6.97609E-11
9.33888E-1	1.99292E+0	5.94888E-6	9.99906E-1	-9.20766E-10
9.34543E-1	1.99211E+0	9.22547E-6	1.00005E+0	-8.87778E-11
9.35199E-1	1.99346E+0	1.40748E-5	1.00003E+0	4.39416E-10
9.35854E-1	1.99265E+0	1.28952E-5	9.99952E-1	-1.19205E-10
9.36509E-1	1.99211E+0	1.21089E-5	1.00003E+0	3.25315E-10
9.37165E-1	1.99211E+0	1.09293E-5	9.99976E-1	-2.34257E-10
9.37820E-1	1.99319E+0	1.61718E-5	1.00011E+0	-9.31225E-10
9.38476E-1	1.99184E+0	1.26331E-5	9.99904E-1	1.96951E-10
9.39131E-1	1.99157E+0	6.60420E-6	9.64795E-1	9.42635E-8
9.39786E-1	-7.41446E-3	1.70893E-5	9.82139E-1	2.48499E-7
9.40442E-1	-6.60537E-3	9.35653E-6	1.00011E+0	3.12011E-8
9.41097E-1	-5.52658E-3	5.75274E-7	1.00002E+0	2.27552E-8
9.41752E-1	-5.79628E-3	7.65270E-6	1.00005E+0	1.80676E-8
9.42408E-1	-6.33567E-3	1.26331E-5	1.00005E+0	1.35558E-8
9.43063E-1	-6.87507E-3	2.75744E-5	9.99973E-1	1.38183E-8
9.43718E-1	-6.06598E-3	1.15846E-5	1.00000E+0	1.11911E-8
9.44374E-1	-5.79628E-3	3.19654E-6	1.00006E+0	1.17179E-8
9.45029E-1	-6.33567E-3	7.91483E-6	9.99997E-1	8.54774E-9
9.45684E-1	-6.60537E-3	1.04050E-5	9.99978E-1	9.18956E-9
9.46340E-1	-6.60537E-3	9.09440E-6	1.00004E+0	8.71604E-9
9.46995E-1	-4.98719E-3	1.13225E-5	1.00003E+0	8.65138E-9
9.47651E-1	-6.33567E-3	3.32761E-6	9.99950E-1	7.50466E-9
9.48306E-1	-4.98719E-3	8.04589E-6	9.99921E-1	6.55619E-9
9.48961E-1	-6.33567E-3	1.14535E-5	1.00009E+0	7.10103E-9
9.49617E-1	-6.33567E-3	1.25021E-5	9.99957E-1	6.53242E-9
9.50272E-1	-6.06598E-3	1.82084E-7	1.00010E+0	5.79267E-9
9.50927E-1	-4.71749E-3	1.97105E-5	9.99959E-1	5.51692E-9
9.51583E-1	-7.14476E-3	9.74972E-6	9.99988E-1	5.95906E-9
9.52238E-1	-7.14476E-3	9.35653E-6	9.99976E-1	7.06395E-9
9.52893E-1	-7.68415E-3	1.15846E-5	9.99950E-1	4.72012E-9
9.53549E-1	-4.44780E-3	6.73526E-6	1.00005E+0	5.86826E-9
9.54204E-1	-5.79628E-3	1.14535E-5	1.00000E+0	5.58681E-9
9.54860E-1	-5.25689E-3	2.93442E-6	9.99988E-1	5.28016E-9
9.55515E-1	-6.06598E-3	3.85186E-6	1.00001E+0	4.38066E-9
9.56170E-1	-5.52658E-3	7.25951E-6	1.00005E+0	4.07259E-9
9.56826E-1	-6.06598E-3	-3.88088E-6	1.00006E+0	5.87159E-9
9.57481E-1	-6.87507E-3	5.42462E-6	9.99908E-1	4.67970E-9
9.58136E-1	-5.79628E-3	1.28952E-5	1.00004E+0	4.78953E-9
9.58792E-1	-5.79628E-3	1.10604E-5	9.99935E-1	4.43819E-9
9.59447E-1	-5.25689E-3	7.65270E-6	9.99965E-1	4.11015E-9
9.60102E-1	-6.33567E-3	1.40748E-5	1.00011E+0	3.51730E-9
9.60758E-1	-6.33567E-3	9.48759E-6	9.99967E-1	5.85590E-9
9.61413E-1	-4.71749E-3	4.76931E-6	9.99938E-1	4.01411E-9
9.62068E-1	-5.52658E-3	9.61866E-6	1.00006E+0	4.68969E-9
9.62724E-1	-6.60537E-3	1.06672E-5	9.99921E-1	3.70604E-9
9.63379E-1	-6.87507E-3	6.47313E-6	9.99999E-1	4.53708E-9
9.64035E-1	-7.41446E-3	1.23059E-6	1.00012E+0	3.34044E-9
9.64690E-1	-5.79628E-3	7.91483E-6	9.99919E-1	4.84277E-9
9.65345E-1	-7.41446E-3	2.50842E-5	9.99984E-1	4.14533E-9
9.66001E-1	-6.33567E-3	9.48759E-6	1.00003E+0	4.01079E-9
9.66656E-1	-6.87507E-3	1.21089E-5	1.00006E+0	3.83345E-9
9.67311E-1	-7.14476E-3	8.43908E-6	9.99957E-1	4.79095E-9
9.67967E-1	-6.87507E-3	3.45867E-6	9.99963E-1	3.83963E-9
9.68622E-1	-5.79628E-3	1.21089E-5	1.00010E+0	3.46358E-9
9.69277E-1	-5.52658E-3	1.21089E-5	9.99935E-1	3.33188E-9
9.69933E-1	-7.14476E-3	1.05361E-5	9.99965E-1	3.67894E-9
9.70588E-1	-6.33567E-3	2.18076E-5	1.00002E+0	4.26133E-9
9.71244E-1	-6.06598E-3	9.35653E-6	1.00007E+0	4.01697E-9
9.71899E-1	-7.95385E-3	2.67229E-6	9.99992E-1	3.03760E-9
9.72554E-1	-6.33567E-3	1.07982E-5	9.99980E-1	4.93406E-9
9.73210E-1	-6.33567E-3	1.38127E-5	1.00002E+0	2.67960E-9
9.73865E-1	-6.06598E-3	9.35653E-6	1.00002E+0	4.44104E-9
9.74520E-1	-5.52658E-3	8.30802E-6	9.99921E-1	3.29385E-9
9.75176E-1	-5.52658E-3	5.94888E-6	1.00009E+0	4.04644E-9
9.75831E-1	-7.95385E-3	2.22008E-5	9.99921E-1	2.87453E-9
9.76486E-1	-4.71749E-3	1.18467E-5	1.00006E+0	4.17148E-9
9.77142E-1	-4.98719E-3	1.04050E-5	9.99883E-1	3.35328E-9
9.77797E-1	-7.41446E-3	8.70121E-6	1.00006E+0	4.35166E-9
9.78452E-1	-4.71749E-3	5.55569E-6	1.00008E+0	3.08561E-9
9.79108E-1	-4.71749E-3	1.45991E-5	9.99950E-1	4.70110E-9
9.79763E-1	-4.44780E-3	1.40748E-5	9.99976E-1	3.83250E-9
9.80419E-1	-4.98719E-3	1.02740E-5	1.00003E+0	3.38941E-9
9.81074E-1	-5.25689E-3	7.65270E-6	9.99927E-1	3.37087E-9
9.81729E-1	-6.87507E-3	8.57015E-6	1.00008E+0	2.55457E-9
9.82385E-1	-5.25689E-3	7.12845E-6	9.99969E-1	3.95326E-9
9.83040E-1	-4.17810E-3	1.05361E-5	9.99961E-1	4.09446E-9
9.83695E-1	-5.52658E-3	-2.83238E-6	1.00005E+0	3.67181E-9
9.84351E-1	-6.60537E-3	7.91483E-6	9.99938E-1	3.30383E-9
9.85006E-1	-5.79628E-3	9.09440E-6	1.00002E+0	3.93472E-9
9.85661E-1	-5.52658E-3	6.07994E-6	1.00004E+0	1.67789E-9
9.86317E-1	-5.79628E-3	1.06672E-5	9.99933E-1	4.85656E-9
9.86972E-1	-5.25689E-3	1.19778E-5	1.00007E+0	4.02790E-9
9.87628E-1	-5.52658E-3	8.96334E-6	9.99931E-1	3.54582E-9
9.88283E-1	-4.44780E-3	-1.39068E-6	1.00011E+0	2.11766E-9
9.88938E-1	-5.52658E-3	7.65270E-6	9.99954E-1	4.53137E-9
9.89594E-1	-4.44780E-3	2.04969E-5	1.00001E+0	3.75406E-9
9.90249E-1	-6.33567E-3	1.09293E-5	9.99925E-1	2.76946E-9
9.90904E-1	-6.06598E-3	9.35653E-6	1.00010E+0	3.33759E-9
9.91560E-1	-5.52658E-3	7.65270E-6	1.00000E+0	2.85503E-9
9.92215E-1	-6.06598E-3	2.19386E-5	1.00002E+0	4.33835E-9
9.92870E-1	-6.87507E-3	1.13225E-5	1.00000E+0	2.59688E-9
9.93526E-1	-5.79628E-3	8.57015E-6	9.99893E-1	4.22235E-9
9.94181E-1	-6.87507E-3	1.06672E-5	1.00005E+0	3.62094E-9
9.94836E-1	-7.95385E-3	1.01429E-5	1.00004E+0	2.49704E-9
9.95492E-1	-5.79628E-3	9.88078E-6	9.99969E-1	3.71935E-9
9.96147E-1	-4.98719E-3	1.02740E-5	1.00003E+0	3.85152E-9
9.96803E-1	-3.90841E-3	1.47301E-5	9.99929E-1	2.83649E-9
9.97458E-1	-2.82962E-3	7.25951E-6	1.00003E+0	4.04549E-9
9.98113E-1	-5.25689E-3	1.10604E-5	9.99978E-1	2.52367E-9
9.98769E-1	-6.87507E-3	7.52164E-6	1.00006E+0	2.74711E-9
9.99424E-1	-6.06598E-3	9.88078E-6	1.05258E+0	-3.07722E-7
