## Header ##
[General info]
User	Giorgos_Psaltakis
Device	Sample
Cell area (cm2)	1
Test	Pulsed
Date	2024-03-03
Time	04:00:55
Temperature	21.36
Note	

[Acquisition Settings]
Amplitude (V)	2.000
Frequency (Hz)	10.0
DC Offset (V)	1.000
Duty Cycle (%)	40
Phase (°)	0
Cycles	10

## Data ##
Time (s)	DC Channel Voltage (V)	DC Channel Current (A)	Pulse Channel Voltage (V)	Pulse Channel Current (A)
0.00000E+0	1.99400E+0	1.19778E-5	1.00421E+0	-1.65779E-7
6.55360E-4	1.99292E+0	9.35653E-6	9.98683E-1	2.10690E-7
1.31072E-3	1.99319E+0	1.18467E-5	1.00047E+0	1.81288E-7
1.96608E-3	1.99265E+0	9.22547E-6	1.00039E+0	9.39948E-8
2.62144E-3	1.99427E+0	1.44680E-5	1.00015E+0	5.09958E-8
3.27680E-3	1.99400E+0	1.44680E-5	1.00013E+0	3.33938E-8
3.93216E-3	1.99265E+0	8.57015E-6	9.99961E-1	2.21981E-8
4.58752E-3	1.99211E+0	1.21089E-5	1.00009E+0	1.68419E-8
5.24288E-3	1.99319E+0	7.25951E-6	9.99982E-1	1.10713E-8
5.89824E-3	1.99292E+0	-2.70131E-6	1.00004E+0	9.67734E-9
6.55360E-3	1.99319E+0	1.25021E-5	9.99980E-1	7.79514E-9
7.20896E-3	1.99292E+0	1.90552E-5	1.00002E+0	5.65575E-9
7.86432E-3	1.99373E+0	8.04589E-6	9.99969E-1	6.25620E-9
8.51968E-3	1.99427E+0	1.01429E-5	1.00013E+0	4.12774E-9
9.17504E-3	1.99292E+0	1.07982E-5	9.99950E-1	5.01725E-9
9.83040E-3	1.99346E+0	6.60420E-6	9.99973E-1	2.81605E-9
1.04858E-2	1.99184E+0	9.35653E-6	1.00000E+0	4.39588E-9
1.11411E-2	1.99292E+0	1.02740E-5	1.00001E+0	3.60430E-9
1.17965E-2	1.99562E+0	7.25951E-6	9.99984E-1	4.69254E-9
1.24518E-2	1.99481E+0	1.38127E-5	9.99986E-1	2.07392E-9
1.31072E-2	1.99346E+0	1.25021E-5	9.99971E-1	4.26228E-9
1.37626E-2	1.99427E+0	3.45867E-6	1.00013E+0	2.45616E-9
1.44179E-2	1.99184E+0	9.61866E-6	9.99914E-1	4.10635E-9
1.50733E-2	1.99373E+0	9.48759E-6	9.99973E-1	2.66534E-9
1.57286E-2	1.99292E+0	2.67229E-6	1.00005E+0	3.01668E-9
1.63840E-2	1.99292E+0	1.17157E-5	9.99999E-1	3.11652E-9
1.70394E-2	1.99265E+0	1.10604E-5	9.99971E-1	2.85694E-9
1.76947E-2	1.99319E+0	4.63824E-6	9.99950E-1	2.62493E-9
1.83501E-2	1.99211E+0	1.07982E-5	1.00005E+0	1.72591E-9
1.90054E-2	1.99265E+0	1.11914E-5	9.99954E-1	4.00936E-9
1.96608E-2	1.99265E+0	7.78377E-6	1.00004E+0	1.61751E-9
2.03162E-2	1.99373E+0	2.93442E-6	1.00001E+0	4.25943E-9
2.09715E-2	1.99211E+0	9.74972E-6	9.99963E-1	1.95078E-9
2.16269E-2	1.99373E+0	1.77446E-5	1.00001E+0	2.08295E-9
2.22822E-2	1.99238E+0	1.75485E-6	1.00006E+0	2.20038E-9
2.29376E-2	1.99265E+0	1.04050E-5	9.99988E-1	3.03189E-9
2.35930E-2	1.99319E+0	8.96334E-6	9.99995E-1	3.43885E-9
2.42483E-2	1.99346E+0	6.99739E-6	1.00006E+0	2.73951E-9
2.49037E-2	1.99319E+0	3.72080E-6	9.99978E-1	1.83478E-9
2.55590E-2	1.99292E+0	1.53855E-5	9.99976E-1	3.30146E-9
2.62144E-2	1.99346E+0	1.14535E-5	1.00007E+0	1.96980E-9
2.68698E-2	1.99346E+0	8.83228E-6	9.99908E-1	2.22890E-9
2.75251E-2	1.99265E+0	4.11399E-6	1.00002E+0	3.46072E-9
2.81805E-2	1.99211E+0	9.88078E-6	9.99891E-1	2.12621E-9
2.88358E-2	1.99211E+0	1.14535E-5	1.00011E+0	3.02666E-9
2.94912E-2	1.99319E+0	1.45991E-5	9.99995E-1	2.33825E-9
3.01466E-2	1.99292E+0	8.57015E-6	9.99999E-1	1.21768E-9
3.08019E-2	1.99157E+0	8.04589E-6	9.99988E-1	2.83126E-9
3.14573E-2	1.99265E+0	1.14535E-5	9.99944E-1	3.02381E-9
3.21126E-2	1.99427E+0	1.19778E-5	1.00000E+0	3.41128E-9
3.27680E-2	1.99077E+0	2.14804E-6	1.00009E+0	1.30706E-9
3.34234E-2	1.99104E+0	6.86632E-6	9.99967E-1	2.31210E-9
3.40787E-2	1.99346E+0	1.62378E-6	9.99992E-1	3.05234E-9
3.47341E-2	1.99265E+0	2.14144E-5	9.99999E-1	2.19420E-9
3.53894E-2	1.99346E+0	1.10604E-5	9.99963E-1	1.70024E-9
3.60448E-2	1.99454E+0	8.96334E-6	1.00001E+0	3.35090E-9
3.67002E-2	1.99319E+0	1.13225E-5	1.00009E+0	1.90609E-9
3.73555E-2	1.99104E+0	6.99739E-6	9.99862E-1	2.95297E-9
3.80109E-2	1.99238E+0	7.91483E-6	1.00013E+0	2.29689E-9
3.86662E-2	1.99400E+0	9.74972E-6	9.99942E-1	3.10416E-9
3.93216E-2	1.99454E+0	1.31574E-5	9.99995E-1	1.11927E-9
3.99770E-2	-6.06598E-3	9.48759E-6	1.05387E+0	-5.15471E-7
4.06323E-2	-8.49324E-3	7.91483E-6	9.98780E-1	-8.97034E-8
4.12877E-2	-5.79628E-3	1.35506E-5	9.99927E-1	-1.48773E-8
4.19430E-2	-6.87507E-3	1.31574E-5	9.99906E-1	-3.51324E-9
4.25984E-2	-9.03264E-3	1.36816E-5	9.99963E-1	3.04872E-10
4.32538E-2	-6.06598E-3	8.43908E-6	1.00008E+0	1.02799E-9
4.39091E-2	-7.68415E-3	1.07982E-5	9.99986E-1	1.68550E-9
4.45645E-2	-6.87507E-3	6.21101E-6	1.00002E+0	2.15189E-9
4.52198E-2	-5.79628E-3	1.10604E-5	9.99950E-1	1.63415E-9
4.58752E-2	-6.87507E-3	9.22547E-6	1.00010E+0	1.40119E-9
4.65306E-2	-6.60537E-3	1.31574E-5	9.99842E-1	1.86568E-9
4.71859E-2	-6.06598E-3	9.61866E-6	1.00017E+0	2.56027E-9
4.78413E-2	-7.95385E-3	1.26331E-5	9.99912E-1	1.18773E-9
4.84966E-2	-6.87507E-3	2.08901E-5	9.99961E-1	3.26390E-9
4.91520E-2	-5.79628E-3	5.94888E-6	1.00003E+0	2.79941E-9
4.98074E-2	-7.14476E-3	1.01429E-5	9.99961E-1	1.71260E-9
5.04627E-2	-6.06598E-3	1.30263E-5	1.00009E+0	2.60544E-9
5.11181E-2	-6.87507E-3	1.10604E-5	9.99906E-1	2.47660E-9
5.17734E-2	-7.68415E-3	1.02740E-5	1.00001E+0	1.77202E-9
5.24288E-2	-5.79628E-3	1.05361E-5	1.00007E+0	2.28691E-9
5.30842E-2	-6.33567E-3	8.70121E-6	9.99906E-1	3.04092E-9
5.37395E-2	-6.33567E-3	1.26331E-5	1.00001E+0	1.39929E-9
5.43949E-2	-6.60537E-3	6.07994E-6	1.00012E+0	2.37676E-9
5.50502E-2	-5.79628E-3	2.67229E-6	9.99914E-1	2.50037E-9
5.57056E-2	-7.14476E-3	-4.01195E-6	9.99984E-1	2.81557E-9
5.63610E-2	-5.52658E-3	7.65270E-6	1.00004E+0	1.56379E-9
5.70163E-2	-6.06598E-3	1.01429E-5	1.00001E+0	1.97075E-9
5.76717E-2	-4.98719E-3	1.05361E-5	9.99946E-1	3.18498E-9
5.83270E-2	-3.63871E-3	1.34195E-5	1.00005E+0	2.25125E-9
5.89824E-2	-9.03264E-3	1.19778E-5	9.99982E-1	2.26932E-9
5.96378E-2	-7.14476E-3	9.48759E-6	1.00009E+0	2.57454E-9
6.02931E-2	-6.60537E-3	1.10604E-5	9.99893E-1	1.28424E-9
6.09485E-2	-7.14476E-3	1.30263E-5	9.99984E-1	3.77212E-9
6.16038E-2	-5.25689E-3	8.04589E-6	9.99997E-1	1.24050E-9
6.22592E-2	-6.33567E-3	1.42059E-5	1.00002E+0	2.52272E-9
6.29146E-2	-6.06598E-3	5.55569E-6	1.00006E+0	2.65583E-9
6.35699E-2	-6.33567E-3	8.70121E-6	1.00001E+0	1.02276E-9
6.42253E-2	-4.71749E-3	5.94888E-6	9.99959E-1	2.37771E-9
6.48806E-2	-6.60537E-3	1.17157E-5	1.00004E+0	3.77355E-9
6.55360E-2	-6.06598E-3	1.02740E-5	9.99919E-1	6.94718E-10
6.61914E-2	-7.41446E-3	5.68675E-6	1.00002E+0	3.32237E-9
6.68467E-2	-5.25689E-3	6.07994E-6	1.00003E+0	1.47203E-9
6.75021E-2	-7.14476E-3	8.57015E-6	1.00004E+0	2.58452E-9
6.81574E-2	-6.33567E-3	1.49923E-5	1.00002E+0	1.95649E-9
6.88128E-2	-6.06598E-3	9.22547E-6	1.00002E+0	3.27150E-9
6.94682E-2	-6.06598E-3	1.35506E-5	9.99971E-1	1.40690E-9
7.01235E-2	-7.68415E-3	-3.74982E-6	9.99973E-1	2.97104E-9
7.07789E-2	-6.06598E-3	7.78377E-6	9.99961E-1	2.01496E-9
7.14342E-2	-6.60537E-3	1.02740E-5	1.00004E+0	1.66173E-9
7.20896E-2	-4.98719E-3	2.02348E-5	9.99999E-1	3.45407E-9
7.27450E-2	-7.95385E-3	3.45867E-6	9.99923E-1	1.78534E-9
7.34003E-2	-5.79628E-3	1.19778E-5	1.00000E+0	2.96628E-9
7.40557E-2	-6.06598E-3	1.07982E-5	1.00014E+0	1.30896E-9
7.47110E-2	-4.71749E-3	1.52544E-5	9.99845E-1	2.45235E-9
7.53664E-2	-7.68415E-3	1.05361E-5	1.00008E+0	2.90305E-9
7.60218E-2	-5.79628E-3	1.09293E-5	9.99957E-1	2.31068E-9
7.66771E-2	-6.87507E-3	1.09293E-5	1.00007E+0	1.33131E-9
7.73325E-2	-5.52658E-3	1.93174E-5	9.99878E-1	2.13572E-9
7.79878E-2	-6.60537E-3	7.91483E-6	1.00012E+0	2.06869E-9
7.86432E-2	-6.60537E-3	1.19778E-5	9.99967E-1	2.63254E-9
7.92986E-2	-6.60537E-3	1.04050E-5	1.00006E+0	1.95268E-9
7.99539E-2	-5.79628E-3	8.83228E-6	9.99912E-1	2.09151E-9
8.06093E-2	-7.68415E-3	2.23318E-5	9.99969E-1	3.04473E-9
8.12646E-2	-6.06598E-3	9.61866E-6	9.99988E-1	1.41783E-9
8.19200E-2	-7.14476E-3	8.30802E-6	1.00014E+0	2.68008E-9
8.25754E-2	-7.41446E-3	7.25951E-6	9.99946E-1	2.65821E-9
8.32307E-2	-6.06598E-3	9.22547E-6	1.00006E+0	1.66933E-9
8.38861E-2	-6.33567E-3	1.00118E-5	9.99946E-1	2.14238E-9
8.45414E-2	-6.33567E-3	1.25021E-5	9.99978E-1	2.67723E-9
8.51968E-2	-6.87507E-3	1.26331E-5	9.99982E-1	2.52319E-9
8.58522E-2	-7.14476E-3	1.38127E-5	1.00000E+0	1.21816E-9
8.65075E-2	-4.71749E-3	1.09293E-5	1.00004E+0	3.11747E-9
8.71629E-2	-4.17810E-3	1.13225E-5	9.99931E-1	1.79342E-9
8.78182E-2	-6.33567E-3	1.02740E-5	1.00002E+0	2.20466E-9
8.84736E-2	-6.87507E-3	9.74972E-6	1.00009E+0	2.06251E-9
8.91290E-2	-5.79628E-3	8.70121E-6	9.99885E-1	2.14333E-9
8.97843E-2	-6.33567E-3	1.21089E-5	1.00009E+0	2.17994E-9
9.04397E-2	-4.98719E-3	1.02740E-5	9.99952E-1	3.27293E-9
9.10950E-2	-6.06598E-3	7.65270E-6	1.00002E+0	1.89801E-9
9.17504E-2	-7.95385E-3	1.26331E-5	1.00002E+0	1.14827E-9
9.24058E-2	-6.33567E-3	1.89242E-5	9.99976E-1	3.65660E-9
9.30611E-2	-7.14476E-3	1.00118E-5	9.99971E-1	1.14304E-9
9.37165E-2	-7.68415E-3	9.61866E-6	1.00005E+0	2.42050E-9
9.43718E-2	-5.25689E-3	1.47301E-5	9.99959E-1	3.03902E-9
9.50272E-2	-6.06598E-3	2.33803E-5	1.00002E+0	8.85362E-10
9.56826E-2	-6.06598E-3	4.37612E-6	1.00000E+0	2.83412E-9
9.63379E-2	-6.33567E-3	8.43908E-6	1.00006E+0	1.84571E-9
9.69933E-2	-5.79628E-3	1.13225E-5	9.99959E-1	2.82366E-9
9.76486E-2	-6.06598E-3	7.78377E-6	9.99938E-1	1.42354E-9
9.83040E-2	-6.33567E-3	1.10604E-5	1.00002E+0	1.59469E-9
9.89594E-2	-5.79628E-3	9.74972E-6	9.99992E-1	2.99719E-9
9.96147E-2	1.99319E+0	7.65270E-6	9.23648E-1	2.80963E-7
1.00270E-1	1.99319E+0	9.35653E-6	9.92262E-1	3.34209E-7
1.00925E-1	1.99292E+0	7.78377E-6	1.00032E+0	2.53786E-8
1.01581E-1	1.99050E+0	1.91863E-5	1.00009E+0	7.36679E-9
1.02236E-1	1.99346E+0	1.14535E-5	1.00006E+0	3.81206E-9
1.02892E-1	1.99346E+0	8.96334E-6	9.99859E-1	2.08865E-9
1.03547E-1	1.99346E+0	7.65270E-6	1.00001E+0	2.69767E-9
1.04202E-1	1.99427E+0	9.35653E-6	1.00005E+0	2.53793E-9
1.04858E-1	1.99292E+0	1.21089E-5	1.00003E+0	8.13573E-10
1.05513E-1	1.99211E+0	1.17157E-5	9.99929E-1	3.09607E-9
1.06168E-1	1.99373E+0	1.15846E-5	1.00007E+0	1.89278E-9
1.06824E-1	1.99400E+0	8.30802E-6	9.99944E-1	2.36440E-9
1.07479E-1	1.99319E+0	8.43908E-6	1.00002E+0	2.02447E-9
1.08134E-1	1.99454E+0	7.91483E-6	9.99933E-1	8.40672E-10
1.08790E-1	1.99346E+0	1.15846E-5	1.00007E+0	2.41717E-9
1.09445E-1	1.99238E+0	6.07994E-6	1.00001E+0	1.65174E-9
1.10100E-1	1.99427E+0	5.42462E-6	1.00001E+0	1.86616E-9
1.10756E-1	1.99130E+0	1.15846E-5	9.99950E-1	2.93728E-9
1.11411E-1	1.99292E+0	1.02740E-5	1.00005E+0	1.09550E-9
1.12067E-1	1.99373E+0	1.97105E-5	9.99959E-1	2.53080E-9
1.12722E-1	1.99184E+0	1.13225E-5	1.00001E+0	1.27521E-9
1.13377E-1	1.99400E+0	3.06548E-6	9.99950E-1	2.31210E-9
1.14033E-1	1.99454E+0	7.52164E-6	1.00012E+0	2.74093E-9
1.14688E-1	1.99265E+0	2.77054E-5	9.99902E-1	2.12098E-9
1.15343E-1	1.99346E+0	9.48759E-6	1.00011E+0	1.34605E-9
1.15999E-1	1.99346E+0	1.01429E-5	9.99881E-1	1.60990E-9
1.16654E-1	1.99346E+0	5.03143E-6	1.00010E+0	2.89687E-9
1.17309E-1	1.99211E+0	9.74972E-6	9.99961E-1	1.62512E-9
1.17965E-1	1.99373E+0	1.48612E-5	9.99965E-1	1.72401E-9
1.18620E-1	1.99211E+0	1.43369E-5	1.00004E+0	2.08818E-9
1.19276E-1	1.99346E+0	1.10604E-5	9.99990E-1	2.85361E-9
1.19931E-1	1.99157E+0	6.47313E-6	9.99982E-1	1.45159E-9
1.20586E-1	1.99184E+0	1.15846E-5	9.99965E-1	2.18421E-9
1.21242E-1	1.99373E+0	1.27642E-5	1.00002E+0	1.92654E-9
1.21897E-1	1.99292E+0	1.28952E-5	1.00002E+0	2.55219E-9
1.22552E-1	1.99400E+0	5.42462E-6	1.00007E+0	8.32115E-10
1.23208E-1	1.99373E+0	5.55569E-6	9.99969E-1	2.22890E-9
1.23863E-1	1.99292E+0	1.06672E-5	9.99990E-1	2.72857E-9
1.24518E-1	1.99157E+0	9.35653E-6	1.00003E+0	1.67171E-9
1.25174E-1	1.99319E+0	8.30802E-6	9.99876E-1	9.60478E-10
1.25829E-1	1.99184E+0	6.86632E-6	1.00004E+0	2.95963E-9
1.26484E-1	1.99184E+0	9.48759E-6	9.99969E-1	2.35204E-9
1.27140E-1	1.99265E+0	8.17696E-6	1.00016E+0	1.57330E-9
1.27795E-1	1.99265E+0	1.43369E-5	9.99910E-1	1.80435E-9
1.28451E-1	1.99400E+0	-4.01195E-6	9.99988E-1	2.81272E-9
1.29106E-1	1.99319E+0	1.05361E-5	1.00002E+0	1.59612E-9
1.29761E-1	1.99211E+0	1.02740E-5	1.00005E+0	1.09122E-9
1.30417E-1	1.99427E+0	9.74972E-6	9.99971E-1	2.92207E-9
1.31072E-1	1.99373E+0	1.11914E-5	9.99988E-1	2.21131E-9
1.31727E-1	1.99373E+0	1.05361E-5	9.99995E-1	1.47061E-9
1.32383E-1	1.99319E+0	8.17696E-6	9.99990E-1	1.88422E-9
1.33038E-1	1.99319E+0	7.78377E-6	9.99995E-1	2.79180E-9
1.33693E-1	1.99319E+0	8.70121E-6	1.00002E+0	1.79770E-9
1.34349E-1	1.99130E+0	2.42978E-5	9.99902E-1	1.47869E-9
1.35004E-1	1.99238E+0	1.01429E-5	1.00008E+0	1.66791E-9
1.35660E-1	1.99346E+0	1.10604E-5	9.99927E-1	3.22491E-9
1.36315E-1	1.99104E+0	8.83228E-6	1.00012E+0	9.85200E-10
1.36970E-1	1.99184E+0	1.05361E-5	9.99935E-1	3.13126E-9
1.37626E-1	1.99104E+0	3.58973E-6	1.00003E+0	2.13572E-9
1.38281E-1	1.99346E+0	1.48612E-5	9.99984E-1	6.51454E-10
1.38936E-1	1.99508E+0	6.21101E-6	1.00002E+0	2.46471E-9
1.39592E-1	-5.79628E-3	5.81781E-6	1.06889E+0	-2.54752E-7
1.40247E-1	-6.87507E-3	9.09440E-6	1.00819E+0	-3.21632E-7
1.40902E-1	-6.87507E-3	7.65270E-6	9.99671E-1	-2.04012E-8
1.41558E-1	-6.33567E-3	7.25951E-6	1.00002E+0	-1.65101E-9
1.42213E-1	-6.33567E-3	9.61866E-6	9.99952E-1	9.29576E-10
1.42868E-1	-7.68415E-3	6.47313E-6	1.00007E+0	1.35888E-9
1.43524E-1	-6.87507E-3	2.24629E-5	1.00004E+0	2.17518E-9
1.44179E-1	-5.25689E-3	7.25951E-6	1.00002E+0	2.56978E-9
1.44835E-1	-8.76294E-3	1.47301E-5	9.99982E-1	1.70642E-9
1.45490E-1	-5.25689E-3	1.31574E-5	9.99944E-1	2.59070E-9
1.46145E-1	-7.95385E-3	7.39058E-6	9.99959E-1	2.50940E-9
1.46801E-1	-6.33567E-3	-4.79833E-6	1.00006E+0	2.65726E-9
1.47456E-1	-7.14476E-3	1.26331E-5	9.99948E-1	1.61846E-9
1.48111E-1	-6.06598E-3	1.26331E-5	1.00010E+0	2.61542E-9
1.48767E-1	-6.60537E-3	3.19654E-6	9.99954E-1	1.61894E-9
1.49422E-1	-5.52658E-3	9.48759E-6	9.99969E-1	2.02923E-9
1.50077E-1	-6.87507E-3	5.29356E-6	1.00001E+0	3.33569E-9
1.50733E-1	-6.87507E-3	2.50842E-5	9.99997E-1	2.12669E-9
1.51388E-1	-6.06598E-3	7.78377E-6	9.99963E-1	2.93776E-9
1.52044E-1	-7.14476E-3	1.51233E-5	9.99990E-1	1.85998E-9
1.52699E-1	-5.79628E-3	9.09440E-6	1.00005E+0	2.74711E-9
1.53354E-1	-6.06598E-3	1.17157E-5	9.99965E-1	1.63510E-9
1.54010E-1	-6.60537E-3	5.10203E-8	1.00000E+0	2.87358E-9
1.54665E-1	-4.71749E-3	1.59097E-5	1.00003E+0	2.20038E-9
1.55320E-1	-6.60537E-3	1.05361E-5	1.00001E+0	2.45996E-9
1.55976E-1	-6.87507E-3	8.83228E-6	9.99982E-1	1.53859E-9
1.56631E-1	-6.33567E-3	6.73526E-6	1.00000E+0	3.15455E-9
1.57286E-1	-6.60537E-3	5.68675E-6	1.00002E+0	2.20656E-9
1.57942E-1	-6.60537E-3	1.02740E-5	9.99995E-1	2.11575E-9
1.58597E-1	-6.33567E-3	7.91483E-6	9.99925E-1	1.98834E-9
1.59252E-1	-5.79628E-3	4.90037E-6	1.00011E+0	2.81320E-9
1.59908E-1	-5.79628E-3	1.00118E-5	9.99938E-1	1.15350E-9
1.60563E-1	-5.79628E-3	1.38127E-5	1.00008E+0	3.04901E-9
1.61219E-1	-5.52658E-3	9.68465E-7	9.99954E-1	1.48630E-9
1.61874E-1	-6.87507E-3	1.47301E-5	1.00002E+0	2.50037E-9
1.62529E-1	-6.60537E-3	1.05361E-5	9.99914E-1	3.13648E-9
1.63185E-1	-5.79628E-3	7.12845E-6	9.99992E-1	1.55523E-9
1.63840E-1	-6.33567E-3	9.48759E-6	1.00006E+0	2.01496E-9
1.64495E-1	-6.60537E-3	1.51233E-5	1.00001E+0	2.31258E-9
1.65151E-1	-6.33567E-3	1.04050E-5	1.00005E+0	3.04996E-9
1.65806E-1	-5.79628E-3	1.02740E-5	9.99963E-1	1.26142E-9
1.66461E-1	-7.95385E-3	7.78377E-6	9.99965E-1	3.20304E-9
1.67117E-1	-9.30233E-3	2.29871E-5	1.00002E+0	1.22624E-9
1.67772E-1	-5.79628E-3	1.00118E-5	1.00001E+0	2.95107E-9
1.68428E-1	-4.44780E-3	1.82688E-5	1.00006E+0	2.19610E-9
1.69083E-1	-6.06598E-3	8.43908E-6	9.99902E-1	2.03065E-9
1.69738E-1	-6.33567E-3	5.42462E-6	1.00001E+0	2.63919E-9
1.70394E-1	-6.06598E-3	1.28952E-5	9.99940E-1	2.48848E-9
1.71049E-1	-6.60537E-3	1.11914E-5	1.00007E+0	2.49894E-9
1.71704E-1	-6.33567E-3	7.12845E-6	9.99963E-1	6.10568E-10
1.72360E-1	-4.71749E-3	8.17696E-6	1.00003E+0	2.42858E-9
1.73015E-1	-7.68415E-3	1.00118E-5	9.99997E-1	3.52728E-9
1.73670E-1	-4.17810E-3	7.12845E-6	1.00005E+0	1.55571E-9
1.74326E-1	-4.98719E-3	7.65270E-6	9.99900E-1	1.90562E-9
1.74981E-1	-6.87507E-3	8.70121E-6	1.00007E+0	2.26409E-9
1.75636E-1	-7.41446E-3	9.09440E-6	9.99976E-1	2.31876E-9
1.76292E-1	-6.33567E-3	8.83228E-6	9.99969E-1	2.61923E-9
1.76947E-1	-4.17810E-3	9.35653E-6	1.00005E+0	1.24573E-9
1.77603E-1	-9.57203E-3	1.69582E-5	9.99997E-1	2.31068E-9
1.78258E-1	-6.87507E-3	1.22399E-5	1.00000E+0	3.53631E-9
1.78913E-1	-6.33567E-3	1.00118E-5	1.00000E+0	9.38609E-10
1.79569E-1	-7.68415E-3	7.78377E-6	1.00001E+0	2.25268E-9
1.80224E-1	-6.33567E-3	1.14535E-5	9.99961E-1	2.90495E-9
1.80879E-1	-7.14476E-3	8.57015E-6	9.99980E-1	2.29641E-9
1.81535E-1	-5.25689E-3	7.78377E-6	1.00005E+0	2.16900E-9
1.82190E-1	-6.60537E-3	9.09440E-6	1.00002E+0	1.61418E-9
1.82845E-1	-5.52658E-3	7.12845E-6	1.00000E+0	2.03255E-9
1.83501E-1	-6.06598E-3	2.54773E-5	1.00001E+0	2.99576E-9
1.84156E-1	-5.79628E-3	1.15846E-5	9.99908E-1	1.50341E-9
1.84812E-1	-6.06598E-3	8.57015E-6	1.00007E+0	1.66268E-9
1.85467E-1	-6.60537E-3	7.39058E-6	9.99921E-1	3.17975E-9
1.86122E-1	-4.71749E-3	1.07982E-5	1.00005E+0	2.00593E-9
1.86778E-1	-7.14476E-3	9.35653E-6	1.00001E+0	3.03047E-9
1.87433E-1	-5.52658E-3	1.31574E-5	9.99971E-1	1.69881E-9
1.88088E-1	-5.52658E-3	8.30802E-6	9.99995E-1	1.93890E-9
1.88744E-1	-7.41446E-3	3.98293E-6	1.00007E+0	1.89516E-9
1.89399E-1	-5.52658E-3	7.91483E-6	9.99971E-1	1.74255E-9
1.90054E-1	-6.87507E-3	-2.70131E-6	9.99961E-1	3.10606E-9
1.90710E-1	-5.79628E-3	2.67229E-6	1.00004E+0	1.30849E-9
1.91365E-1	-7.14476E-3	9.74972E-6	9.99988E-1	3.19354E-9
1.92020E-1	-6.87507E-3	1.47301E-5	9.99954E-1	1.19771E-9
1.92676E-1	-6.33567E-3	9.88078E-6	1.00005E+0	2.57263E-9
1.93331E-1	-7.14476E-3	8.43908E-6	1.00010E+0	2.36392E-9
1.93987E-1	-6.33567E-3	1.17157E-5	9.99906E-1	1.21863E-9
1.94642E-1	-7.14476E-3	1.23710E-5	1.00006E+0	2.45996E-9
1.95297E-1	-4.98719E-3	1.15846E-5	9.99927E-1	2.77469E-9
1.95953E-1	-6.06598E-3	9.22547E-6	1.00002E+0	2.45901E-9
1.96608E-1	-6.33567E-3	1.25021E-5	9.99959E-1	1.60372E-9
1.97263E-1	-6.06598E-3	9.22547E-6	1.00007E+0	1.77868E-9
1.97919E-1	-7.41446E-3	1.32884E-5	9.99952E-1	3.14029E-9
1.98574E-1	-6.60537E-3	1.34195E-5	9.99990E-1	1.83668E-9
1.99229E-1	-6.33567E-3	4.37612E-6	1.00000E+0	2.80702E-9
1.99885E-1	1.99319E+0	1.00118E-5	8.94954E-1	5.63721E-7
2.00540E-1	1.99292E+0	7.12845E-6	1.00051E+0	4.48738E-8
2.01196E-1	1.99265E+0	1.27642E-5	1.00005E+0	2.02637E-9
2.01851E-1	1.99346E+0	9.09440E-6	1.00003E+0	3.36659E-9
2.02506E-1	1.99373E+0	3.19654E-6	9.99952E-1	1.52956E-9
2.03162E-1	1.99373E+0	8.43908E-6	9.99938E-1	1.06460E-9
2.03817E-1	1.99319E+0	1.26331E-5	1.00012E+0	2.01782E-9
2.04472E-1	1.99589E+0	1.07982E-5	9.99935E-1	1.51102E-9
2.05128E-1	1.99319E+0	1.91863E-5	1.00002E+0	1.02989E-9
2.05783E-1	1.99427E+0	9.09440E-6	9.99982E-1	2.94299E-9
2.06438E-1	1.99373E+0	8.17696E-6	9.99940E-1	1.42829E-9
2.07094E-1	1.99319E+0	1.25021E-5	1.00010E+0	8.58263E-10
2.07749E-1	1.99373E+0	9.61866E-6	9.99906E-1	2.24840E-9
2.08404E-1	1.99319E+0	1.01429E-5	1.00013E+0	1.20960E-9
2.09060E-1	1.99184E+0	6.73526E-6	9.99872E-1	2.39150E-9
2.09715E-1	1.99184E+0	9.48759E-6	1.00003E+0	1.62132E-9
2.10371E-1	1.99238E+0	1.25021E-5	1.00004E+0	1.36649E-9
2.11026E-1	1.99346E+0	1.01429E-5	1.00002E+0	1.52480E-9
2.11681E-1	1.99157E+0	1.04050E-5	9.99982E-1	2.22035E-9
2.12337E-1	1.99427E+0	1.13225E-5	9.99969E-1	2.47803E-9
2.12992E-1	1.99400E+0	8.37401E-7	1.00003E+0	7.81244E-10
2.13647E-1	1.99292E+0	1.07982E-5	9.99973E-1	2.76185E-9
2.14303E-1	1.99427E+0	1.21089E-5	1.00009E+0	1.40785E-9
2.14958E-1	1.99508E+0	4.37612E-6	9.99874E-1	1.40880E-9
2.15613E-1	1.99184E+0	7.06338E-7	1.00009E+0	2.14903E-9
2.16269E-1	1.99265E+0	1.02740E-5	9.99969E-1	9.74266E-10
2.16924E-1	1.99265E+0	9.74972E-6	9.99925E-1	2.96248E-9
2.17580E-1	1.99292E+0	1.23710E-5	1.00009E+0	1.24763E-9
2.18235E-1	1.99400E+0	9.61866E-6	9.99938E-1	2.38104E-9
2.18890E-1	1.99265E+0	1.05361E-5	1.00001E+0	1.88137E-9
2.19546E-1	1.99238E+0	2.14804E-6	9.99984E-1	1.77678E-9
2.20201E-1	1.99319E+0	1.32884E-5	1.00000E+0	2.43429E-9
2.20856E-1	1.99077E+0	9.09440E-6	1.00010E+0	1.56759E-9
2.21512E-1	1.99104E+0	1.19778E-5	9.99965E-1	1.42972E-9
2.22167E-1	1.99373E+0	1.07982E-5	1.00002E+0	1.82099E-9
2.22822E-1	1.99454E+0	1.18467E-5	9.99916E-1	2.31781E-9
2.23478E-1	1.99292E+0	9.09440E-6	1.00003E+0	1.67504E-9
2.24133E-1	1.99157E+0	1.14535E-5	9.99969E-1	1.62274E-9
2.24788E-1	1.99157E+0	1.14535E-5	9.99982E-1	2.16567E-9
2.25444E-1	1.99104E+0	-3.48769E-6	1.00008E+0	1.78296E-9
2.26099E-1	1.99265E+0	6.86632E-6	1.00002E+0	8.87739E-10
2.26755E-1	1.99104E+0	1.93174E-5	9.99950E-1	3.08038E-9
2.27410E-1	1.99400E+0	9.74972E-6	1.00008E+0	1.02276E-9
2.28065E-1	1.99211E+0	8.43908E-6	9.99980E-1	2.25886E-9
2.28721E-1	1.99373E+0	8.83228E-6	9.99999E-1	1.67314E-9
2.29376E-1	1.99319E+0	8.70121E-6	1.00003E+0	2.24079E-9
2.30031E-1	1.99184E+0	1.04050E-5	1.00000E+0	1.54097E-9
2.30687E-1	1.99265E+0	1.26331E-5	1.00000E+0	2.06679E-9
2.31342E-1	1.99427E+0	6.86632E-6	9.99959E-1	2.50322E-9
2.31997E-1	1.99346E+0	1.05361E-5	9.99961E-1	6.40995E-10
2.32653E-1	1.99292E+0	9.74972E-6	9.99950E-1	2.09246E-9
2.33308E-1	1.99238E+0	6.21101E-6	1.00012E+0	2.41337E-9
2.33964E-1	1.99319E+0	6.73526E-6	9.99942E-1	2.34966E-9
2.34619E-1	1.99238E+0	1.30263E-5	9.99995E-1	1.11927E-9
2.35274E-1	1.99319E+0	9.48759E-6	1.00002E+0	1.80102E-9
2.35930E-1	1.99292E+0	1.14535E-5	9.99940E-1	2.98578E-9
2.36585E-1	1.99346E+0	1.59097E-5	1.00006E+0	1.59231E-9
2.37240E-1	1.99211E+0	1.26331E-5	9.99992E-1	1.59041E-9
2.37896E-1	1.99238E+0	9.88078E-6	9.99900E-1	1.48392E-9
2.38551E-1	1.99238E+0	8.57015E-6	1.00012E+0	1.64081E-9
2.39206E-1	1.99238E+0	8.70121E-6	9.99881E-1	2.66439E-9
2.39862E-1	-6.87507E-3	8.17696E-6	1.07363E+0	-5.24529E-7
2.40517E-1	-6.60537E-3	1.15846E-5	9.99040E-1	-5.49848E-8
2.41172E-1	-6.60537E-3	1.23710E-5	1.00007E+0	1.48344E-9
2.41828E-1	-5.52658E-3	7.91483E-6	9.99912E-1	2.17708E-9
2.42483E-1	-6.60537E-3	8.04589E-6	1.00008E+0	2.99671E-9
2.43139E-1	-5.79628E-3	1.09293E-5	9.99982E-1	3.36374E-9
2.43794E-1	-7.41446E-3	3.32761E-6	1.00001E+0	1.05271E-9
2.44449E-1	-5.79628E-3	9.22547E-6	9.99990E-1	4.15626E-9
2.45105E-1	-7.14476E-3	8.70121E-6	9.99978E-1	1.63605E-9
2.45760E-1	-5.79628E-3	2.80335E-6	9.99999E-1	3.37705E-9
2.46415E-1	-5.52658E-3	1.74825E-5	9.99982E-1	2.60401E-9
2.47071E-1	-6.60537E-3	1.02740E-5	1.00009E+0	1.46300E-9
2.47726E-1	-5.25689E-3	-7.35361E-7	9.99997E-1	3.45644E-9
2.48381E-1	-7.41446E-3	6.21101E-6	9.99948E-1	2.56218E-9
2.49037E-1	-5.25689E-3	9.35653E-6	9.99980E-1	2.55837E-9
2.49692E-1	-5.52658E-3	7.91483E-6	1.00010E+0	1.61561E-9
2.50348E-1	-6.33567E-3	9.48759E-6	9.99946E-1	2.44570E-9
2.51003E-1	-6.33567E-3	1.47301E-5	9.99940E-1	3.12935E-9
2.51658E-1	-7.14476E-3	2.80335E-6	1.00008E+0	2.12764E-9
2.52314E-1	-5.25689E-3	2.01037E-5	1.00001E+0	1.80388E-9
2.52969E-1	-6.60537E-3	7.25951E-6	9.99923E-1	2.56218E-9
2.53624E-1	-7.68415E-3	1.42059E-5	1.00003E+0	2.93348E-9
2.54280E-1	-7.41446E-3	4.11399E-6	1.00003E+0	2.47803E-9
2.54935E-1	-5.52658E-3	1.07982E-5	1.00004E+0	1.09217E-9
2.55590E-1	-6.06598E-3	8.83228E-6	9.99959E-1	2.48801E-9
2.56246E-1	-6.33567E-3	1.35506E-5	1.00007E+0	2.55980E-9
2.56901E-1	-5.79628E-3	8.96334E-6	9.99902E-1	2.49371E-9
2.57556E-1	-7.14476E-3	1.30263E-5	1.00003E+0	2.06298E-9
2.58212E-1	-6.06598E-3	1.70893E-5	9.99995E-1	3.19924E-9
2.58867E-1	-5.52658E-3	9.35653E-6	9.99995E-1	1.87804E-9
2.59523E-1	-5.25689E-3	5.55569E-6	9.99995E-1	2.66487E-9
2.60178E-1	-6.60537E-3	5.55569E-6	9.99982E-1	1.19534E-9
2.60833E-1	-7.14476E-3	1.90552E-5	1.00011E+0	2.89449E-9
2.61489E-1	-6.87507E-3	-1.12855E-6	9.99891E-1	2.64632E-9
2.62144E-1	-5.79628E-3	5.03143E-6	1.00005E+0	1.52148E-9
2.62799E-1	-5.79628E-3	1.00118E-5	1.00001E+0	2.96914E-9
2.63455E-1	-6.60537E-3	9.35653E-6	9.99990E-1	2.45806E-9
2.64110E-1	-8.76294E-3	-7.35361E-7	1.00002E+0	1.87709E-9
2.64765E-1	-7.14476E-3	1.11914E-5	9.99942E-1	1.94888E-9
2.65421E-1	-7.14476E-3	6.86632E-6	1.00002E+0	2.80607E-9
2.66076E-1	-6.06598E-3	1.21089E-5	1.00005E+0	2.05015E-9
2.66732E-1	-6.06598E-3	1.66961E-5	9.99912E-1	1.99167E-9
2.67387E-1	-6.33567E-3	1.66961E-5	1.00002E+0	2.03588E-9
2.68042E-1	-6.33567E-3	7.52164E-6	1.00009E+0	2.16139E-9
2.68698E-1	-5.52658E-3	4.90037E-6	9.99944E-1	2.68959E-9
2.69353E-1	-5.79628E-3	8.43908E-6	1.00004E+0	1.43923E-9
2.70008E-1	-4.98719E-3	1.09293E-5	9.99990E-1	2.42858E-9
2.70664E-1	-5.79628E-3	8.57015E-6	9.99978E-1	2.50180E-9
2.71319E-1	-6.33567E-3	1.35506E-5	9.99954E-1	1.89183E-9
2.71974E-1	-5.52658E-3	6.99739E-6	1.00001E+0	2.67723E-9
2.72630E-1	-5.79628E-3	3.85186E-6	9.99965E-1	1.56331E-9
2.73285E-1	-5.52658E-3	1.17157E-5	1.00009E+0	1.79627E-9
2.73940E-1	-6.60537E-3	1.28952E-5	9.99973E-1	2.64775E-9
2.74596E-1	-5.25689E-3	-3.48769E-6	9.99969E-1	3.12698E-9
2.75251E-1	-6.06598E-3	9.74972E-6	1.00005E+0	1.27949E-9
2.75907E-1	-6.33567E-3	9.09440E-6	9.99978E-1	2.31163E-9
2.76562E-1	-6.06598E-3	1.43369E-5	1.00002E+0	2.65488E-9
2.77217E-1	-6.33567E-3	8.83228E-6	9.99978E-1	1.75015E-9
2.77873E-1	-5.79628E-3	1.39438E-5	1.00005E+0	2.88023E-9
2.78528E-1	-6.33567E-3	9.48759E-6	9.99895E-1	1.05509E-9
2.79183E-1	-6.06598E-3	1.09293E-5	1.00007E+0	2.66059E-9
2.79839E-1	-5.25689E-3	8.96334E-6	9.99957E-1	2.98102E-9
2.80494E-1	-5.25689E-3	7.52164E-6	1.00009E+0	2.00451E-9
2.81149E-1	-6.87507E-3	1.45991E-5	9.99906E-1	1.12022E-9
2.81805E-1	-4.71749E-3	1.01429E-5	1.00001E+0	3.58481E-9
2.82460E-1	-4.71749E-3	9.22547E-6	1.00007E+0	1.52148E-9
2.83116E-1	-5.79628E-3	8.43908E-6	9.99995E-1	2.43048E-9
2.83771E-1	-6.06598E-3	8.96334E-6	9.99906E-1	2.29356E-9
2.84426E-1	-6.33567E-3	1.07982E-5	1.00007E+0	9.17691E-10
2.85082E-1	-5.52658E-3	1.02740E-5	9.99897E-1	3.51777E-9
2.85737E-1	-6.06598E-3	6.60420E-6	1.00001E+0	1.96885E-9
2.86392E-1	-6.06598E-3	4.11399E-6	1.00002E+0	1.69025E-9
2.87048E-1	-7.41446E-3	7.39058E-6	1.00008E+0	3.19306E-9
2.87703E-1	-5.25689E-3	1.07982E-5	9.99885E-1	9.66184E-10
2.88358E-1	-6.06598E-3	1.21089E-5	1.00008E+0	2.62541E-9
2.89014E-1	-7.68415E-3	8.43908E-6	9.99990E-1	2.31258E-9
2.89669E-1	-7.41446E-3	9.48759E-6	9.99952E-1	2.23318E-9
2.90324E-1	-6.06598E-3	1.18467E-5	1.00006E+0	2.15094E-9
2.90980E-1	-6.60537E-3	1.28952E-5	9.99986E-1	2.34015E-9
2.91635E-1	-6.06598E-3	1.38127E-5	1.00003E+0	1.59992E-9
2.92291E-1	-4.98719E-3	1.13225E-5	9.99986E-1	1.78961E-9
2.92946E-1	-6.60537E-3	5.42462E-6	9.99900E-1	2.27312E-9
2.93601E-1	-5.52658E-3	1.31574E-5	1.00012E+0	2.51130E-9
2.94257E-1	-5.52658E-3	9.74972E-6	9.99921E-1	2.55124E-9
2.94912E-1	-4.98719E-3	1.19778E-5	1.00009E+0	2.04492E-9
2.95567E-1	-6.06598E-3	1.11914E-5	9.99906E-1	2.43238E-9
2.96223E-1	-5.79628E-3	8.83228E-6	1.00001E+0	1.63700E-9
2.96878E-1	-5.79628E-3	2.60016E-5	1.00009E+0	1.95554E-9
2.97533E-1	-6.60537E-3	1.76135E-5	9.99992E-1	2.42002E-9
2.98189E-1	-6.60537E-3	1.00118E-5	9.99995E-1	1.64556E-9
2.98844E-1	-5.25689E-3	1.13225E-5	1.00003E+0	2.86454E-9
2.99500E-1	1.99265E+0	2.27910E-6	9.36698E-1	2.01865E-7
3.00155E-1	1.99238E+0	1.15846E-5	9.74784E-1	3.87210E-7
3.00810E-1	1.99265E+0	1.06672E-5	1.00036E+0	2.98847E-8
3.01466E-1	1.99481E+0	1.49272E-6	9.99997E-1	7.95869E-9
3.02121E-1	1.99292E+0	1.09293E-5	9.99988E-1	3.54107E-9
3.02776E-1	1.99184E+0	7.52164E-6	1.00001E+0	4.33978E-9
3.03432E-1	1.99373E+0	1.02740E-5	1.00001E+0	1.77345E-9
3.04087E-1	1.99562E+0	8.70121E-6	9.99978E-1	2.24079E-9
3.04742E-1	1.99211E+0	1.05361E-5	1.00002E+0	1.27711E-9
3.05398E-1	1.99562E+0	1.07982E-5	1.00003E+0	1.93985E-9
3.06053E-1	1.99346E+0	1.35506E-5	1.00007E+0	2.18802E-9
3.06708E-1	1.99292E+0	1.17157E-5	9.99921E-1	2.29689E-9
3.07364E-1	1.99130E+0	1.19778E-5	9.99999E-1	8.88690E-10
3.08019E-1	1.99211E+0	1.01429E-5	9.99961E-1	3.10178E-9
3.08675E-1	1.99454E+0	8.70121E-6	1.00007E+0	7.67457E-10
3.09330E-1	1.99427E+0	7.06338E-7	9.99938E-1	2.29594E-9
3.09985E-1	1.99400E+0	1.35506E-5	1.00002E+0	8.72050E-10
3.10641E-1	1.99346E+0	1.00118E-5	9.99992E-1	2.06251E-9
3.11296E-1	1.99211E+0	8.30802E-6	1.00005E+0	1.75206E-9
3.11951E-1	1.99481E+0	1.15846E-5	9.99942E-1	3.14599E-9
3.12607E-1	1.99346E+0	7.65270E-6	1.00002E+0	7.28657E-11
3.13262E-1	1.99373E+0	1.02740E-5	9.99921E-1	3.16834E-9
3.13917E-1	1.99319E+0	1.07982E-5	1.00012E+0	8.44476E-10
3.14573E-1	1.99319E+0	8.70121E-6	9.99942E-1	2.50988E-9
3.15228E-1	1.99211E+0	1.43369E-5	1.00004E+0	2.75757E-9
3.15884E-1	1.99292E+0	8.70121E-6	1.00002E+0	1.48107E-9
3.16539E-1	1.99373E+0	1.56476E-5	9.99957E-1	9.11985E-10
3.17194E-1	1.99265E+0	1.10604E-5	1.00008E+0	2.93491E-9
3.17850E-1	1.99130E+0	1.31574E-5	9.99872E-1	1.74492E-9
3.18505E-1	1.99373E+0	1.10604E-5	1.00002E+0	2.10197E-9
3.19160E-1	1.99346E+0	4.76931E-6	1.00005E+0	2.05347E-9
3.19816E-1	1.99292E+0	1.31574E-5	9.99919E-1	1.19106E-9
3.20471E-1	1.99427E+0	8.83228E-6	1.00014E+0	1.65507E-9
3.21126E-1	1.99238E+0	7.25951E-6	9.99929E-1	1.03227E-9
3.21782E-1	1.99238E+0	2.24629E-5	1.00005E+0	2.56503E-9
3.22437E-1	1.99130E+0	1.15846E-5	9.99952E-1	2.03921E-9
3.23092E-1	1.99373E+0	7.52164E-6	9.99997E-1	1.60610E-9
3.23748E-1	1.99562E+0	2.15454E-5	9.99919E-1	3.25914E-9
3.24403E-1	1.99238E+0	1.61718E-5	1.00007E+0	1.48392E-9
3.25059E-1	1.99238E+0	7.91483E-6	9.99946E-1	2.24412E-9
3.25714E-1	1.99265E+0	1.18467E-5	1.00003E+0	8.92969E-10
3.26369E-1	1.99184E+0	1.15846E-5	1.00001E+0	2.87120E-9
3.27025E-1	1.99346E+0	1.00118E-5	1.00004E+0	2.74445E-10
3.27680E-1	1.99319E+0	9.35653E-6	9.99883E-1	2.88356E-9
3.28335E-1	1.99292E+0	9.22547E-6	1.00010E+0	1.48107E-9
3.28991E-1	1.99265E+0	7.78377E-6	1.00002E+0	2.91636E-9
3.29646E-1	1.99238E+0	1.26331E-5	1.00002E+0	2.13762E-9
3.30301E-1	1.99292E+0	1.44680E-5	9.99980E-1	1.73637E-9
3.30957E-1	1.99373E+0	9.35653E-6	9.99950E-1	1.29042E-9
3.31612E-1	1.99157E+0	9.09440E-6	1.00005E+0	2.60259E-9
3.32268E-1	1.99427E+0	5.42462E-6	9.99963E-1	1.88327E-9
3.32923E-1	1.99265E+0	8.30802E-6	1.00002E+0	2.00926E-9
3.33578E-1	1.99454E+0	2.25939E-5	1.00005E+0	1.86853E-9
3.34234E-1	1.99508E+0	1.49272E-6	1.00003E+0	1.50721E-9
3.34889E-1	1.99077E+0	-2.43919E-6	9.99988E-1	1.43257E-9
3.35544E-1	1.99292E+0	1.64340E-5	9.99959E-1	1.70499E-9
3.36200E-1	1.99319E+0	7.12845E-6	9.99959E-1	3.07706E-9
3.36855E-1	1.99211E+0	1.27642E-5	1.00007E+0	6.28634E-10
3.37510E-1	1.99292E+0	1.15846E-5	9.99946E-1	3.25724E-9
3.38166E-1	1.99265E+0	8.30802E-6	1.00004E+0	1.97550E-9
3.38821E-1	1.99292E+0	1.56476E-5	9.99982E-1	1.55000E-9
3.39476E-1	-7.14476E-3	3.85186E-6	9.67603E-1	6.32954E-8
3.40132E-1	-4.44780E-3	7.12845E-6	1.07695E+0	-5.70249E-7
3.40787E-1	-6.06598E-3	1.86620E-5	1.00008E+0	-1.60045E-8
3.41443E-1	-8.76294E-3	1.77446E-5	9.99868E-1	-8.82513E-9
3.42098E-1	-6.33567E-3	8.83228E-6	1.00003E+0	-4.96661E-9
3.42753E-1	-6.33567E-3	1.02740E-5	1.00002E+0	-5.61347E-10
3.43409E-1	-6.33567E-3	2.01697E-6	9.99950E-1	-1.61993E-10
3.44064E-1	-6.06598E-3	9.09440E-6	1.00006E+0	1.25572E-9
3.44719E-1	-5.25689E-3	1.01429E-5	9.99988E-1	1.87471E-9
3.45375E-1	-6.87507E-3	4.37612E-6	9.99988E-1	3.11052E-10
3.46030E-1	-6.60537E-3	1.22399E-5	1.00007E+0	2.07439E-9
3.46685E-1	-6.33567E-3	4.76931E-6	9.99897E-1	2.34824E-9
3.47341E-1	-6.06598E-3	8.96334E-6	1.00007E+0	2.38579E-9
3.47996E-1	-7.95385E-3	1.17157E-5	9.99925E-1	3.17119E-9
3.48652E-1	-5.79628E-3	1.49272E-6	1.00006E+0	1.49866E-9
3.49307E-1	-7.95385E-3	1.15846E-5	1.00000E+0	3.00289E-9
3.49962E-1	-6.87507E-3	1.09293E-5	1.00003E+0	1.76679E-9
3.50618E-1	-4.44780E-3	4.90037E-6	9.99986E-1	1.91798E-9
3.51273E-1	-6.60537E-3	1.09293E-5	1.00002E+0	3.20970E-9
3.51928E-1	-6.33567E-3	1.10604E-5	9.99883E-1	2.96676E-9
3.52584E-1	-7.68415E-3	8.43908E-6	1.00004E+0	1.60658E-9
3.53239E-1	-6.60537E-3	9.09440E-6	1.00004E+0	2.63539E-9
3.53894E-1	-6.06598E-3	1.05361E-5	1.00001E+0	2.43809E-9
3.54550E-1	-6.33567E-3	1.05361E-5	1.00000E+0	1.86378E-9
3.55205E-1	-6.87507E-3	-1.39068E-6	1.00005E+0	2.67770E-9
3.55860E-1	-6.06598E-3	5.03143E-6	9.99868E-1	2.89925E-9
3.56516E-1	-7.68415E-3	2.02348E-5	1.00010E+0	2.94537E-9
3.57171E-1	-6.87507E-3	8.96334E-6	9.99925E-1	1.49771E-9
3.57827E-1	-5.52658E-3	8.96334E-6	1.00003E+0	2.13525E-9
3.58482E-1	-5.52658E-3	1.14535E-5	9.99969E-1	2.21654E-9
3.59137E-1	-5.79628E-3	9.88078E-6	1.00008E+0	2.94727E-9
3.59793E-1	-5.25689E-3	7.25951E-6	9.99933E-1	3.01858E-9
3.60448E-1	-6.33567E-3	1.74825E-5	9.99995E-1	1.14114E-9
3.61103E-1	-7.41446E-3	2.60016E-5	1.00005E+0	2.37201E-9
3.61759E-1	-5.25689E-3	9.61866E-6	9.99969E-1	3.06375E-9
3.62414E-1	-5.52658E-3	8.83228E-6	9.99973E-1	1.79770E-9
3.63069E-1	-3.90841E-3	1.05361E-5	1.00003E+0	3.10606E-9
3.63725E-1	-6.33567E-3	7.91483E-6	9.99965E-1	1.91608E-9
3.64380E-1	-4.71749E-3	1.18467E-5	1.00008E+0	2.79085E-9
3.65036E-1	-5.52658E-3	1.04050E-5	9.99935E-1	2.15616E-9
3.65691E-1	-6.06598E-3	9.35653E-6	1.00007E+0	8.10245E-10
3.66346E-1	-5.79628E-3	5.29356E-6	9.99921E-1	3.19021E-9
3.67002E-1	-9.30233E-3	8.83228E-6	1.00001E+0	2.72667E-9
3.67657E-1	-6.60537E-3	1.04050E-5	9.99965E-1	2.47565E-9
3.68312E-1	-6.87507E-3	1.15846E-5	1.00004E+0	1.86378E-9
3.68968E-1	-6.60537E-3	1.97105E-5	1.00000E+0	1.78058E-9
3.69623E-1	-4.71749E-3	9.22547E-6	9.99959E-1	2.40529E-9
3.70278E-1	-6.06598E-3	1.05361E-5	1.00008E+0	3.09750E-9
3.70934E-1	-5.79628E-3	9.88078E-6	9.99961E-1	1.89706E-9
3.71589E-1	-6.87507E-3	1.14535E-5	1.00010E+0	2.29832E-9
3.72244E-1	-5.25689E-3	1.14535E-5	9.99883E-1	2.39911E-9
3.72900E-1	-6.06598E-3	9.61866E-6	1.00011E+0	2.53508E-9
3.73555E-1	-6.87507E-3	6.21101E-6	9.99887E-1	9.21969E-10
3.74211E-1	-5.52658E-3	1.05361E-5	1.00007E+0	2.52794E-9
3.74866E-1	-4.71749E-3	7.52164E-6	9.99944E-1	2.33397E-9
3.75521E-1	-5.79628E-3	8.17696E-6	1.00005E+0	2.52937E-9
3.76177E-1	-6.60537E-3	9.61866E-6	9.99919E-1	2.42668E-9
3.76832E-1	-6.33567E-3	8.70121E-6	1.00004E+0	2.76090E-9
3.77487E-1	-5.52658E-3	4.50718E-6	9.99984E-1	2.46376E-9
3.78143E-1	-6.60537E-3	8.83228E-6	1.00011E+0	1.61561E-9
3.78798E-1	-7.14476E-3	-3.42170E-7	9.99845E-1	1.64936E-9
3.79453E-1	-6.60537E-3	1.06672E-5	1.00010E+0	2.58832E-9
3.80109E-1	-7.41446E-3	1.09293E-5	9.99995E-1	3.07848E-9
3.80764E-1	-6.60537E-3	9.61866E-6	9.99995E-1	2.64062E-9
3.81420E-1	-4.98719E-3	1.11914E-5	9.99952E-1	1.43590E-9
3.82075E-1	-4.71749E-3	1.34195E-5	1.00011E+0	2.40481E-9
3.82730E-1	-5.79628E-3	8.70121E-6	9.99904E-1	2.03778E-9
3.83386E-1	-5.52658E-3	8.83228E-6	1.00007E+0	1.75538E-9
3.84041E-1	-5.25689E-3	4.24505E-6	9.99923E-1	3.00337E-9
3.84696E-1	-6.33567E-3	7.78377E-6	1.00009E+0	2.05300E-9
3.85352E-1	-6.60537E-3	1.07982E-5	9.99889E-1	2.78800E-9
3.86007E-1	-7.14476E-3	8.57015E-6	1.00003E+0	1.71687E-9
3.86662E-1	-6.06598E-3	9.48759E-6	1.00007E+0	2.44189E-9
3.87318E-1	-4.44780E-3	9.35653E-6	9.99919E-1	1.65127E-9
3.87973E-1	-4.17810E-3	-2.04600E-6	9.99988E-1	2.30450E-9
3.88628E-1	-4.98719E-3	1.05361E-5	9.99997E-1	2.72667E-9
3.89284E-1	-5.52658E-3	8.17696E-6	1.00010E+0	2.34633E-9
3.89939E-1	-6.87507E-3	1.15846E-5	9.99984E-1	1.67694E-9
3.90595E-1	-6.87507E-3	1.40748E-5	9.99948E-1	1.71735E-9
3.91250E-1	-6.06598E-3	8.70121E-6	9.99969E-1	2.50370E-9
3.91905E-1	-5.79628E-3	8.30802E-6	1.00002E+0	3.51920E-9
3.92561E-1	-5.25689E-3	1.15846E-5	9.99933E-1	1.65412E-9
3.93216E-1	-7.68415E-3	6.73526E-6	1.00004E+0	2.35061E-9
3.93871E-1	-8.76294E-3	2.48220E-5	1.00010E+0	1.27140E-9
3.94527E-1	-6.06598E-3	1.27642E-5	9.99842E-1	2.38199E-9
3.95182E-1	-5.79628E-3	8.70121E-6	1.00004E+0	2.97769E-9
3.95837E-1	-6.33567E-3	1.68271E-5	1.00007E+0	2.54744E-9
3.96493E-1	-5.52658E-3	1.21089E-5	1.00003E+0	8.91542E-10
3.97148E-1	-6.33567E-3	1.13225E-5	9.99952E-1	3.54440E-9
3.97804E-1	-7.41446E-3	1.31574E-5	1.00001E+0	1.64509E-9
3.98459E-1	-6.33567E-3	8.30802E-6	1.00001E+0	1.71069E-9
3.99114E-1	-5.52658E-3	7.78377E-6	1.00005E+0	2.87738E-9
3.99770E-1	1.99319E+0	9.35653E-6	9.48086E-1	4.36545E-7
4.00425E-1	1.99373E+0	-3.61876E-6	1.00085E+0	1.13316E-7
4.01080E-1	1.99265E+0	7.52164E-6	1.00020E+0	1.59829E-8
4.01736E-1	1.99373E+0	8.17696E-6	1.00004E+0	1.60658E-9
4.02391E-1	1.99373E+0	8.57015E-6	9.99999E-1	1.87234E-9
4.03046E-1	1.99265E+0	1.43369E-5	9.99969E-1	1.00850E-9
4.03702E-1	1.99265E+0	1.04050E-5	1.00004E+0	1.93604E-9
4.04357E-1	1.99508E+0	7.39058E-6	9.99995E-1	1.41546E-9
4.05012E-1	1.99238E+0	1.10604E-5	1.00007E+0	5.75387E-10
4.05668E-1	1.99373E+0	8.70121E-6	9.99948E-1	7.53670E-10
4.06323E-1	1.99400E+0	1.17157E-5	1.00008E+0	2.88546E-9
4.06979E-1	1.99238E+0	7.12845E-6	9.99923E-1	9.00100E-10
4.07634E-1	1.99319E+0	1.10604E-5	9.99980E-1	2.11528E-9
4.08289E-1	1.99265E+0	9.22547E-6	9.99992E-1	6.59536E-10
4.08945E-1	1.99292E+0	5.94888E-6	1.00001E+0	2.61495E-9
4.09600E-1	1.99427E+0	9.68465E-7	1.00001E+0	1.37933E-9
4.10255E-1	1.99292E+0	4.90037E-6	1.00007E+0	1.22814E-9
4.10911E-1	1.99508E+0	5.16250E-6	9.99857E-1	1.38170E-9
4.11566E-1	1.99265E+0	9.88078E-6	1.00009E+0	2.32161E-9
4.12221E-1	1.99238E+0	2.27910E-6	9.99921E-1	7.67457E-10
4.12877E-1	1.99454E+0	1.04050E-5	1.00010E+0	1.93795E-9
4.13532E-1	1.99238E+0	1.14535E-5	9.99965E-1	2.49847E-9
4.14188E-1	1.99265E+0	1.00118E-5	1.00005E+0	1.62179E-9
4.14843E-1	1.99616E+0	8.57015E-6	1.00003E+0	1.47964E-9
4.15498E-1	1.99157E+0	9.61866E-6	9.99995E-1	1.54525E-9
4.16154E-1	1.99319E+0	1.01429E-5	9.99959E-1	1.08551E-9
4.16809E-1	1.99265E+0	1.31574E-5	1.00000E+0	2.28833E-9
4.17464E-1	1.99346E+0	1.27642E-5	9.99931E-1	1.16824E-9
4.18120E-1	1.99265E+0	8.70121E-6	1.00011E+0	1.67551E-9
4.18775E-1	1.99346E+0	1.26331E-5	1.00001E+0	2.60449E-9
4.19430E-1	1.99292E+0	1.99727E-5	9.99963E-1	4.54630E-10
4.20086E-1	1.99373E+0	1.25021E-5	1.00002E+0	1.55476E-9
4.20741E-1	1.99319E+0	1.22399E-5	9.99929E-1	2.83602E-9
4.21396E-1	1.99211E+0	4.76931E-6	1.00001E+0	8.82985E-10
4.22052E-1	1.99319E+0	1.42059E-5	9.99969E-1	2.77564E-9
4.22707E-1	1.99373E+0	5.42462E-6	1.00006E+0	1.80911E-9
4.23363E-1	1.99427E+0	3.13147E-7	1.00002E+0	1.86188E-9
4.24018E-1	1.99346E+0	1.68271E-5	9.99973E-1	1.24050E-9
4.24673E-1	1.99292E+0	9.48759E-6	1.00006E+0	1.96837E-9
4.25329E-1	1.99319E+0	8.37401E-7	9.99904E-1	2.26551E-9
4.25984E-1	1.99319E+0	1.40748E-5	1.00007E+0	7.33227E-10
4.26639E-1	1.99427E+0	1.07982E-5	9.99959E-1	1.71640E-9
4.27295E-1	1.99238E+0	1.04050E-5	1.00005E+0	2.24887E-9
4.27950E-1	1.99265E+0	1.35506E-5	9.99927E-1	2.16187E-9
4.28605E-1	1.99238E+0	-2.43919E-6	1.00003E+0	2.11433E-9
4.29261E-1	1.99319E+0	1.05361E-5	9.99940E-1	9.13412E-10
4.29916E-1	1.99211E+0	5.03143E-6	1.00009E+0	1.66030E-9
4.30572E-1	1.99211E+0	6.60420E-6	9.99961E-1	1.81339E-9
4.31227E-1	1.99346E+0	9.61866E-6	9.99952E-1	2.03921E-9
4.31882E-1	1.99427E+0	1.05361E-5	1.00003E+0	1.20342E-9
4.32538E-1	1.99292E+0	1.10604E-5	9.99961E-1	2.76993E-9
4.33193E-1	1.99265E+0	6.60420E-6	1.00004E+0	1.37742E-9
4.33848E-1	1.99373E+0	4.63824E-6	1.00011E+0	2.25648E-9
4.34504E-1	1.99373E+0	1.28952E-5	9.99889E-1	2.35537E-9
4.35159E-1	1.99292E+0	2.06280E-5	1.00007E+0	8.72050E-10
4.35814E-1	1.99346E+0	2.14144E-5	9.99904E-1	1.94603E-9
4.36470E-1	1.99319E+0	1.17157E-5	1.00010E+0	1.20294E-9
4.37125E-1	1.99292E+0	5.81781E-6	9.99992E-1	2.66629E-9
4.37780E-1	1.99238E+0	1.05361E-5	9.99935E-1	2.02257E-9
4.38436E-1	1.99238E+0	9.48759E-6	9.99963E-1	2.05538E-9
4.39091E-1	1.99373E+0	1.02740E-5	1.00011E+0	1.86949E-9
4.39747E-1	-6.87507E-3	1.28952E-5	9.67588E-1	-1.73326E-9
4.40402E-1	-7.68415E-3	8.70121E-6	9.98476E-1	-3.46993E-7
4.41057E-1	-6.33567E-3	1.02740E-5	9.99209E-1	-7.32805E-8
4.41713E-1	-5.79628E-3	1.25021E-5	9.99906E-1	-1.14694E-8
4.42368E-1	-5.25689E-3	7.78377E-6	1.00005E+0	3.06042E-9
4.43023E-1	-6.33567E-3	8.17696E-6	9.99980E-1	2.47803E-9
4.43679E-1	-7.68415E-3	7.39058E-6	9.99914E-1	2.14380E-9
4.44334E-1	-6.33567E-3	8.70121E-6	1.00012E+0	1.22291E-9
4.44989E-1	-6.06598E-3	9.09440E-6	9.99840E-1	1.18773E-9
4.45645E-1	-7.14476E-3	6.99739E-6	1.00012E+0	2.22082E-9
4.46300E-1	-4.17810E-3	1.21089E-5	9.99916E-1	6.52880E-10
4.46956E-1	-5.25689E-3	1.44680E-5	1.00005E+0	1.36982E-9
4.47611E-1	-6.06598E-3	1.05361E-5	9.99982E-1	3.21987E-10
4.48266E-1	-5.52658E-3	8.70121E-6	1.00013E+0	7.10882E-10
4.48922E-1	-7.14476E-3	1.23710E-5	9.99866E-1	5.80616E-10
4.49577E-1	-6.60537E-3	8.70121E-6	1.00010E+0	7.94081E-10
4.50232E-1	-6.33567E-3	8.30802E-6	9.99938E-1	1.91417E-9
4.50888E-1	-6.33567E-3	1.21089E-5	1.00004E+0	1.39692E-9
4.51543E-1	-6.87507E-3	6.60420E-6	9.99967E-1	1.93890E-9
4.52198E-1	-6.60537E-3	1.07982E-5	9.99944E-1	2.56122E-9
4.52854E-1	-5.79628E-3	8.17696E-6	1.00000E+0	2.37201E-9
4.53509E-1	-5.79628E-3	9.09440E-6	1.00002E+0	1.17347E-9
4.54164E-1	-6.33567E-3	1.02740E-5	1.00006E+0	2.45235E-9
4.54820E-1	-7.14476E-3	1.36166E-6	9.99935E-1	1.13353E-9
4.55475E-1	-7.14476E-3	1.27642E-5	9.99990E-1	3.05532E-11
4.56131E-1	-6.60537E-3	1.15846E-5	1.00000E+0	1.60800E-9
4.56786E-1	-5.25689E-3	7.91483E-6	1.00002E+0	1.46443E-9
4.57441E-1	-5.52658E-3	8.30802E-6	1.00001E+0	1.00945E-9
4.58097E-1	-6.33567E-3	1.09293E-5	1.00007E+0	3.09150E-10
4.58752E-1	-6.33567E-3	7.12845E-6	9.99980E-1	3.60021E-10
4.59407E-1	-6.87507E-3	9.22547E-6	9.99902E-1	1.48392E-9
4.60063E-1	-6.87507E-3	7.78377E-6	1.00014E+0	-1.86715E-10
4.60718E-1	-7.14476E-3	5.42462E-6	9.99935E-1	3.04396E-10
4.61373E-1	-6.06598E-3	7.65270E-6	9.99999E-1	1.27854E-9
4.62029E-1	-5.79628E-3	1.15846E-5	9.99931E-1	1.70119E-9
4.62684E-1	-5.79628E-3	3.58973E-6	9.99997E-1	3.72382E-10
4.63340E-1	-5.79628E-3	1.18467E-5	1.00007E+0	-6.72596E-10
4.63995E-1	-6.87507E-3	7.78377E-6	1.00005E+0	1.93623E-10
4.64650E-1	-5.79628E-3	1.07982E-5	9.99883E-1	8.28787E-10
4.65306E-1	-6.60537E-3	1.52544E-5	1.00008E+0	-1.00872E-9
4.65961E-1	-7.95385E-3	-1.12855E-6	9.99910E-1	4.78401E-10
4.66616E-1	-5.79628E-3	9.88078E-6	1.00006E+0	1.45159E-9
4.67272E-1	-7.68415E-3	3.98293E-6	1.00002E+0	1.53687E-10
4.67927E-1	-5.79628E-3	-8.33704E-6	9.99988E-1	5.78239E-10
4.68582E-1	-6.60537E-3	8.30802E-6	9.99990E-1	1.98739E-9
4.69238E-1	-6.60537E-3	6.99739E-6	1.00002E+0	-1.88141E-10
4.69893E-1	-6.87507E-3	8.57015E-6	9.99923E-1	2.35109E-9
4.70548E-1	-6.87507E-3	7.91483E-6	1.00002E+0	1.12783E-9
4.71204E-1	-5.52658E-3	7.91483E-6	1.00005E+0	1.77202E-9
4.71859E-1	-5.25689E-3	1.02740E-5	9.99954E-1	1.44446E-9
4.72515E-1	-6.33567E-3	1.56476E-5	9.99946E-1	8.10245E-10
4.73170E-1	-7.41446E-3	3.03267E-5	1.00012E+0	2.68056E-9
4.73825E-1	-6.06598E-3	1.05361E-5	9.99925E-1	6.26257E-10
4.74481E-1	-5.79628E-3	5.03143E-6	1.00003E+0	2.13430E-9
4.75136E-1	-7.14476E-3	1.02740E-5	9.99952E-1	1.15302E-9
4.75791E-1	-6.06598E-3	1.00118E-5	1.00015E+0	2.07011E-9
4.76447E-1	-5.52658E-3	6.60420E-6	9.99823E-1	7.53195E-10
4.77102E-1	-5.79628E-3	1.01429E-5	1.00009E+0	2.32399E-9
4.77757E-1	-6.33567E-3	1.13225E-5	9.99978E-1	2.03921E-9
4.78413E-1	-6.87507E-3	7.78377E-6	9.99988E-1	9.09133E-10
4.79068E-1	-3.36901E-3	6.34207E-6	9.99988E-1	2.32209E-9
4.79724E-1	-5.52658E-3	1.35506E-5	1.00005E+0	8.53984E-10
4.80379E-1	-6.06598E-3	1.00118E-5	9.99986E-1	1.51292E-9
4.81034E-1	-6.33567E-3	1.05361E-5	1.00007E+0	1.80673E-9
4.81690E-1	-6.87507E-3	1.01429E-5	9.99900E-1	1.89088E-9
4.82345E-1	-5.25689E-3	5.81781E-6	1.00006E+0	2.43048E-9
4.83000E-1	-6.60537E-3	1.25021E-5	9.99878E-1	4.27055E-10
4.83656E-1	-3.90841E-3	9.88078E-6	1.00015E+0	2.87738E-9
4.84311E-1	-4.98719E-3	1.01429E-5	9.99868E-1	8.42098E-10
4.84966E-1	-7.41446E-3	8.70121E-6	1.00015E+0	1.65412E-9
4.85622E-1	-5.79628E-3	6.47313E-6	9.99980E-1	1.85380E-9
4.86277E-1	-5.79628E-3	1.21089E-5	9.99984E-1	4.48924E-10
4.86932E-1	-4.71749E-3	1.51233E-5	9.99908E-1	3.17594E-9
4.87588E-1	-4.71749E-3	1.28952E-5	1.00013E+0	9.03428E-10
4.88243E-1	-6.87507E-3	9.74972E-6	9.99838E-1	1.66315E-9
4.88899E-1	-5.79628E-3	1.05361E-5	1.00013E+0	1.42544E-9
4.89554E-1	-3.63871E-3	4.50718E-6	9.99919E-1	2.40861E-9
4.90209E-1	-5.79628E-3	1.14535E-5	1.00009E+0	1.33749E-9
4.90865E-1	-5.79628E-3	8.83228E-6	9.99927E-1	2.06060E-9
4.91520E-1	-7.14476E-3	8.17696E-6	1.00004E+0	3.64756E-9
4.92175E-1	-6.06598E-3	8.70121E-6	9.99986E-1	9.32904E-10
4.92831E-1	-6.06598E-3	1.60408E-5	9.99999E-1	1.97123E-9
4.93486E-1	-6.87507E-3	1.39438E-5	9.99984E-1	2.15854E-9
4.94141E-1	-7.14476E-3	1.25021E-5	9.99999E-1	2.73000E-9
4.94797E-1	-5.52658E-3	7.91483E-6	1.00002E+0	1.55428E-9
4.95452E-1	-5.79628E-3	9.09440E-6	9.99982E-1	2.49562E-9
4.96108E-1	-6.33567E-3	1.05361E-5	1.00001E+0	2.06774E-9
4.96763E-1	-5.79628E-3	9.74972E-6	1.00004E+0	2.99576E-9
4.97418E-1	-5.52658E-3	1.06672E-5	1.00000E+0	1.86235E-9
4.98074E-1	-6.87507E-3	6.21101E-6	9.99963E-1	2.23604E-9
4.98729E-1	-5.79628E-3	1.00118E-5	9.99895E-1	1.58423E-9
4.99384E-1	1.99427E+0	2.11522E-5	9.96565E-1	3.35825E-8
5.00040E-1	1.99077E+0	1.69582E-5	9.99889E-1	3.86036E-7
5.00695E-1	1.99238E+0	1.11914E-5	1.00042E+0	7.41988E-8
5.01350E-1	1.99697E+0	9.48759E-6	1.00014E+0	8.98513E-9
5.02006E-1	1.99292E+0	9.09440E-6	1.00002E+0	2.52224E-9
5.02661E-1	1.99319E+0	1.51233E-5	9.99965E-1	1.23908E-9
5.03316E-1	1.99400E+0	9.74972E-6	9.99940E-1	8.29262E-10
5.03972E-1	1.99427E+0	1.05361E-5	1.00010E+0	7.63178E-10
5.04627E-1	1.99292E+0	1.30263E-5	9.99963E-1	1.77168E-11
5.05283E-1	1.99454E+0	1.14535E-5	9.99938E-1	1.55428E-9
5.05938E-1	1.99265E+0	1.10604E-5	9.99990E-1	2.31657E-10
5.06593E-1	1.99265E+0	8.43908E-6	1.00011E+0	4.91712E-10
5.07249E-1	1.99319E+0	7.65270E-6	1.00003E+0	2.53935E-9
5.07904E-1	1.99238E+0	8.70121E-6	9.99976E-1	8.38770E-10
5.08559E-1	1.99427E+0	1.36166E-6	9.99963E-1	1.31277E-9
5.09215E-1	1.99319E+0	1.05361E-5	9.99967E-1	1.25429E-9
5.09870E-1	1.99238E+0	1.30263E-5	9.99988E-1	4.77450E-10
5.10525E-1	1.99373E+0	7.25951E-6	1.00010E+0	1.60420E-9
5.11181E-1	1.99292E+0	1.39438E-5	9.99950E-1	1.00850E-9
5.11836E-1	1.99238E+0	8.57015E-6	1.00001E+0	2.20323E-9
5.12492E-1	1.99211E+0	9.48759E-6	9.99931E-1	2.41640E-10
5.13147E-1	1.99211E+0	1.15846E-5	1.00004E+0	1.86330E-9
5.13802E-1	1.99373E+0	9.22547E-6	1.00001E+0	1.74825E-9
5.14458E-1	1.99373E+0	8.70121E-6	1.00006E+0	8.14999E-10
5.15113E-1	1.99346E+0	7.91483E-6	9.99971E-1	1.02609E-9
5.15768E-1	1.99373E+0	7.78377E-6	9.99986E-1	2.86502E-9
5.16424E-1	1.99211E+0	8.43908E-6	9.99978E-1	5.42583E-10
5.17079E-1	1.99265E+0	8.83228E-6	1.00003E+0	1.05366E-9
5.17734E-1	1.99211E+0	8.96334E-6	9.99897E-1	2.27502E-9
5.18390E-1	1.99373E+0	9.74972E-6	1.00006E+0	1.87376E-9
5.19045E-1	1.99319E+0	1.62378E-6	1.00005E+0	1.29613E-9
5.19700E-1	1.99292E+0	1.32884E-5	1.00003E+0	6.83307E-10
5.20356E-1	1.99373E+0	1.26331E-5	9.99902E-1	2.41479E-9
5.21011E-1	1.99292E+0	6.99739E-6	1.00007E+0	1.71735E-9
5.21667E-1	1.99265E+0	1.06672E-5	9.99942E-1	1.96475E-10
5.22322E-1	1.99265E+0	1.19778E-5	1.00002E+0	1.89373E-9
5.22977E-1	1.99265E+0	7.78377E-6	1.00000E+0	1.59184E-9
5.23633E-1	1.99508E+0	8.96334E-6	9.99948E-1	2.20371E-9
5.24288E-1	1.99265E+0	8.57015E-6	1.00005E+0	1.71687E-9
5.24943E-1	1.99265E+0	6.21101E-6	9.99950E-1	1.33891E-9
5.25599E-1	1.99373E+0	1.04050E-5	1.00004E+0	1.30944E-9
5.26254E-1	1.99319E+0	6.99739E-6	1.00001E+0	1.91845E-9
5.26909E-1	1.99292E+0	1.38127E-5	1.00001E+0	8.97723E-10
5.27565E-1	1.99373E+0	1.10604E-5	1.00000E+0	2.02542E-9
5.28220E-1	1.99508E+0	9.74972E-6	9.99940E-1	1.16729E-9
5.28876E-1	1.99346E+0	8.30802E-6	1.00005E+0	2.44998E-9
5.29531E-1	1.99238E+0	1.52544E-5	9.99965E-1	4.36088E-10
5.30186E-1	1.99346E+0	5.68675E-6	9.99995E-1	2.17376E-9
5.30842E-1	1.99265E+0	1.52544E-5	1.00003E+0	1.15445E-9
5.31497E-1	1.99292E+0	9.35653E-6	1.00003E+0	1.53003E-9
5.32152E-1	1.99319E+0	8.57015E-6	9.99946E-1	2.74379E-9
5.32808E-1	1.99265E+0	9.09440E-6	1.00009E+0	8.51131E-10
5.33463E-1	1.99211E+0	8.96334E-6	9.99916E-1	1.74302E-9
5.34118E-1	1.99184E+0	4.37612E-6	1.00001E+0	2.22367E-9
5.34774E-1	1.99265E+0	7.65270E-6	1.00001E+0	8.27836E-10
5.35429E-1	1.99238E+0	1.88591E-6	9.99978E-1	1.60135E-9
5.36084E-1	1.99346E+0	9.88078E-6	9.99999E-1	1.55571E-9
5.36740E-1	1.99211E+0	1.27642E-5	1.00003E+0	2.84410E-9
5.37395E-1	1.99292E+0	1.19778E-5	9.99935E-1	1.07696E-9
5.38051E-1	1.99319E+0	1.11914E-5	1.00005E+0	1.21911E-9
5.38706E-1	1.99454E+0	2.52152E-5	9.99967E-1	2.61352E-9
5.39361E-1	-1.14599E-2	6.21101E-6	9.41616E-1	2.56184E-7
5.40017E-1	-5.52658E-3	8.30802E-6	1.00523E+0	9.33212E-8
5.40672E-1	-6.33567E-3	1.18467E-5	1.00005E+0	3.07257E-8
5.41327E-1	-6.06598E-3	1.39438E-5	1.00013E+0	2.30861E-8
5.41983E-1	-6.06598E-3	8.83228E-6	9.99910E-1	1.91981E-8
5.42638E-1	-6.06598E-3	1.59097E-5	1.00009E+0	1.49469E-8
5.43293E-1	-6.33567E-3	3.58973E-6	9.99927E-1	1.57713E-8
5.43949E-1	-6.33567E-3	1.70893E-5	1.00006E+0	1.20673E-8
5.44604E-1	-5.25689E-3	7.39058E-6	1.00005E+0	1.16432E-8
5.45260E-1	-6.33567E-3	1.72203E-5	9.99916E-1	1.25441E-8
5.45915E-1	-6.60537E-3	9.61866E-6	9.99957E-1	9.75246E-9
5.46570E-1	-4.98719E-3	9.61866E-6	1.00017E+0	1.06886E-8
5.47226E-1	-8.22355E-3	4.37612E-6	9.99935E-1	9.59034E-9
5.47881E-1	-6.87507E-3	1.05361E-5	9.99988E-1	8.43554E-9
5.48536E-1	-5.52658E-3	-6.89535E-6	9.99900E-1	9.20905E-9
5.49192E-1	-6.33567E-3	8.83228E-6	1.00017E+0	8.21209E-9
5.49847E-1	-4.44780E-3	8.83228E-6	9.99891E-1	9.15818E-9
5.50502E-1	-7.14476E-3	8.04589E-6	1.00007E+0	6.29234E-9
5.51158E-1	-6.33567E-3	8.30802E-6	9.99916E-1	7.75759E-9
5.51813E-1	-7.41446E-3	1.62378E-6	1.00005E+0	7.99197E-9
5.52468E-1	-7.14476E-3	7.12845E-6	1.00002E+0	7.37107E-9
5.53124E-1	-7.95385E-3	1.19778E-5	1.00001E+0	7.31307E-9
5.53779E-1	-8.22355E-3	7.06338E-7	9.99976E-1	8.04141E-9
5.54435E-1	-6.87507E-3	1.27642E-5	1.00008E+0	5.49173E-9
5.55090E-1	-7.41446E-3	1.05361E-5	1.00449E+0	-5.82072E-7
5.55745E-1	-5.52658E-3	3.06548E-6	9.98635E-1	-1.22210E-7
5.56401E-1	-6.33567E-3	9.74972E-6	9.99851E-1	-2.87144E-8
5.57056E-1	-6.87507E-3	8.17696E-6	1.00002E+0	-1.86150E-8
5.57711E-1	-5.25689E-3	9.61866E-6	9.99849E-1	-1.14737E-8
5.58367E-1	-5.79628E-3	5.16250E-6	1.00010E+0	-8.25415E-9
5.59022E-1	-6.06598E-3	9.48759E-6	9.99866E-1	-3.54605E-9
5.59677E-1	-6.33567E-3	4.76931E-6	1.00007E+0	-2.05750E-9
5.60333E-1	-5.79628E-3	1.15846E-5	1.00001E+0	-1.50601E-9
5.60988E-1	-4.71749E-3	6.60420E-6	9.99923E-1	-3.74982E-10
5.61644E-1	-5.52658E-3	-3.88088E-6	9.99992E-1	-1.98096E-9
5.62299E-1	-6.60537E-3	1.47301E-5	9.99978E-1	7.51768E-10
5.62954E-1	-6.60537E-3	1.06672E-5	1.00009E+0	-1.06102E-9
5.63610E-1	-6.87507E-3	1.27642E-5	9.99954E-1	9.03903E-10
5.64265E-1	-4.71749E-3	1.13225E-5	1.00005E+0	6.06289E-10
5.64920E-1	-4.98719E-3	2.67229E-6	9.99948E-1	6.31962E-10
5.65576E-1	-6.60537E-3	2.93442E-6	9.99967E-1	6.37192E-10
5.66231E-1	-4.44780E-3	1.02740E-5	1.00001E+0	2.07059E-9
5.66886E-1	-7.41446E-3	1.21089E-5	1.00005E+0	8.17852E-10
5.67542E-1	-5.79628E-3	7.78377E-6	9.99925E-1	4.33711E-10
5.68197E-1	-6.87507E-3	1.15846E-5	1.00001E+0	1.28377E-9
5.68852E-1	-7.95385E-3	3.13147E-7	1.00004E+0	2.21512E-9
5.69508E-1	-6.87507E-3	1.22399E-5	9.99938E-1	1.25334E-9
5.70163E-1	-5.25689E-3	1.06672E-5	1.00004E+0	7.00423E-10
5.70819E-1	-5.25689E-3	7.91483E-6	1.00001E+0	2.46043E-9
5.71474E-1	-5.79628E-3	1.05361E-5	1.00005E+0	9.43363E-10
5.72129E-1	-5.79628E-3	9.09440E-6	1.00001E+0	1.89896E-9
5.72785E-1	-4.44780E-3	7.78377E-6	9.99908E-1	2.64347E-9
5.73440E-1	-5.52658E-3	4.76931E-6	1.00006E+0	1.98264E-9
5.74095E-1	-5.52658E-3	3.45867E-6	1.00005E+0	9.20543E-10
5.74751E-1	-6.33567E-3	1.05361E-5	9.99978E-1	2.85266E-9
5.75406E-1	-6.87507E-3	8.17696E-6	9.99952E-1	1.80720E-9
5.76061E-1	-4.98719E-3	2.96714E-5	9.99935E-1	1.94745E-9
5.76717E-1	-5.52658E-3	1.48612E-5	1.00005E+0	1.90752E-9
5.77372E-1	-5.25689E-3	1.27642E-5	1.00001E+0	1.99262E-9
5.78028E-1	-7.41446E-3	1.22399E-5	1.00001E+0	1.26427E-9
5.78683E-1	-7.68415E-3	1.31574E-5	9.99978E-1	3.33141E-9
5.79338E-1	-5.79628E-3	2.25939E-5	1.00005E+0	1.88755E-9
5.79994E-1	-4.98719E-3	1.10604E-5	9.99995E-1	1.89754E-9
5.80649E-1	-5.79628E-3	1.05361E-5	9.99980E-1	2.21987E-9
5.81304E-1	-6.87507E-3	8.83228E-6	9.99965E-1	2.09436E-9
5.81960E-1	-5.52658E-3	3.39965E-5	9.99980E-1	1.90181E-9
5.82615E-1	-4.71749E-3	1.35506E-5	1.00006E+0	2.02970E-9
5.83270E-1	-5.79628E-3	8.17696E-6	1.00005E+0	1.90372E-9
5.83926E-1	-5.79628E-3	1.00118E-5	9.99969E-1	2.30402E-9
5.84581E-1	-6.87507E-3	1.88591E-6	9.99982E-1	9.61905E-10
5.85236E-1	-7.41446E-3	1.04050E-5	9.99921E-1	3.94660E-9
5.85892E-1	-6.06598E-3	8.96334E-6	9.99997E-1	1.55095E-9
5.86547E-1	-3.63871E-3	6.07994E-6	9.99984E-1	2.68721E-9
5.87203E-1	-5.25689E-3	1.21089E-5	1.00006E+0	1.09122E-9
5.87858E-1	-4.17810E-3	9.35653E-6	9.99948E-1	1.84334E-9
5.88513E-1	-6.33567E-3	8.04589E-6	1.00007E+0	3.69701E-9
5.89169E-1	-6.60537E-3	1.22399E-5	1.00002E+0	8.09770E-10
5.89824E-1	-5.52658E-3	9.09440E-6	1.00003E+0	2.38532E-9
5.90479E-1	-6.33567E-3	1.26331E-5	9.99921E-1	2.63206E-9
5.91135E-1	-7.14476E-3	8.17696E-6	1.00011E+0	1.92226E-9
5.91790E-1	-5.52658E-3	1.82084E-7	9.99900E-1	1.61799E-9
5.92445E-1	-4.44780E-3	1.13225E-5	9.99999E-1	3.08514E-9
5.93101E-1	-4.71749E-3	5.81781E-6	1.00001E+0	1.80007E-9
5.93756E-1	-5.79628E-3	1.36816E-5	9.99963E-1	2.54126E-9
5.94412E-1	-4.98719E-3	2.04969E-5	1.00004E+0	2.46947E-9
5.95067E-1	-7.68415E-3	5.55569E-6	1.00002E+0	2.44807E-9
5.95722E-1	-6.60537E-3	1.06672E-5	9.99940E-1	2.26646E-9
5.96378E-1	-6.06598E-3	1.22399E-5	9.99988E-1	1.91750E-9
5.97033E-1	-6.60537E-3	1.05361E-5	9.99982E-1	1.25239E-9
5.97688E-1	-5.79628E-3	-2.43919E-6	9.99982E-1	2.87358E-9
5.98344E-1	-6.33567E-3	4.50718E-6	1.00009E+0	2.80654E-9
5.98999E-1	-4.44780E-3	6.07994E-6	9.99997E-1	2.22795E-9
5.99654E-1	1.99481E+0	9.74972E-6	1.02393E+0	2.24782E-7
6.00310E-1	1.99535E+0	8.43908E-6	1.00184E+0	1.78584E-7
6.00965E-1	1.99319E+0	7.39058E-6	1.00025E+0	4.36139E-8
6.01620E-1	1.99616E+0	1.62378E-6	1.00005E+0	2.05892E-8
6.02276E-1	1.99373E+0	1.10604E-5	1.00009E+0	5.21360E-9
6.02931E-1	1.99427E+0	1.52544E-5	9.99959E-1	2.38865E-9
6.03587E-1	1.99400E+0	1.26331E-5	1.00004E+0	9.70938E-10
6.04242E-1	1.99319E+0	9.88078E-6	1.00013E+0	4.00907E-10
6.04897E-1	1.99265E+0	6.21101E-6	9.99840E-1	2.92511E-10
6.05553E-1	1.99265E+0	1.15846E-5	1.00008E+0	1.27663E-9
6.06208E-1	1.99292E+0	1.07982E-5	9.99965E-1	1.45111E-9
6.06863E-1	1.99319E+0	1.07982E-5	9.99995E-1	7.65080E-10
6.07519E-1	1.99373E+0	8.96334E-6	9.99957E-1	7.38456E-10
6.08174E-1	1.99265E+0	1.23710E-5	1.00007E+0	6.02486E-10
6.08829E-1	1.99077E+0	1.11914E-5	9.99957E-1	1.88042E-9
6.09485E-1	1.99346E+0	7.78377E-6	1.00006E+0	1.99785E-9
6.10140E-1	1.99157E+0	1.14535E-5	9.99946E-1	3.28643E-10
6.10796E-1	1.99373E+0	9.74972E-6	1.00008E+0	2.31657E-10
6.11451E-1	1.99238E+0	7.78377E-6	9.99950E-1	2.53698E-9
6.12106E-1	1.99157E+0	8.17696E-6	1.00001E+0	3.59070E-10
6.12762E-1	1.99238E+0	2.01697E-6	1.00005E+0	1.51149E-9
6.13417E-1	1.99427E+0	9.88078E-6	9.99940E-1	2.61827E-9
6.14072E-1	1.99292E+0	1.75485E-6	1.00005E+0	5.28320E-10
6.14728E-1	1.99373E+0	-4.01195E-6	1.00004E+0	1.65745E-9
6.15383E-1	1.99211E+0	1.26331E-5	9.99859E-1	1.06983E-9
6.16038E-1	1.99211E+0	9.48759E-6	1.00003E+0	1.77012E-9
6.16694E-1	1.99184E+0	8.57015E-6	1.00004E+0	1.20485E-9
6.17349E-1	1.99319E+0	9.74972E-6	9.99980E-1	2.06060E-9
6.18004E-1	1.99292E+0	1.07982E-5	9.99967E-1	1.64984E-9
6.18660E-1	1.99373E+0	9.22547E-6	1.00001E+0	1.03274E-9
6.19315E-1	1.99050E+0	1.05361E-5	1.00003E+0	7.68883E-10
6.19971E-1	1.99211E+0	1.01429E-5	1.00004E+0	2.03065E-9
6.20626E-1	1.99157E+0	1.15846E-5	9.99957E-1	6.44323E-10
6.21281E-1	1.99400E+0	7.25951E-6	9.99973E-1	2.39150E-9
6.21937E-1	1.99157E+0	-1.65281E-6	1.00002E+0	2.34681E-9
6.22592E-1	1.99346E+0	1.27642E-5	1.00007E+0	8.02163E-10
6.23247E-1	1.99157E+0	8.70121E-6	9.99942E-1	1.18725E-9
6.23903E-1	1.99427E+0	1.15846E-5	1.00002E+0	1.20247E-9
6.24558E-1	1.99265E+0	1.51233E-5	9.99990E-1	1.29993E-9
6.25213E-1	1.99508E+0	7.52164E-6	1.00007E+0	2.59118E-9
6.25869E-1	1.99211E+0	5.42462E-6	9.99851E-1	1.86235E-9
6.26524E-1	1.99265E+0	7.65270E-6	1.00004E+0	4.39891E-10
6.27180E-1	1.99238E+0	9.74972E-6	1.00002E+0	2.82889E-9
6.27835E-1	1.99292E+0	1.42059E-5	1.00005E+0	3.79037E-10
6.28490E-1	1.99292E+0	9.88078E-6	9.99950E-1	2.49989E-9
6.29146E-1	1.99319E+0	7.12845E-6	9.99980E-1	1.68645E-9
6.29801E-1	1.99238E+0	2.54123E-6	1.00006E+0	1.65459E-9
6.30456E-1	1.99238E+0	2.54123E-6	1.00004E+0	1.22529E-9
6.31112E-1	1.99104E+0	2.03659E-5	9.99969E-1	1.63225E-9
6.31767E-1	1.99265E+0	1.04050E-5	9.99992E-1	2.28310E-9
6.32422E-1	1.99292E+0	7.25951E-6	9.99904E-1	7.55096E-10
6.33078E-1	1.99157E+0	-2.83238E-6	1.00004E+0	1.17252E-9
6.33733E-1	1.99292E+0	8.04589E-6	1.00004E+0	2.02590E-9
6.34388E-1	1.99157E+0	1.00118E-5	9.99963E-1	1.45729E-9
6.35044E-1	1.99050E+0	1.09293E-5	1.00003E+0	1.96600E-9
6.35699E-1	1.99346E+0	6.21101E-6	9.99963E-1	1.55476E-9
6.36355E-1	1.99427E+0	8.43908E-6	9.99946E-1	1.77963E-9
6.37010E-1	1.99130E+0	2.23318E-5	1.00011E+0	7.05652E-10
6.37665E-1	1.99346E+0	9.48759E-6	9.99999E-1	2.58690E-9
6.38321E-1	1.99265E+0	1.65650E-5	9.99921E-1	1.88708E-9
6.38976E-1	1.99184E+0	8.57015E-6	1.00004E+0	1.08884E-9
6.39631E-1	-6.60537E-3	6.60420E-6	9.46929E-1	3.25052E-7
6.40287E-1	-7.95385E-3	8.96334E-6	1.00020E+0	4.12829E-8
6.40942E-1	-7.14476E-3	1.65650E-5	9.99969E-1	2.64878E-8
6.41597E-1	-3.90841E-3	7.78377E-6	1.00005E+0	2.08431E-8
6.42253E-1	-5.25689E-3	1.30263E-5	9.99997E-1	1.75527E-8
6.42908E-1	-5.52658E-3	1.05361E-5	1.00005E+0	1.60123E-8
6.43564E-1	-6.06598E-3	1.62378E-6	1.00004E+0	1.33514E-8
6.44219E-1	-6.06598E-3	1.19778E-5	9.99988E-1	1.34465E-8
6.44874E-1	-5.25689E-3	1.28952E-5	9.99982E-1	1.19132E-8
6.45530E-1	-5.79628E-3	1.25021E-5	1.00008E+0	1.13931E-8
6.46185E-1	-7.14476E-3	1.09293E-5	9.99927E-1	1.10432E-8
6.46840E-1	-5.79628E-3	8.96334E-6	1.00000E+0	1.01480E-8
6.47496E-1	-4.71749E-3	8.30802E-6	9.99940E-1	9.58653E-9
6.48151E-1	-7.95385E-3	6.99739E-6	9.99995E-1	8.85629E-9
6.48806E-1	-6.33567E-3	1.06672E-5	1.00006E+0	8.35899E-9
6.49462E-1	-7.14476E-3	8.04589E-6	9.99986E-1	9.51807E-9
6.50117E-1	-7.41446E-3	1.26331E-5	9.99997E-1	8.51256E-9
6.50772E-1	-6.06598E-3	2.67229E-6	1.00009E+0	8.04569E-9
6.51428E-1	-6.87507E-3	9.61866E-6	9.99883E-1	6.70548E-9
6.52083E-1	-4.98719E-3	1.09293E-5	1.00006E+0	9.31127E-9
6.52739E-1	-7.41446E-3	-4.73234E-7	1.00001E+0	6.07079E-9
6.53394E-1	-3.63871E-3	7.39058E-6	1.00000E+0	7.61496E-9
6.54049E-1	-8.22355E-3	1.32884E-5	1.00003E+0	7.21846E-9
6.54705E-1	-6.33567E-3	1.21089E-5	1.00000E+0	6.89802E-9
6.55360E-1	-6.87507E-3	1.14535E-5	9.99950E-1	8.26819E-9
6.56015E-1	-5.79628E-3	9.68465E-7	9.99984E-1	6.79628E-9
6.56671E-1	-7.14476E-3	1.10604E-5	9.99990E-1	6.75397E-9
6.57326E-1	-5.79628E-3	1.02740E-5	1.00007E+0	5.60535E-9
6.57981E-1	-6.33567E-3	1.56476E-5	9.99912E-1	6.75207E-9
6.58637E-1	-4.71749E-3	6.73526E-6	1.00006E+0	6.35271E-9
6.59292E-1	-5.25689E-3	1.00118E-5	9.99978E-1	7.42194E-9
6.59948E-1	-7.14476E-3	5.03143E-6	1.00004E+0	6.27142E-9
6.60603E-1	-4.71749E-3	7.52164E-6	9.99900E-1	6.40358E-9
6.61258E-1	-7.68415E-3	6.60420E-6	1.00005E+0	5.01488E-9
6.61914E-1	-5.25689E-3	7.25951E-6	1.00003E+0	7.63112E-9
6.62569E-1	-4.98719E-3	1.68271E-5	1.00005E+0	5.27636E-9
6.63224E-1	-6.06598E-3	1.38127E-5	9.99881E-1	7.28264E-9
6.63880E-1	-6.06598E-3	1.19778E-5	1.00015E+0	5.01250E-9
6.64535E-1	-3.36901E-3	2.27250E-5	9.99862E-1	6.73876E-9
6.65190E-1	-7.41446E-3	9.09440E-6	1.00006E+0	4.77146E-9
6.65846E-1	-6.06598E-3	6.07994E-6	9.99990E-1	6.46254E-9
6.66501E-1	-4.71749E-3	1.13225E-5	1.00004E+0	5.62009E-9
6.67156E-1	-6.87507E-3	1.14535E-5	9.99980E-1	5.66193E-9
6.67812E-1	-4.44780E-3	6.86632E-6	9.99967E-1	5.63388E-9
6.68467E-1	-5.79628E-3	1.15846E-5	9.99921E-1	6.36412E-9
6.69123E-1	-7.41446E-3	1.26331E-5	1.00011E+0	6.19345E-9
6.69778E-1	-6.06598E-3	1.72203E-5	1.00003E+0	5.04768E-9
6.70433E-1	-6.06598E-3	1.43369E-5	1.00193E+0	-4.04718E-7
6.71089E-1	-5.52658E-3	8.83228E-6	9.98825E-1	-2.21904E-7
6.71744E-1	-6.60537E-3	8.30802E-6	9.99752E-1	-1.02217E-7
6.72399E-1	-8.76294E-3	9.35653E-6	9.99650E-1	-4.98122E-8
6.73055E-1	-5.52658E-3	9.74972E-6	9.99889E-1	-2.14409E-8
6.73710E-1	-6.33567E-3	-3.35663E-6	9.99914E-1	-7.90139E-9
6.74365E-1	-5.25689E-3	1.18467E-5	1.00009E+0	-5.16914E-9
6.75021E-1	-7.41446E-3	5.16250E-6	9.99929E-1	-2.47254E-9
6.75676E-1	-6.06598E-3	1.14535E-5	1.00008E+0	-3.75904E-9
6.76332E-1	-7.68415E-3	6.21101E-6	9.99912E-1	-1.40047E-9
6.76987E-1	-5.25689E-3	1.09293E-5	1.00003E+0	-3.35302E-9
6.77642E-1	-6.33567E-3	6.60420E-6	9.99982E-1	8.09479E-11
6.78298E-1	-7.14476E-3	1.04050E-5	1.00002E+0	-2.41977E-9
6.78953E-1	-7.14476E-3	1.09293E-5	9.99929E-1	-1.81485E-10
6.79608E-1	-6.60537E-3	1.63029E-5	1.00011E+0	-1.95272E-10
6.80264E-1	-5.79628E-3	1.40748E-5	9.99866E-1	3.81599E-11
6.80919E-1	-5.25689E-3	7.25951E-6	1.00003E+0	8.81558E-10
6.81574E-1	-4.98719E-3	1.30263E-5	9.99980E-1	-6.69743E-10
6.82230E-1	-6.60537E-3	1.11914E-5	1.00013E+0	1.04748E-9
6.82885E-1	-6.06598E-3	1.17157E-5	9.99940E-1	1.13448E-9
6.83540E-1	-5.25689E-3	7.65270E-6	1.00002E+0	-3.53588E-10
6.84196E-1	-5.25689E-3	-5.06046E-6	9.99961E-1	1.29565E-9
6.84851E-1	-5.25689E-3	6.86632E-6	9.99980E-1	1.37077E-9
6.85507E-1	-6.33567E-3	1.32884E-5	9.99957E-1	4.97418E-10
6.86162E-1	-6.33567E-3	1.19778E-5	1.00014E+0	1.40547E-9
6.86817E-1	-6.60537E-3	9.48759E-6	9.99840E-1	1.05414E-9
6.87473E-1	-5.52658E-3	8.70121E-6	1.00006E+0	1.85427E-9
6.88128E-1	-5.25689E-3	1.48612E-5	9.99980E-1	9.29101E-10
6.88783E-1	-6.87507E-3	1.34195E-5	1.00007E+0	1.28329E-9
6.89439E-1	-5.79628E-3	1.00118E-5	9.99965E-1	1.79865E-9
6.90094E-1	-6.60537E-3	7.91483E-6	1.00003E+0	4.10891E-10
6.90749E-1	-4.98719E-3	4.90037E-6	9.99999E-1	1.90514E-9
6.91405E-1	-5.25689E-3	7.52164E-6	9.99984E-1	2.28786E-9
6.92060E-1	-5.52658E-3	1.64340E-5	1.00004E+0	1.04130E-9
6.92716E-1	-6.33567E-3	1.04050E-5	9.99916E-1	1.73684E-9
6.93371E-1	-6.33567E-3	7.25951E-6	1.00008E+0	2.36107E-9
6.94026E-1	-7.14476E-3	-1.65281E-6	9.99973E-1	1.34795E-9
6.94682E-1	-7.68415E-3	1.10604E-5	9.99961E-1	1.57330E-9
6.95337E-1	-6.06598E-3	1.01429E-5	1.00004E+0	1.07601E-9
6.95992E-1	-4.71749E-3	1.19778E-5	1.00005E+0	1.86758E-9
6.96648E-1	-7.14476E-3	2.25939E-5	9.99933E-1	2.67913E-9
6.97303E-1	-4.71749E-3	7.78377E-6	9.99969E-1	6.62864E-10
6.97958E-1	-6.33567E-3	9.35653E-6	1.00010E+0	2.55980E-9
6.98614E-1	-5.52658E-3	1.36816E-5	9.99912E-1	2.22890E-9
6.99269E-1	-5.25689E-3	1.14535E-5	1.03816E+0	-1.83096E-7
6.99924E-1	1.99373E+0	8.83228E-6	9.94519E-1	2.23554E-7
7.00580E-1	1.99319E+0	7.91483E-6	1.00034E+0	1.23891E-7
7.01235E-1	1.99319E+0	3.72080E-6	1.00053E+0	7.09611E-8
7.01891E-1	1.99319E+0	7.12845E-6	1.00003E+0	1.21690E-8
7.02546E-1	1.99157E+0	1.94484E-5	1.00000E+0	1.25974E-8
7.03201E-1	1.99265E+0	1.15846E-5	1.00005E+0	5.57160E-9
7.03857E-1	1.99400E+0	1.07982E-5	9.99978E-1	3.20019E-9
7.04512E-1	1.99104E+0	-4.01195E-6	1.00002E+0	3.21873E-9
7.05167E-1	1.99292E+0	-4.53620E-6	9.99925E-1	1.33987E-9
7.05823E-1	1.99373E+0	1.11914E-5	1.00010E+0	2.63301E-9
7.06478E-1	1.99319E+0	1.26331E-5	9.99927E-1	3.88546E-10
7.07133E-1	1.99292E+0	1.35506E-5	1.00011E+0	1.06697E-9
7.07789E-1	1.99265E+0	1.57786E-5	9.99906E-1	-3.57867E-10
7.08444E-1	1.99373E+0	7.78377E-6	1.00001E+0	4.65089E-10
7.09100E-1	1.99427E+0	7.91483E-6	9.99935E-1	-3.86867E-10
7.09755E-1	1.99373E+0	1.09293E-5	1.00006E+0	4.25629E-10
7.10410E-1	1.99373E+0	1.00118E-5	1.00001E+0	6.94718E-10
7.11066E-1	1.99400E+0	8.17696E-6	1.00008E+0	-6.44071E-10
7.11721E-1	1.99400E+0	7.52164E-6	9.99904E-1	6.69520E-10
7.12376E-1	1.99292E+0	1.57786E-5	1.00010E+0	2.60182E-10
7.13032E-1	1.99211E+0	2.11522E-5	9.99891E-1	8.81558E-10
7.13687E-1	1.99265E+0	1.30263E-5	1.00003E+0	-3.18882E-10
7.14342E-1	1.99292E+0	1.02740E-5	1.00006E+0	1.45254E-9
7.14998E-1	1.99211E+0	8.04589E-6	9.99940E-1	-8.73515E-11
7.15653E-1	1.99157E+0	2.41667E-5	9.99940E-1	1.23717E-9
7.16308E-1	1.99292E+0	1.00118E-5	1.00006E+0	-3.93999E-10
7.16964E-1	1.99292E+0	1.43369E-5	9.99980E-1	1.17157E-9
7.17619E-1	1.99211E+0	6.73526E-6	9.99978E-1	1.14779E-9
7.18275E-1	1.99427E+0	9.09440E-6	1.00003E+0	8.45902E-10
7.18930E-1	1.99292E+0	9.48759E-6	9.99935E-1	6.77602E-10
7.19585E-1	1.99265E+0	9.61866E-6	1.00009E+0	8.90591E-10
7.20241E-1	1.99319E+0	9.48759E-6	1.00002E+0	6.47175E-10
7.20896E-1	1.99373E+0	2.01037E-5	9.99919E-1	8.71099E-10
7.21551E-1	1.99319E+0	6.60420E-6	1.00006E+0	5.45435E-10
7.22207E-1	1.99265E+0	2.54123E-6	9.99904E-1	1.07933E-9
7.22862E-1	1.99238E+0	1.22399E-5	1.00009E+0	1.02038E-9
7.23517E-1	1.99157E+0	6.73526E-6	1.00004E+0	4.17071E-10
7.24173E-1	1.99292E+0	1.14535E-5	9.99942E-1	5.61124E-10
7.24828E-1	1.99373E+0	8.70121E-6	9.99946E-1	1.51007E-9
7.25484E-1	1.99184E+0	9.09440E-6	1.00003E+0	2.47346E-10
7.26139E-1	1.99292E+0	5.42462E-6	1.00007E+0	1.67028E-9
7.26794E-1	1.99346E+0	4.76931E-6	9.99959E-1	9.92332E-10
7.27450E-1	1.99373E+0	6.99739E-6	1.00001E+0	2.34985E-10
7.28105E-1	1.99427E+0	8.70121E-6	9.99923E-1	1.06650E-9
7.28760E-1	1.99211E+0	7.91483E-6	1.00006E+0	2.18992E-9
7.29416E-1	1.99104E+0	5.10203E-8	1.00005E+0	4.64613E-10
7.30071E-1	1.99319E+0	1.47301E-5	1.00001E+0	1.08409E-9
7.30726E-1	1.99211E+0	2.67229E-6	9.99921E-1	1.15350E-9
7.31382E-1	1.99184E+0	7.12845E-6	1.00012E+0	3.47184E-10
7.32037E-1	1.99346E+0	1.05361E-5	9.99881E-1	1.65412E-9
7.32692E-1	1.99265E+0	8.17696E-6	1.00003E+0	1.43543E-9
7.33348E-1	1.99346E+0	1.89242E-5	9.99980E-1	1.23099E-9
7.34003E-1	1.99373E+0	1.14535E-5	1.00000E+0	-2.29503E-10
7.34659E-1	1.99211E+0	6.21101E-6	1.00004E+0	1.13829E-9
7.35314E-1	1.99265E+0	9.74972E-6	9.99978E-1	1.28852E-9
7.35969E-1	1.99238E+0	9.09440E-6	9.99950E-1	1.71355E-9
7.36625E-1	1.99346E+0	1.30263E-5	1.00005E+0	1.29042E-9
7.37280E-1	1.99211E+0	6.34207E-6	1.00001E+0	-7.40397E-11
7.37935E-1	1.99373E+0	6.47313E-6	9.99992E-1	2.33730E-9
7.38591E-1	1.99373E+0	2.27910E-6	9.99950E-1	1.25809E-9
7.39246E-1	1.99211E+0	1.15846E-5	9.46831E-1	1.75050E-7
7.39901E-1	-7.68415E-3	1.45991E-5	1.00063E+0	1.70307E-7
7.40557E-1	-5.25689E-3	4.50718E-6	1.00002E+0	3.14431E-8
7.41212E-1	-6.87507E-3	1.15846E-5	9.99982E-1	2.16855E-8
7.41868E-1	-6.87507E-3	-1.78387E-6	1.00000E+0	1.81113E-8
7.42523E-1	-6.60537E-3	7.78377E-6	1.00010E+0	1.47938E-8
7.43178E-1	-5.52658E-3	1.04050E-5	9.99950E-1	1.46517E-8
7.43834E-1	-6.60537E-3	6.73526E-6	1.00009E+0	1.19603E-8
7.44489E-1	-5.79628E-3	-3.61876E-6	9.99992E-1	1.04513E-8
7.45144E-1	-7.41446E-3	1.19778E-5	1.00000E+0	1.12415E-8
7.45800E-1	-6.06598E-3	4.63824E-6	9.99938E-1	1.02816E-8
7.46455E-1	-6.33567E-3	1.17157E-5	1.00009E+0	8.95517E-9
7.47110E-1	-7.14476E-3	1.35506E-5	9.99999E-1	8.34426E-9
7.47766E-1	-5.25689E-3	8.96334E-6	9.99952E-1	7.76709E-9
7.48421E-1	-6.60537E-3	1.75485E-6	1.00013E+0	-3.64446E-9
7.49076E-1	-6.87507E-3	8.57015E-6	1.00035E+0	-4.11329E-8
7.49732E-1	-6.33567E-3	8.30802E-6	9.99895E-1	-6.71570E-8
7.50387E-1	-5.79628E-3	9.35653E-6	1.00009E+0	-6.86570E-8
7.51043E-1	-4.71749E-3	7.78377E-6	9.99895E-1	-6.15637E-8
7.51698E-1	-5.79628E-3	4.37612E-6	9.99997E-1	-5.02919E-8
7.52353E-1	-6.33567E-3	9.48759E-6	9.99925E-1	-4.24522E-8
7.53009E-1	-5.79628E-3	1.56476E-5	1.00003E+0	-4.25078E-8
7.53664E-1	-4.44780E-3	8.43908E-6	1.00001E+0	-3.56261E-8
7.54319E-1	-6.60537E-3	1.14535E-5	9.99872E-1	-3.10235E-8
7.54975E-1	-6.33567E-3	6.86632E-6	9.99900E-1	-2.73062E-8
7.55630E-1	-7.68415E-3	1.17157E-5	1.00014E+0	-1.88889E-8
7.56285E-1	-3.63871E-3	1.88591E-6	9.99990E-1	-1.67732E-8
7.56941E-1	-5.52658E-3	1.34195E-5	9.99916E-1	-1.48830E-8
7.57596E-1	-6.33567E-3	7.91483E-6	1.00002E+0	-1.35180E-8
7.58252E-1	-6.06598E-3	8.96334E-6	9.99929E-1	-1.19192E-8
7.58907E-1	-7.41446E-3	9.09440E-6	1.00006E+0	-1.04359E-8
7.59562E-1	-5.52658E-3	1.01429E-5	9.99971E-1	-8.11770E-9
7.60218E-1	-6.60537E-3	1.11914E-5	9.99986E-1	-6.66957E-9
7.60873E-1	-6.87507E-3	1.04050E-5	1.00001E+0	-5.40637E-9
7.61528E-1	-7.68415E-3	-3.88088E-6	9.99957E-1	-4.05237E-9
7.62184E-1	-5.79628E-3	8.70121E-6	1.00002E+0	-3.30453E-9
7.62839E-1	-5.25689E-3	1.82688E-5	1.00004E+0	-4.70322E-9
7.63494E-1	-6.87507E-3	1.04050E-5	9.99944E-1	-1.74848E-9
7.64150E-1	-6.33567E-3	1.00118E-5	9.99973E-1	-1.29064E-9
7.64805E-1	-4.71749E-3	7.65270E-6	1.00001E+0	-1.87732E-9
7.65460E-1	-6.06598E-3	9.88078E-6	1.00006E+0	-6.42169E-10
7.66116E-1	-6.06598E-3	1.23710E-5	9.99895E-1	-1.09221E-10
7.66771E-1	-5.25689E-3	1.52544E-5	1.00012E+0	9.40511E-10
7.67427E-1	-5.25689E-3	1.09293E-5	9.99916E-1	2.42193E-9
7.68082E-1	-6.87507E-3	1.25021E-5	9.99999E-1	1.61133E-9
7.68737E-1	-5.25689E-3	1.10604E-5	1.00001E+0	1.03179E-9
7.69393E-1	-6.60537E-3	1.07982E-5	1.00002E+0	1.32037E-9
7.70048E-1	-6.87507E-3	-1.25961E-6	1.00004E+0	2.45140E-9
7.70703E-1	-5.79628E-3	8.30802E-6	9.99910E-1	1.00802E-9
7.71359E-1	-7.68415E-3	1.39438E-5	1.00002E+0	2.43857E-9
7.72014E-1	-5.25689E-3	6.34207E-6	1.00002E+0	2.12431E-9
7.72669E-1	-6.06598E-3	1.00118E-5	1.00006E+0	1.36934E-9
7.73325E-1	-4.71749E-3	6.99739E-6	9.99908E-1	2.31543E-9
7.73980E-1	-6.33567E-3	1.07982E-5	1.00002E+0	1.42924E-9
7.74636E-1	-6.60537E-3	9.22547E-6	9.99933E-1	1.23147E-9
7.75291E-1	-5.79628E-3	7.78377E-6	1.00009E+0	2.25220E-9
7.75946E-1	-5.79628E-3	8.04589E-6	1.00003E+0	2.65536E-9
7.76602E-1	-6.06598E-3	9.09440E-6	9.99912E-1	2.21512E-9
7.77257E-1	-6.87507E-3	6.47313E-6	1.00005E+0	1.90039E-9
7.77912E-1	-5.79628E-3	1.85310E-5	1.00005E+0	1.17252E-9
7.78568E-1	-6.33567E-3	7.39058E-6	9.99891E-1	2.50940E-9
7.79223E-1	-4.98719E-3	1.74825E-5	1.00001E+0	2.44998E-9
7.79878E-1	-6.60537E-3	1.44680E-5	1.00008E+0	1.93795E-9
7.80534E-1	-7.14476E-3	1.63029E-5	9.99919E-1	2.52652E-9
7.81189E-1	-7.14476E-3	1.55165E-5	1.00000E+0	1.84381E-9
7.81844E-1	-6.33567E-3	7.91483E-6	1.00005E+0	1.90419E-9
7.82500E-1	-4.71749E-3	9.88078E-6	1.00002E+0	1.40500E-9
7.83155E-1	-5.52658E-3	1.52544E-5	9.99938E-1	3.13268E-9
7.83811E-1	-5.52658E-3	9.22547E-6	1.00003E+0	7.21341E-10
7.84466E-1	-5.79628E-3	9.35653E-6	9.99931E-1	2.44522E-9
7.85121E-1	-6.33567E-3	9.22547E-6	1.00012E+0	2.32209E-9
7.85777E-1	-7.14476E-3	8.30802E-6	9.99931E-1	2.84933E-9
7.86432E-1	-8.22355E-3	1.22399E-5	9.99969E-1	2.01354E-9
7.87087E-1	-4.98719E-3	9.22547E-6	1.00001E+0	2.28500E-9
7.87743E-1	-4.71749E-3	8.83228E-6	1.00011E+0	1.67076E-9
7.88398E-1	-6.06598E-3	6.60420E-6	9.99878E-1	1.99357E-9
7.89053E-1	-5.79628E-3	-1.39068E-6	9.99984E-1	2.10672E-9
7.89709E-1	-6.33567E-3	1.09293E-5	1.00008E+0	3.07991E-9
7.90364E-1	-6.06598E-3	1.53855E-5	9.99910E-1	9.12936E-10
7.91020E-1	-7.14476E-3	9.48759E-6	1.00005E+0	2.67437E-9
7.91675E-1	-4.17810E-3	9.35653E-6	1.00000E+0	1.09265E-9
7.92330E-1	-6.87507E-3	1.30263E-5	1.00002E+0	3.53584E-9
7.92986E-1	-6.60537E-3	8.70121E-6	1.00006E+0	1.23955E-9
7.93641E-1	-6.06598E-3	1.38127E-5	9.99885E-1	2.93443E-9
7.94296E-1	-6.33567E-3	6.60420E-6	9.99990E-1	2.48991E-9
7.94952E-1	-6.06598E-3	7.39058E-6	1.00014E+0	1.39121E-9
7.95607E-1	-5.79628E-3	1.78757E-5	9.99906E-1	2.28310E-9
7.96262E-1	-6.33567E-3	8.83228E-6	1.00002E+0	2.50560E-9
7.96918E-1	-6.33567E-3	1.36166E-6	9.99978E-1	1.32418E-9
7.97573E-1	-6.60537E-3	1.25021E-5	1.00010E+0	2.11766E-9
7.98228E-1	-6.06598E-3	1.14535E-5	9.99954E-1	2.60401E-9
7.98884E-1	-4.71749E-3	9.74972E-6	9.99965E-1	1.46062E-9
7.99539E-1	1.99292E+0	1.04050E-5	1.04592E+0	-2.15996E-7
8.00195E-1	1.99292E+0	2.54123E-6	1.00043E+0	8.83350E-8
8.00850E-1	1.99265E+0	1.11914E-5	1.00000E+0	6.93409E-8
8.01505E-1	1.99265E+0	9.22547E-6	9.99938E-1	5.96903E-8
8.02161E-1	1.99211E+0	7.65270E-6	1.00012E+0	5.69357E-8
8.02816E-1	1.99292E+0	9.74972E-6	1.00006E+0	3.10661E-8
8.03471E-1	1.99454E+0	9.35653E-6	1.00019E+0	1.56617E-9
8.04127E-1	1.99508E+0	8.17696E-6	9.99954E-1	-1.95528E-9
8.04782E-1	1.99265E+0	3.98293E-6	1.00012E+0	-1.59349E-9
8.05437E-1	1.99238E+0	1.01429E-5	9.99931E-1	-6.31234E-10
8.06093E-1	1.99184E+0	7.39058E-6	9.99961E-1	-1.20935E-9
8.06748E-1	1.99184E+0	1.22399E-5	1.00003E+0	-1.63485E-9
8.07404E-1	1.99292E+0	8.70121E-6	1.00004E+0	-1.21268E-9
8.08059E-1	1.99454E+0	1.04050E-5	9.99929E-1	-5.83508E-11
8.08714E-1	1.99427E+0	1.69582E-5	1.00007E+0	-1.00634E-9
8.09370E-1	1.99104E+0	4.76931E-6	9.99908E-1	-5.83508E-11
8.10025E-1	1.99346E+0	1.26331E-5	1.00003E+0	-9.08405E-10
8.10680E-1	1.99211E+0	1.11914E-5	9.99984E-1	-4.56279E-10
8.11336E-1	1.99265E+0	1.06672E-5	1.00001E+0	9.13412E-10
8.11991E-1	1.99319E+0	7.65270E-6	1.00004E+0	-1.60014E-9
8.12646E-1	1.99104E+0	1.23710E-5	9.99986E-1	1.40642E-9
8.13302E-1	1.99373E+0	1.38127E-5	1.00001E+0	-1.02441E-9
8.13957E-1	1.99319E+0	1.06672E-5	1.00002E+0	1.17080E-10
8.14612E-1	1.99238E+0	1.02740E-5	1.00001E+0	3.07724E-10
8.15268E-1	1.99508E+0	2.36425E-5	9.99959E-1	-1.52484E-10
8.15923E-1	1.99238E+0	5.94888E-6	1.00003E+0	1.77459E-10
8.16579E-1	1.99238E+0	7.25951E-6	9.99950E-1	6.79504E-10
8.17234E-1	1.99454E+0	1.18467E-5	1.00004E+0	2.91269E-11
8.17889E-1	1.99211E+0	1.10604E-5	9.99980E-1	7.56047E-10
8.18545E-1	1.99400E+0	8.30802E-6	1.00001E+0	-5.14280E-10
8.19200E-1	1.99427E+0	1.42059E-5	1.00005E+0	1.09217E-9
8.19855E-1	1.99292E+0	1.13225E-5	9.99976E-1	2.89658E-10
8.20511E-1	1.99616E+0	1.19778E-5	9.99948E-1	8.32115E-10
8.21166E-1	1.99211E+0	1.42059E-5	1.00006E+0	-2.86078E-10
8.21821E-1	1.99400E+0	1.07982E-5	9.99883E-1	1.08694E-9
8.22477E-1	1.99292E+0	7.52164E-6	1.00002E+0	-2.50421E-10
8.23132E-1	1.99346E+0	9.09440E-6	9.99986E-1	6.78078E-10
8.23788E-1	1.99265E+0	7.52164E-6	1.00007E+0	3.14855E-10
8.24443E-1	1.99211E+0	1.31574E-5	9.99959E-1	1.35746E-9
8.25098E-1	1.99427E+0	5.42462E-6	9.99984E-1	6.76361E-11
8.25754E-1	1.99184E+0	1.05361E-5	1.00009E+0	3.11052E-10
8.26409E-1	1.99184E+0	8.43908E-6	9.99980E-1	5.24517E-10
8.27064E-1	1.99346E+0	9.22547E-6	9.99992E-1	1.46633E-9
8.27720E-1	1.99319E+0	1.01429E-5	1.00002E+0	1.30392E-10
8.28375E-1	1.99427E+0	6.60420E-6	9.99954E-1	6.61438E-10
8.29030E-1	1.99346E+0	6.60420E-6	9.99997E-1	-6.97609E-11
8.29686E-1	1.99292E+0	1.28952E-5	1.00006E+0	1.41736E-9
8.30341E-1	1.99319E+0	6.86632E-6	9.99997E-1	-2.16666E-10
8.30996E-1	1.99643E+0	1.90552E-5	9.99925E-1	2.46281E-9
8.31652E-1	1.99265E+0	1.35506E-5	1.00002E+0	-7.39155E-10
8.32307E-1	1.99346E+0	8.70121E-6	1.00006E+0	4.10415E-10
8.32963E-1	1.99238E+0	9.88078E-6	9.99935E-1	1.03464E-9
8.33618E-1	1.99157E+0	8.83228E-6	9.99954E-1	1.59279E-9
8.34273E-1	1.99292E+0	1.39438E-5	1.00003E+0	9.47351E-11
8.34929E-1	1.99400E+0	1.18467E-5	1.00011E+0	7.46063E-10
8.35584E-1	1.99373E+0	1.07982E-5	9.99914E-1	1.31609E-9
8.36239E-1	1.99373E+0	7.78377E-6	1.00003E+0	3.29303E-11
8.36895E-1	1.99130E+0	-3.35663E-6	9.99978E-1	1.02181E-9
8.37550E-1	1.99265E+0	3.98293E-6	1.00003E+0	8.35443E-10
8.38205E-1	1.99373E+0	7.78377E-6	9.99986E-1	6.97570E-10
8.38861E-1	1.99211E+0	-5.45365E-6	9.99999E-1	1.66078E-9
8.39516E-1	-5.79628E-3	1.42059E-5	9.46962E-1	3.17001E-7
8.40172E-1	-6.33567E-3	1.00118E-5	1.00039E+0	4.27063E-8
8.40827E-1	-6.87507E-3	1.14535E-5	9.99927E-1	2.48091E-8
8.41482E-1	-6.87507E-3	7.25951E-6	1.00004E+0	1.95813E-8
8.42138E-1	-6.60537E-3	1.21089E-5	1.00009E+0	1.63998E-8
8.42793E-1	-5.52658E-3	4.24505E-6	9.99995E-1	1.38292E-8
8.43448E-1	-5.52658E-3	9.35653E-6	1.00000E+0	1.40598E-8
8.44104E-1	-5.52658E-3	1.40748E-5	1.00005E+0	1.06952E-8
8.44759E-1	-6.06598E-3	7.39058E-6	1.00002E+0	9.47956E-9
8.45414E-1	-5.79628E-3	-2.11107E-7	9.99921E-1	1.03895E-8
8.46070E-1	-6.60537E-3	2.39046E-5	9.99965E-1	8.85534E-9
8.46725E-1	-7.14476E-3	5.16250E-6	1.00002E+0	8.59195E-9
8.47380E-1	-6.06598E-3	1.31574E-5	1.00003E+0	8.34806E-9
8.48036E-1	-6.87507E-3	1.00118E-5	9.99963E-1	6.82386E-9
8.48691E-1	-6.06598E-3	8.96334E-6	1.00009E+0	8.09846E-9
8.49347E-1	-4.98719E-3	1.05361E-5	9.99933E-1	6.75302E-9
8.50002E-1	-6.33567E-3	1.38127E-5	9.99995E-1	6.52957E-9
8.50657E-1	-6.06598E-3	7.25951E-6	9.99969E-1	5.75891E-9
8.51313E-1	-5.79628E-3	9.09440E-6	1.00007E+0	7.21893E-9
8.51968E-1	-6.60537E-3	1.43369E-5	9.99965E-1	5.47033E-9
8.52623E-1	-5.25689E-3	8.30802E-6	9.99986E-1	6.26856E-9
8.53279E-1	-6.60537E-3	9.88078E-6	1.00004E+0	6.00994E-9
8.53934E-1	-6.06598E-3	1.48612E-5	1.00006E+0	4.66069E-9
8.54589E-1	-6.60537E-3	1.23710E-5	9.99969E-1	5.77650E-9
8.55245E-1	-6.33567E-3	1.02740E-5	1.00002E+0	4.83374E-9
8.55900E-1	-5.79628E-3	6.07994E-6	9.99952E-1	5.84972E-9
8.56556E-1	-4.98719E-3	9.35653E-6	1.00003E+0	5.76462E-9
8.57211E-1	-6.06598E-3	1.57786E-5	9.99965E-1	4.64215E-9
8.57866E-1	-5.52658E-3	5.10203E-8	1.00008E+0	4.68113E-9
8.58522E-1	-5.25689E-3	1.17157E-5	9.99887E-1	4.91123E-9
8.59177E-1	-4.98719E-3	1.15846E-5	1.00010E+0	5.92816E-9
8.59832E-1	-5.52658E-3	7.39058E-6	9.99973E-1	5.09332E-9
8.60488E-1	-5.52658E-3	1.04050E-5	1.00007E+0	4.19525E-9
8.61143E-1	-5.52658E-3	1.73514E-5	9.99923E-1	4.08590E-9
8.61798E-1	-5.52658E-3	6.99739E-6	9.99982E-1	4.55324E-9
8.62454E-1	-6.33567E-3	9.35653E-6	1.00003E+0	5.62199E-9
8.63109E-1	-6.87507E-3	1.04050E-5	9.99931E-1	4.06071E-9
8.63764E-1	-7.41446E-3	1.44680E-5	1.00010E+0	3.65327E-9
8.64420E-1	-6.33567E-3	1.26331E-5	9.99864E-1	5.78506E-9
8.65075E-1	-6.87507E-3	1.09293E-5	1.00010E+0	3.71365E-9
8.65731E-1	-5.52658E-3	5.16250E-6	1.00001E+0	5.74655E-9
8.66386E-1	-6.60537E-3	5.16250E-6	9.99980E-1	4.15769E-9
8.67041E-1	-6.06598E-3	1.09293E-5	1.00002E+0	4.66402E-9
8.67697E-1	-6.87507E-3	-9.97488E-7	1.00004E+0	3.39179E-9
8.68352E-1	-5.52658E-3	1.14535E-5	9.99916E-1	5.00822E-9
8.69007E-1	-5.79628E-3	6.21101E-6	1.00002E+0	4.03884E-9
8.69663E-1	-4.71749E-3	5.75274E-7	1.00009E+0	3.97465E-9
8.70318E-1	-5.52658E-3	1.56476E-5	9.99910E-1	3.80540E-9
8.70973E-1	-6.87507E-3	1.09293E-5	9.99973E-1	4.94356E-9
8.71629E-1	-6.06598E-3	2.14804E-6	1.00001E+0	4.29081E-9
8.72284E-1	-6.33567E-3	7.91483E-6	1.00005E+0	3.65184E-9
8.72940E-1	-6.60537E-3	9.61866E-6	9.99959E-1	3.76832E-9
8.73595E-1	-6.87507E-3	6.73526E-6	1.00006E+0	3.63520E-9
8.74250E-1	-7.68415E-3	1.05361E-5	9.99925E-1	5.49363E-9
8.74906E-1	-5.52658E-3	1.06672E-5	1.00004E+0	4.38114E-9
8.75561E-1	-8.49324E-3	1.04050E-5	1.00003E+0	3.30669E-9
8.76216E-1	-5.79628E-3	1.31574E-5	9.99948E-1	3.95611E-9
8.76872E-1	-5.52658E-3	1.17157E-5	9.99984E-1	4.60792E-9
8.77527E-1	-5.25689E-3	1.36816E-5	1.00003E+0	4.48621E-9
8.78182E-1	-6.60537E-3	1.13225E-5	9.99935E-1	3.58861E-9
8.78838E-1	-5.79628E-3	9.88078E-6	1.00005E+0	4.00508E-9
8.79493E-1	-4.71749E-3	2.20697E-5	9.99988E-1	4.06546E-9
8.80148E-1	-5.79628E-3	9.22547E-6	9.99965E-1	3.88765E-9
8.80804E-1	-7.14476E-3	7.78377E-6	1.00006E+0	4.77859E-9
8.81459E-1	-7.95385E-3	1.17157E-5	1.00001E+0	2.60782E-9
8.82115E-1	-6.06598E-3	9.48759E-6	1.00005E+0	4.49524E-9
8.82770E-1	-6.06598E-3	8.96334E-6	9.99931E-1	4.63549E-9
8.83425E-1	-4.98719E-3	9.48759E-6	9.99984E-1	4.07116E-9
8.84081E-1	-5.52658E-3	8.96334E-6	1.00003E+0	4.24089E-9
8.84736E-1	-6.60537E-3	6.86632E-6	9.99992E-1	3.10653E-9
8.85391E-1	-6.33567E-3	1.19778E-5	9.99921E-1	4.04644E-9
8.86047E-1	-6.06598E-3	4.76931E-6	1.00013E+0	4.66116E-9
8.86702E-1	-6.60537E-3	1.28952E-5	9.99957E-1	3.26247E-9
8.87357E-1	-3.90841E-3	1.39438E-5	1.00002E+0	3.07563E-9
8.88013E-1	-6.33567E-3	7.91483E-6	9.99881E-1	4.66069E-9
8.88668E-1	-5.79628E-3	1.00118E-5	1.00016E+0	3.83108E-9
8.89324E-1	-6.33567E-3	8.04589E-6	9.99992E-1	4.07830E-9
8.89979E-1	-4.44780E-3	1.25021E-5	9.99944E-1	3.26865E-9
8.90634E-1	-6.87507E-3	6.60420E-6	9.99995E-1	3.79827E-9
8.91290E-1	-6.33567E-3	7.65270E-6	1.00007E+0	4.10730E-9
8.91945E-1	-4.98719E-3	8.57015E-6	9.99980E-1	4.22140E-9
8.92600E-1	-6.33567E-3	8.37401E-7	9.99986E-1	2.64537E-9
8.93256E-1	-5.52658E-3	9.35653E-6	9.99927E-1	4.48478E-9
8.93911E-1	-4.98719E-3	6.34207E-6	1.00010E+0	4.73676E-9
8.94566E-1	-5.52658E-3	6.34207E-6	9.99944E-1	3.61999E-9
8.95222E-1	-6.33567E-3	8.30802E-6	1.00005E+0	3.91475E-9
8.95877E-1	-6.33567E-3	1.30263E-5	9.99961E-1	2.29309E-9
8.96532E-1	-7.68415E-3	1.14535E-5	1.00000E+0	4.37116E-9
8.97188E-1	-4.17810E-3	1.25021E-5	9.99961E-1	4.15959E-9
8.97843E-1	-4.71749E-3	1.55165E-5	1.00001E+0	3.85770E-9
8.98499E-1	-4.71749E-3	2.27910E-6	1.00002E+0	4.03884E-9
8.99154E-1	-4.71749E-3	5.55569E-6	1.03974E+0	-1.06265E-7
8.99809E-1	1.99373E+0	6.86632E-6	1.01239E+0	-2.27696E-7
9.00465E-1	1.99346E+0	8.70121E-6	9.99838E-1	-2.70286E-8
9.01120E-1	1.99211E+0	1.07982E-5	9.99978E-1	-1.67200E-8
9.01775E-1	1.99157E+0	5.81781E-6	1.00003E+0	-1.29851E-8
9.02431E-1	1.99562E+0	5.68675E-6	1.00002E+0	-1.02590E-8
9.03086E-1	1.99319E+0	2.08901E-5	1.00001E+0	-9.51544E-9
9.03741E-1	1.99184E+0	9.22547E-6	9.99969E-1	-7.02186E-9
9.04397E-1	1.99373E+0	1.21089E-5	9.99938E-1	-6.89016E-9
9.05052E-1	1.99184E+0	8.70121E-6	1.00009E+0	-5.94503E-9
9.05708E-1	1.99346E+0	7.78377E-6	9.99923E-1	-3.94017E-9
9.06363E-1	1.99508E+0	1.80067E-5	1.00010E+0	-4.62145E-9
9.07018E-1	1.99292E+0	1.40748E-5	9.99919E-1	-4.15031E-9
9.07674E-1	1.99373E+0	5.68675E-6	1.00005E+0	-2.98124E-9
9.08329E-1	1.99319E+0	8.04589E-6	9.99957E-1	-2.96936E-9
9.08984E-1	1.99265E+0	8.04589E-6	9.99973E-1	-2.82531E-9
9.09640E-1	1.99373E+0	1.01429E-5	9.99950E-1	-2.26431E-9
9.10295E-1	1.99346E+0	4.11399E-6	1.00006E+0	-1.02679E-9
9.10950E-1	1.99157E+0	9.09440E-6	9.99990E-1	-2.81675E-9
9.11606E-1	1.99184E+0	1.15846E-5	1.00004E+0	-6.93990E-10
9.12261E-1	1.99211E+0	1.30263E-5	9.99971E-1	-2.77491E-9
9.12916E-1	1.99373E+0	3.32761E-6	9.99946E-1	-4.42492E-10
9.13572E-1	1.99346E+0	1.39438E-5	1.00005E+0	-1.78508E-9
9.14227E-1	1.99211E+0	1.06672E-5	9.99940E-1	-1.02251E-9
9.14883E-1	1.99319E+0	7.65270E-6	1.00003E+0	-1.59396E-9
9.15538E-1	1.99319E+0	8.43908E-6	1.00001E+0	-4.19671E-10
9.16193E-1	1.99211E+0	8.43908E-6	9.99999E-1	1.90770E-10
9.16849E-1	1.99373E+0	1.09293E-5	9.99948E-1	-1.33961E-9
9.17504E-1	1.99211E+0	1.21089E-5	1.00006E+0	-5.13330E-10
9.18159E-1	1.99427E+0	8.96334E-6	1.00002E+0	-9.92555E-10
9.18815E-1	1.99265E+0	9.09440E-6	9.99967E-1	-2.03170E-11
9.19470E-1	1.99427E+0	7.39058E-6	9.99997E-1	7.96458E-10
9.20125E-1	1.99211E+0	9.35653E-6	1.00005E+0	-1.64816E-9
9.20781E-1	1.99265E+0	6.73526E-6	9.99938E-1	1.16396E-9
9.21436E-1	1.99373E+0	-1.25961E-6	1.00010E+0	-7.52942E-10
9.22092E-1	1.99319E+0	8.30802E-6	9.99866E-1	2.05693E-11
9.22747E-1	1.99292E+0	1.40748E-5	1.00009E+0	-1.31774E-9
9.23402E-1	1.99454E+0	8.57015E-6	1.00002E+0	1.31039E-9
9.24058E-1	1.99427E+0	1.63029E-5	9.99978E-1	-6.73547E-10
9.24713E-1	1.99130E+0	1.05361E-5	9.99933E-1	7.72687E-10
9.25368E-1	1.99319E+0	9.74972E-6	1.00012E+0	-6.05086E-10
9.26024E-1	1.99346E+0	1.23710E-5	9.99916E-1	9.54773E-10
9.26679E-1	1.99373E+0	8.70121E-6	1.00003E+0	7.25747E-12
9.27334E-1	1.99130E+0	5.29356E-6	9.99988E-1	-5.61823E-10
9.27990E-1	1.99292E+0	7.78377E-6	9.99954E-1	1.92672E-10
9.28645E-1	1.99319E+0	8.04589E-6	1.00000E+0	8.54459E-10
9.29300E-1	1.99319E+0	1.63029E-5	1.00003E+0	3.80464E-10
9.29956E-1	1.99265E+0	1.45991E-5	1.00002E+0	-3.55489E-10
9.30611E-1	1.99319E+0	7.52164E-6	1.00002E+0	1.17489E-9
9.31267E-1	1.99238E+0	8.83228E-6	9.99952E-1	-8.33764E-10
9.31922E-1	1.99184E+0	1.42059E-5	9.99948E-1	1.17061E-9
9.32577E-1	1.99265E+0	8.43908E-6	1.00008E+0	8.82985E-10
9.33233E-1	1.99481E+0	1.25021E-5	9.99929E-1	-8.68470E-10
9.33888E-1	1.99292E+0	9.61866E-6	1.00002E+0	6.98046E-10
9.34543E-1	1.99292E+0	7.78377E-6	1.00005E+0	4.83155E-10
9.35199E-1	1.99104E+0	1.70893E-5	9.99885E-1	7.13259E-10
9.35854E-1	1.99319E+0	1.07982E-5	1.00006E+0	-9.25811E-11
9.36509E-1	1.99157E+0	4.76931E-6	9.99982E-1	1.31467E-9
9.37165E-1	1.99454E+0	8.83228E-6	1.00003E+0	3.73332E-10
9.37820E-1	1.99157E+0	6.60420E-6	9.99950E-1	2.31657E-10
9.38476E-1	1.99265E+0	1.40748E-5	1.00006E+0	9.26724E-10
9.39131E-1	1.99373E+0	1.22399E-5	9.64862E-1	9.24578E-8
9.39786E-1	-6.33567E-3	9.22547E-6	9.82181E-1	2.47819E-7
9.40442E-1	-6.33567E-3	5.16250E-6	1.00020E+0	3.18239E-8
9.41097E-1	-6.06598E-3	2.29871E-5	9.99946E-1	2.14488E-8
9.41752E-1	-6.33567E-3	1.28952E-5	1.00008E+0	1.86533E-8
9.42408E-1	-5.52658E-3	8.17696E-6	9.99978E-1	1.47905E-8
9.43063E-1	-6.87507E-3	8.57015E-6	1.00003E+0	1.30823E-8
9.43718E-1	-7.41446E-3	9.74972E-6	1.00005E+0	1.15058E-8
9.44374E-1	-4.71749E-3	1.22399E-5	9.99957E-1	1.02188E-8
9.45029E-1	-6.87507E-3	1.25021E-5	1.00003E+0	9.16959E-9
9.45684E-1	-6.06598E-3	1.14535E-5	9.99916E-1	8.59480E-9
9.46340E-1	-5.52658E-3	9.74972E-6	1.00006E+0	9.23282E-9
9.46995E-1	-5.25689E-3	1.26331E-5	1.00005E+0	8.64044E-9
9.47651E-1	-4.98719E-3	8.04589E-6	1.00001E+0	7.43620E-9
9.48306E-1	-7.14476E-3	5.16250E-6	9.99954E-1	6.05510E-9
9.48961E-1	-5.25689E-3	9.22547E-6	9.99944E-1	7.70719E-9
9.49617E-1	-5.79628E-3	4.11399E-6	1.00004E+0	7.68960E-9
9.50272E-1	-6.87507E-3	2.41016E-6	1.00008E+0	5.65860E-9
9.50927E-1	-6.33567E-3	4.24505E-6	9.99935E-1	5.89916E-9
9.51583E-1	-6.33567E-3	7.25951E-6	1.00002E+0	5.37430E-9
9.52238E-1	-6.06598E-3	1.04050E-5	9.99948E-1	6.17158E-9
9.52893E-1	-6.06598E-3	1.27642E-5	1.00001E+0	6.09884E-9
9.53549E-1	-6.87507E-3	1.00118E-5	9.99990E-1	5.38048E-9
9.54204E-1	-5.25689E-3	1.30263E-5	1.00004E+0	5.34482E-9
9.54860E-1	-5.79628E-3	1.00118E-5	1.00006E+0	4.78144E-9
9.55515E-1	-5.25689E-3	1.31574E-5	9.99946E-1	6.15114E-9
9.56170E-1	-6.06598E-3	4.63824E-6	9.99931E-1	4.24041E-9
9.56826E-1	-6.87507E-3	4.44211E-7	1.00013E+0	5.21598E-9
9.57481E-1	-6.87507E-3	6.47313E-6	9.99942E-1	4.34596E-9
9.58136E-1	-4.98719E-3	8.70121E-6	9.99988E-1	4.72962E-9
9.58792E-1	-4.17810E-3	8.43908E-6	9.99976E-1	4.81853E-9
9.59447E-1	-5.79628E-3	1.25021E-5	1.00004E+0	4.43819E-9
9.60102E-1	-6.60537E-3	7.12845E-6	9.99986E-1	4.51568E-9
9.60758E-1	-7.14476E-3	1.02740E-5	1.00006E+0	5.39854E-9
9.61413E-1	-5.52658E-3	8.83228E-6	9.99971E-1	4.81805E-9
9.62068E-1	-6.87507E-3	1.98416E-5	9.99999E-1	4.66211E-9
9.62724E-1	-5.79628E-3	1.26331E-5	9.99969E-1	4.58985E-9
9.63379E-1	-4.98719E-3	2.01037E-5	9.99980E-1	3.85532E-9
9.64035E-1	-6.06598E-3	1.07982E-5	9.99992E-1	4.00698E-9
9.64690E-1	-6.60537E-3	1.14535E-5	1.00007E+0	4.04264E-9
9.65345E-1	-4.98719E-3	1.07982E-5	9.99954E-1	4.80569E-9
9.66001E-1	-7.68415E-3	1.04050E-5	1.00010E+0	4.28178E-9
9.66656E-1	-7.14476E-3	8.30802E-6	9.99857E-1	4.43201E-9
9.67311E-1	-6.87507E-3	1.82084E-7	1.00007E+0	4.30460E-9
9.67967E-1	-6.87507E-3	1.06672E-5	1.00003E+0	4.53280E-9
9.68622E-1	-6.60537E-3	6.73526E-6	1.00004E+0	3.43790E-9
9.69277E-1	-4.71749E-3	1.06672E-5	9.99933E-1	4.87796E-9
9.69933E-1	-5.52658E-3	1.74825E-5	1.00007E+0	4.04074E-9
9.70588E-1	-6.33567E-3	4.90037E-6	9.99889E-1	4.19287E-9
9.71244E-1	-5.79628E-3	9.88078E-6	1.00005E+0	4.32456E-9
9.71899E-1	-4.98719E-3	1.25021E-5	9.99969E-1	4.23423E-9
9.72554E-1	-5.79628E-3	1.09293E-5	1.00001E+0	3.14742E-9
9.73210E-1	-4.98719E-3	1.39438E-5	9.99986E-1	3.46215E-9
9.73865E-1	-6.06598E-3	1.02740E-5	1.00005E+0	4.41442E-9
9.74520E-1	-5.52658E-3	6.21101E-6	9.99995E-1	3.24631E-9
9.75176E-1	-6.33567E-3	5.29356E-6	9.99938E-1	5.10949E-9
9.75831E-1	-6.33567E-3	1.44680E-5	1.00009E+0	3.20780E-9
9.76486E-1	-6.33567E-3	9.61866E-6	9.99931E-1	4.07830E-9
9.77142E-1	-5.52658E-3	1.35506E-5	1.00003E+0	4.24802E-9
9.77797E-1	-7.14476E-3	8.96334E-6	1.00003E+0	4.70538E-9
9.78452E-1	-4.71749E-3	5.68675E-6	9.99914E-1	3.16834E-9
9.79108E-1	-6.60537E-3	1.26331E-5	1.00001E+0	3.72030E-9
9.79763E-1	-6.06598E-3	1.14535E-5	1.00010E+0	4.62836E-9
9.80419E-1	-5.52658E-3	7.12845E-6	9.99925E-1	3.11224E-9
9.81074E-1	-4.44780E-3	7.91483E-6	9.99965E-1	4.32029E-9
9.81729E-1	-6.60537E-3	7.78377E-6	1.00003E+0	4.25230E-9
9.82385E-1	-5.79628E-3	1.25021E-5	9.99997E-1	3.82775E-9
9.83040E-1	-5.79628E-3	4.37612E-6	1.00005E+0	2.94394E-9
9.83695E-1	-6.06598E-3	7.12845E-6	1.00005E+0	4.18241E-9
9.84351E-1	-4.98719E-3	9.48759E-6	9.99853E-1	4.14676E-9
9.85006E-1	-5.52658E-3	9.22547E-6	1.00015E+0	3.27341E-9
9.85661E-1	-6.87507E-3	3.06548E-6	9.99940E-1	3.82157E-9
9.86317E-1	-6.33567E-3	1.68271E-5	9.99965E-1	3.56722E-9
9.86972E-1	-6.87507E-3	1.14535E-5	9.99976E-1	4.84705E-9
9.87628E-1	-4.71749E-3	2.07591E-5	1.00007E+0	3.18783E-9
9.88283E-1	-5.25689E-3	1.18467E-5	9.99906E-1	3.89145E-9
9.88938E-1	-4.98719E-3	2.67229E-6	1.00006E+0	2.81225E-9
9.89594E-1	-5.79628E-3	7.12845E-6	9.99982E-1	4.69539E-9
9.90249E-1	-5.25689E-3	7.39058E-6	1.00009E+0	3.45502E-9
9.90904E-1	-5.52658E-3	7.65270E-6	9.99908E-1	3.43933E-9
9.91560E-1	-6.87507E-3	1.01429E-5	9.99965E-1	4.86179E-9
9.92215E-1	-4.98719E-3	4.63824E-6	1.00000E+0	3.77450E-9
9.92870E-1	-4.71749E-3	7.39058E-6	1.00005E+0	3.41508E-9
9.93526E-1	-5.25689E-3	9.35653E-6	9.99990E-1	3.02476E-9
9.94181E-1	-5.52658E-3	1.15846E-5	9.99990E-1	3.24250E-9
9.94836E-1	-4.17810E-3	2.14804E-6	1.00007E+0	4.73485E-9
9.95492E-1	-6.60537E-3	1.19778E-5	9.99963E-1	3.98892E-9
9.96147E-1	-6.33567E-3	7.65270E-6	9.99935E-1	3.05899E-9
9.96803E-1	-4.17810E-3	8.04589E-6	9.99984E-1	4.42726E-9
9.97458E-1	-5.79628E-3	3.32761E-6	1.00003E+0	2.90305E-9
9.98113E-1	-4.71749E-3	9.88078E-6	1.00002E+0	4.01792E-9
9.98769E-1	-3.63871E-3	4.24505E-6	1.00001E+0	2.73618E-9
9.99424E-1	1.99481E+0	8.70121E-6	1.05241E+0	-3.06825E-7
