## Header ##
[General info]
User	Giorgos_Psaltakis
Device	Sample
Cell area (cm2)	1
Test	Pulsed
Date	2024-03-03
Time	04:00:17
Temperature	21.36
Note	

[Acquisition Settings]
Amplitude (V)	2.000
Frequency (Hz)	10.0
DC Offset (V)	1.000
Duty Cycle (%)	80
Phase (°)	0
Cycles	10

## Data ##
Time (s)	DC Channel Voltage (V)	DC Channel Current (A)	Pulse Channel Voltage (V)	Pulse Channel Current (A)
0.00000E+0	1.99454E+0	1.45991E-5	1.00406E+0	-1.65738E-7
6.55360E-4	1.99400E+0	8.83228E-6	9.99959E-1	-1.34900E-8
1.31072E-3	1.99319E+0	4.37612E-6	9.99990E-1	-8.87553E-9
1.96608E-3	1.99238E+0	1.30263E-5	9.99961E-1	-6.99856E-9
2.62144E-3	1.99400E+0	1.22399E-5	1.00004E+0	-4.64522E-9
3.27680E-3	1.99346E+0	2.01037E-5	9.99973E-1	-5.20479E-9
3.93216E-3	1.99265E+0	1.18467E-5	1.00008E+0	-2.11122E-9
4.58752E-3	1.99319E+0	8.70121E-6	9.99969E-1	-3.41578E-9
5.24288E-3	1.99238E+0	1.63029E-5	9.99902E-1	-2.16732E-9
5.89824E-3	1.99211E+0	3.06548E-6	1.00001E+0	-1.81218E-9
6.55360E-3	1.99130E+0	7.06338E-7	1.00009E+0	-2.80772E-9
7.20896E-3	1.99454E+0	2.25939E-5	9.99952E-1	-5.64675E-10
7.86432E-3	1.99238E+0	8.57015E-6	9.99900E-1	-1.50268E-9
8.51968E-3	1.99400E+0	7.52164E-6	1.00012E+0	-5.63249E-10
9.17504E-3	1.99265E+0	1.04050E-5	1.00003E+0	-2.04466E-9
9.83040E-3	1.99265E+0	9.61866E-6	9.99938E-1	-3.20784E-10
1.04858E-2	1.99292E+0	1.05361E-5	1.00001E+0	-3.50735E-10
1.11411E-2	1.99265E+0	9.48759E-6	9.99999E-1	-1.03011E-9
1.17965E-2	1.99319E+0	6.34207E-6	9.99988E-1	5.52751E-11
1.24518E-2	1.99454E+0	1.04050E-5	1.00006E+0	-2.14765E-10
1.31072E-2	1.99184E+0	1.07982E-5	1.00001E+0	-3.74506E-10
1.37626E-2	1.99427E+0	8.96334E-6	9.99931E-1	-1.08431E-9
1.44179E-2	1.99265E+0	4.63824E-6	1.00006E+0	8.75378E-10
1.50733E-2	1.99319E+0	2.14804E-6	9.99969E-1	-1.13756E-9
1.57286E-2	1.99130E+0	2.14144E-5	1.00007E+0	1.22006E-9
1.63840E-2	1.99130E+0	1.26331E-5	9.99904E-1	-1.79583E-10
1.70394E-2	1.99373E+0	1.09293E-5	1.00005E+0	5.73485E-10
1.76947E-2	1.99346E+0	1.11914E-5	9.99997E-1	-1.22979E-9
1.83501E-2	1.99346E+0	1.43369E-5	9.99976E-1	5.72534E-10
1.90054E-2	1.99265E+0	7.52164E-6	9.99935E-1	2.32132E-10
1.96608E-2	1.99292E+0	8.37401E-7	1.00013E+0	6.77602E-10
2.03162E-2	1.99211E+0	1.05361E-5	9.99889E-1	6.09142E-10
2.09715E-2	1.99319E+0	4.63824E-6	1.00012E+0	-3.75457E-10
2.16269E-2	1.99346E+0	3.29480E-5	9.99914E-1	1.37885E-9
2.22822E-2	1.99319E+0	8.30802E-6	1.00005E+0	-4.58656E-10
2.29376E-2	1.99184E+0	8.57015E-6	9.99946E-1	2.70166E-10
2.35930E-2	1.99265E+0	6.73526E-6	9.99997E-1	1.38360E-9
2.42483E-2	1.99292E+0	1.35506E-5	9.99990E-1	-5.93016E-11
2.49037E-2	1.99184E+0	1.38127E-5	1.00010E+0	4.29908E-10
2.55590E-2	1.99292E+0	1.30263E-5	9.99944E-1	-2.97963E-10
2.62144E-2	1.99050E+0	2.22008E-5	1.00004E+0	1.37077E-9
2.68698E-2	1.99157E+0	8.70121E-6	9.99889E-1	3.50037E-10
2.75251E-2	1.99346E+0	1.13225E-5	1.00014E+0	2.32132E-10
2.81805E-2	1.99319E+0	6.07994E-6	9.99851E-1	8.34016E-10
2.88358E-2	1.99157E+0	1.13225E-5	1.00002E+0	6.02010E-10
2.94912E-2	1.99130E+0	9.48759E-6	1.00003E+0	1.45064E-9
3.01466E-2	1.99184E+0	3.19654E-6	9.99973E-1	4.63187E-10
3.08019E-2	1.99319E+0	1.93174E-5	1.00008E+0	4.86192E-11
3.14573E-2	1.99238E+0	9.35653E-6	9.99942E-1	9.64757E-10
3.21126E-2	1.99373E+0	1.40748E-5	1.00003E+0	9.37658E-10
3.27680E-2	1.99508E+0	5.68675E-6	9.99946E-1	-1.99076E-10
3.34234E-2	1.99238E+0	1.95795E-5	1.00012E+0	1.51339E-9
3.40787E-2	1.99346E+0	9.22547E-6	9.99954E-1	1.09473E-10
3.47341E-2	1.99346E+0	8.70121E-6	9.99921E-1	1.36173E-9
3.53894E-2	1.99373E+0	8.30802E-6	1.00006E+0	8.41148E-10
3.60448E-2	1.99319E+0	1.10604E-5	1.00005E+0	9.60954E-10
3.67002E-2	1.99238E+0	8.57015E-6	9.99997E-1	4.49400E-10
3.73555E-2	1.99346E+0	8.04589E-6	9.99904E-1	5.61599E-10
3.80109E-2	1.99427E+0	6.99739E-6	1.00004E+0	9.70462E-10
3.86662E-2	1.99319E+0	1.25021E-5	9.99957E-1	3.96628E-10
3.93216E-2	1.99157E+0	1.02740E-5	1.00006E+0	1.82622E-9
3.99770E-2	1.99265E+0	7.78377E-6	1.00001E+0	8.00737E-10
4.06323E-2	1.99319E+0	6.73526E-6	1.00002E+0	-5.74184E-10
4.12877E-2	1.99319E+0	9.74972E-6	9.99933E-1	1.84762E-9
4.19430E-2	1.99373E+0	1.15846E-5	1.00006E+0	3.86644E-10
4.25984E-2	1.99292E+0	1.14535E-5	9.99923E-1	1.13876E-9
4.32538E-2	1.99319E+0	7.25951E-6	9.99978E-1	6.20076E-10
4.39091E-2	1.99427E+0	7.78377E-6	1.00006E+0	6.27208E-10
4.45645E-2	1.99211E+0	1.01429E-5	9.99940E-1	1.21578E-9
4.52198E-2	1.99373E+0	1.15846E-5	1.00011E+0	1.13591E-9
4.58752E-2	1.99346E+0	9.09440E-6	9.99971E-1	1.30849E-9
4.65306E-2	1.99238E+0	7.06338E-7	9.99976E-1	4.70318E-10
4.71859E-2	1.99292E+0	9.88078E-6	9.99976E-1	1.37885E-9
4.78413E-2	1.99346E+0	7.12845E-6	1.00002E+0	6.01059E-10
4.84966E-2	1.99292E+0	8.30802E-6	9.99963E-1	1.02704E-9
4.91520E-2	1.99130E+0	1.09293E-5	1.00002E+0	8.24032E-10
4.98074E-2	1.99373E+0	9.61866E-6	1.00002E+0	2.81101E-10
5.04627E-2	1.99292E+0	8.57015E-6	1.00004E+0	2.10625E-9
5.11181E-2	1.99373E+0	9.35653E-6	9.99957E-1	7.54145E-10
5.17734E-2	1.99373E+0	1.18467E-5	9.99982E-1	4.20875E-10
5.24288E-2	1.99211E+0	1.00118E-5	1.00002E+0	5.71108E-10
5.30842E-2	1.99292E+0	1.49272E-6	1.00004E+0	2.00831E-9
5.37395E-2	1.99373E+0	8.96334E-6	1.00001E+0	-3.07472E-10
5.43949E-2	1.99238E+0	9.48759E-6	9.99963E-1	2.06916E-9
5.50502E-2	1.99427E+0	1.93174E-5	9.99940E-1	1.11166E-9
5.57056E-2	1.99265E+0	1.52544E-5	1.00007E+0	2.01230E-10
5.63610E-2	1.99211E+0	1.07982E-5	9.99990E-1	1.79342E-9
5.70163E-2	1.99211E+0	2.42978E-5	9.99982E-1	1.05366E-9
5.76717E-2	1.99238E+0	7.39058E-6	1.00000E+0	1.06792E-9
5.83270E-2	1.99238E+0	1.14535E-5	1.00002E+0	2.57329E-10
5.89824E-2	1.99238E+0	1.69582E-5	9.99992E-1	8.35918E-10
5.96378E-2	1.99319E+0	1.02740E-5	1.00004E+0	7.73638E-10
6.02931E-2	1.99157E+0	9.48759E-6	9.99940E-1	1.86853E-9
6.09485E-2	1.99265E+0	5.42462E-6	1.00007E+0	1.27283E-9
6.16038E-2	1.99077E+0	7.25951E-6	1.00001E+0	7.10882E-10
6.22592E-2	1.99238E+0	9.35653E-6	9.99893E-1	4.21350E-10
6.29146E-2	1.99238E+0	1.01429E-5	1.00010E+0	2.20846E-9
6.35699E-2	1.99211E+0	1.02740E-5	9.99929E-1	2.58280E-10
6.42253E-2	1.99104E+0	1.17157E-5	1.00008E+0	5.44484E-10
6.48806E-2	1.99427E+0	2.27910E-6	9.99923E-1	6.78553E-10
6.55360E-2	1.99346E+0	1.35506E-5	1.00004E+0	2.55932E-9
6.61914E-2	1.99265E+0	1.00118E-5	9.99952E-1	3.51938E-10
6.68467E-2	1.99265E+0	7.91483E-6	1.00006E+0	6.18650E-10
6.75021E-2	1.99319E+0	5.94888E-6	9.99929E-1	1.74207E-9
6.81574E-2	1.99157E+0	1.17157E-5	1.00012E+0	1.06697E-9
6.88128E-2	1.99292E+0	6.21101E-6	9.99910E-1	1.81262E-10
6.94682E-2	1.99292E+0	7.39058E-6	9.99999E-1	2.50465E-9
7.01235E-2	1.99238E+0	6.73526E-6	1.00003E+0	-3.25538E-10
7.07789E-2	1.99292E+0	1.48612E-5	9.99944E-1	2.45188E-9
7.14342E-2	1.99238E+0	1.49923E-5	9.99986E-1	7.09456E-10
7.20896E-2	1.99238E+0	6.47313E-6	9.99986E-1	5.85371E-10
7.27450E-2	1.99292E+0	2.54123E-6	1.00008E+0	1.09597E-9
7.34003E-2	1.99157E+0	9.48759E-6	1.00001E+0	1.75063E-9
7.40557E-2	1.99292E+0	1.10604E-5	1.00005E+0	-5.26457E-11
7.47110E-2	1.99238E+0	1.28952E-5	9.99842E-1	1.47631E-9
7.53664E-2	1.99454E+0	2.41667E-5	1.00013E+0	1.37600E-9
7.60218E-2	1.99427E+0	1.18467E-5	9.99914E-1	1.59754E-9
7.66771E-2	1.99346E+0	1.04050E-5	1.00009E+0	8.44951E-10
7.73325E-2	1.99238E+0	7.91483E-6	9.99912E-1	6.74274E-10
7.79878E-2	1.99211E+0	9.74972E-6	1.00011E+0	1.25001E-9
7.86432E-2	1.99184E+0	8.57015E-6	9.99946E-1	9.40986E-10
7.92986E-2	1.99211E+0	9.35653E-6	1.00003E+0	9.64757E-10
7.99539E-2	-6.87507E-3	1.10604E-5	9.82990E-1	-1.41214E-7
8.06093E-2	-5.25689E-3	1.61718E-5	9.99992E-1	1.54970E-8
8.12646E-2	-7.68415E-3	4.24505E-6	9.99973E-1	1.16808E-8
8.19200E-2	-5.52658E-3	1.05361E-5	9.99935E-1	9.30651E-9
8.25754E-2	-6.33567E-3	1.14535E-5	1.00006E+0	8.26914E-9
8.32307E-2	-5.25689E-3	1.30263E-5	9.99946E-1	7.00547E-9
8.38861E-2	-5.25689E-3	1.34195E-5	1.00008E+0	6.07079E-9
8.45414E-2	-7.14476E-3	9.48759E-6	9.99990E-1	6.98027E-9
8.51968E-2	-6.87507E-3	2.01037E-5	9.99988E-1	5.19887E-9
8.58522E-2	-6.33567E-3	6.34207E-6	1.00000E+0	6.21865E-9
8.65075E-2	-6.60537E-3	6.34207E-6	1.00011E+0	3.94042E-9
8.71629E-2	-6.87507E-3	1.69582E-5	9.99864E-1	4.99015E-9
8.78182E-2	-6.87507E-3	8.57015E-6	1.00004E+0	4.82851E-9
8.84736E-2	-6.60537E-3	6.73526E-6	1.00004E+0	3.09750E-9
8.91290E-2	-6.06598E-3	1.10604E-5	9.99986E-1	5.67999E-9
8.97843E-2	-5.25689E-3	3.85186E-6	9.99948E-1	2.82984E-9
9.04397E-2	-6.60537E-3	1.07982E-5	1.00009E+0	4.40396E-9
9.10950E-2	-7.68415E-3	1.53855E-5	9.99946E-1	3.55343E-9
9.17504E-2	-7.14476E-3	-4.01195E-6	9.99967E-1	2.95820E-9
9.24058E-2	-7.68415E-3	9.35653E-6	1.00009E+0	3.09322E-9
9.30611E-2	-7.14476E-3	1.17157E-5	9.99910E-1	2.86169E-9
9.37165E-2	-6.33567E-3	1.61718E-5	9.99988E-1	4.26276E-9
9.43718E-2	-5.25689E-3	1.28952E-5	9.99988E-1	3.14504E-9
9.50272E-2	-7.14476E-3	1.07982E-5	1.00015E+0	2.71906E-9
9.56826E-2	-5.79628E-3	5.75274E-7	9.99944E-1	3.86008E-9
9.63379E-2	-6.33567E-3	1.14535E-5	1.00003E+0	2.56075E-9
9.69933E-2	-6.06598E-3	1.01429E-5	9.99973E-1	2.18944E-9
9.76486E-2	-6.87507E-3	3.85186E-6	9.99929E-1	4.34929E-9
9.83040E-2	-5.79628E-3	1.09293E-5	1.00003E+0	2.97627E-9
9.89594E-2	-5.79628E-3	8.17696E-6	1.00004E+0	2.23366E-9
9.96147E-2	1.98996E+0	5.42462E-6	7.61904E-1	3.89230E-7
1.00270E-1	1.99211E+0	8.43908E-6	9.70804E-1	2.51884E-7
1.00925E-1	1.99292E+0	9.09440E-6	1.00001E+0	4.73105E-9
1.01581E-1	1.99265E+0	9.74972E-6	9.99944E-1	2.99196E-9
1.02236E-1	1.99319E+0	9.61866E-6	9.99997E-1	2.88166E-9
1.02892E-1	1.99292E+0	7.12845E-6	9.99995E-1	2.05538E-9
1.03547E-1	1.99104E+0	1.98416E-5	1.00006E+0	1.98121E-9
1.04202E-1	1.99211E+0	1.10604E-5	9.99959E-1	2.33540E-9
1.04858E-1	1.99292E+0	9.22547E-6	1.00001E+0	3.00146E-9
1.05513E-1	1.99346E+0	7.91483E-6	1.00003E+0	1.92559E-9
1.06168E-1	1.99157E+0	6.21101E-6	9.99946E-1	2.35061E-9
1.06824E-1	1.99265E+0	9.61866E-6	1.00001E+0	2.14998E-9
1.07479E-1	1.99238E+0	1.39438E-5	9.99992E-1	2.16377E-9
1.08134E-1	1.99319E+0	1.30263E-5	1.00006E+0	1.64033E-9
1.08790E-1	1.99292E+0	8.57015E-6	9.99990E-1	2.09103E-9
1.09445E-1	1.99211E+0	1.10604E-5	1.00006E+0	1.99262E-9
1.10100E-1	1.99346E+0	7.52164E-6	9.99961E-1	1.95791E-9
1.10756E-1	1.99130E+0	2.27910E-6	9.99921E-1	3.66420E-9
1.11411E-1	1.99319E+0	3.19654E-6	1.00005E+0	8.52558E-10
1.12067E-1	1.99157E+0	1.05361E-5	9.99946E-1	3.23870E-9
1.12722E-1	1.99319E+0	9.35653E-6	1.00006E+0	1.46395E-9
1.13377E-1	1.99319E+0	8.96334E-6	1.00002E+0	2.68769E-9
1.14033E-1	1.99292E+0	1.10604E-5	9.99935E-1	2.39483E-9
1.14688E-1	1.99238E+0	8.70121E-6	1.00009E+0	1.63130E-9
1.15343E-1	1.99265E+0	8.70121E-6	9.99961E-1	2.19658E-9
1.15999E-1	1.99373E+0	6.99739E-6	9.99957E-1	1.92321E-9
1.16654E-1	1.99265E+0	1.15846E-5	1.00002E+0	2.34110E-9
1.17309E-1	1.99292E+0	9.35653E-6	1.00005E+0	1.26950E-9
1.17965E-1	1.99238E+0	3.45867E-6	9.99978E-1	3.31857E-9
1.18620E-1	1.99184E+0	9.22547E-6	1.00003E+0	2.31020E-9
1.19276E-1	1.99184E+0	8.17696E-6	9.99929E-1	1.26332E-9
1.19931E-1	1.99427E+0	2.65258E-5	1.00002E+0	2.94679E-9
1.20586E-1	1.99157E+0	1.35506E-5	9.99965E-1	1.07553E-9
1.21242E-1	1.99211E+0	9.35653E-6	1.00008E+0	2.70195E-9
1.21897E-1	1.99292E+0	9.09440E-6	9.99988E-1	2.45378E-9
1.22552E-1	1.99184E+0	1.23710E-5	1.00000E+0	2.29166E-9
1.23208E-1	1.99238E+0	9.61866E-6	9.99938E-1	7.20390E-10
1.23863E-1	1.99184E+0	9.88078E-6	1.00013E+0	2.65203E-9
1.24518E-1	1.99346E+0	9.74972E-6	9.99859E-1	2.40814E-9
1.25174E-1	1.99346E+0	7.78377E-6	1.00001E+0	1.84999E-9
1.25829E-1	1.99238E+0	1.78757E-5	1.00001E+0	2.54886E-9
1.26484E-1	1.99238E+0	1.02740E-5	1.00003E+0	1.44351E-9
1.27140E-1	1.99184E+0	6.21101E-6	1.00003E+0	2.75710E-9
1.27795E-1	1.99211E+0	3.32761E-6	1.00005E+0	1.57472E-9
1.28451E-1	1.99184E+0	-4.01195E-6	9.99916E-1	2.10815E-9
1.29106E-1	1.99104E+0	1.28952E-5	1.00003E+0	2.54839E-9
1.29761E-1	1.99238E+0	1.02740E-5	1.00006E+0	1.72068E-9
1.30417E-1	1.99562E+0	9.61866E-6	9.99948E-1	2.24317E-9
1.31072E-1	1.99184E+0	1.23710E-5	9.99978E-1	9.14363E-10
1.31727E-1	1.99292E+0	1.06672E-5	9.99927E-1	2.47803E-9
1.32383E-1	1.99427E+0	5.81781E-6	1.00007E+0	3.07278E-9
1.33038E-1	1.99211E+0	1.19778E-5	1.00004E+0	9.46216E-10
1.33693E-1	1.99292E+0	1.01429E-5	9.99997E-1	1.96505E-9
1.34349E-1	1.99050E+0	7.52164E-6	1.00002E+0	2.05870E-9
1.35004E-1	1.99319E+0	4.76931E-6	9.99971E-1	1.78343E-9
1.35660E-1	1.99157E+0	3.72080E-6	9.99914E-1	2.21987E-9
1.36315E-1	1.99211E+0	1.27642E-5	1.00016E+0	2.76043E-9
1.36970E-1	1.99427E+0	2.67229E-6	9.99893E-1	2.19515E-9
1.37626E-1	1.99292E+0	8.70121E-6	1.00009E+0	1.35365E-9
1.38281E-1	1.99346E+0	7.78377E-6	9.99853E-1	1.63415E-9
1.38936E-1	1.99265E+0	3.06548E-6	1.00009E+0	2.23508E-9
1.39592E-1	1.99319E+0	9.61866E-6	9.99973E-1	1.71117E-9
1.40247E-1	1.99319E+0	7.52164E-6	1.00001E+0	3.41841E-9
1.40902E-1	1.99346E+0	1.18467E-5	1.00001E+0	7.33227E-10
1.41558E-1	1.99211E+0	1.09293E-5	9.99957E-1	2.03493E-9
1.42213E-1	1.99373E+0	8.70121E-6	1.00003E+0	2.75710E-9
1.42868E-1	1.99130E+0	4.63824E-6	9.99967E-1	1.87424E-9
1.43524E-1	1.99373E+0	1.32884E-5	1.00003E+0	8.82509E-10
1.44179E-1	1.99104E+0	1.18467E-5	9.99984E-1	3.32047E-9
1.44835E-1	1.99346E+0	7.25951E-6	1.00006E+0	1.64936E-9
1.45490E-1	1.99157E+0	1.88591E-6	9.99885E-1	1.35270E-9
1.46145E-1	1.99238E+0	3.72080E-6	1.00005E+0	3.35993E-9
1.46801E-1	1.99373E+0	7.12845E-6	1.00005E+0	1.66078E-9
1.47456E-1	1.99184E+0	1.44680E-5	9.99923E-1	1.72828E-9
1.48111E-1	1.99292E+0	9.22547E-6	1.00001E+0	1.55333E-9
1.48767E-1	1.99265E+0	8.30802E-6	1.00005E+0	1.61418E-9
1.49422E-1	1.99211E+0	1.28952E-5	9.99954E-1	2.38532E-9
1.50077E-1	1.99184E+0	1.04050E-5	1.00010E+0	2.11480E-9
1.50733E-1	1.99346E+0	2.22008E-5	9.99969E-1	2.41194E-9
1.51388E-1	1.99292E+0	5.55569E-6	9.99999E-1	1.00374E-9
1.52044E-1	1.99157E+0	8.83228E-6	9.99923E-1	2.07154E-9
1.52699E-1	1.99373E+0	8.30802E-6	1.00008E+0	1.97788E-9
1.53354E-1	1.99238E+0	6.34207E-6	9.99923E-1	1.75253E-9
1.54010E-1	1.99292E+0	1.14535E-5	1.00003E+0	1.72258E-9
1.54665E-1	1.99104E+0	7.12845E-6	9.99957E-1	2.87453E-9
1.55320E-1	1.99211E+0	7.65270E-6	1.00003E+0	1.45444E-9
1.55976E-1	1.99077E+0	9.88078E-6	9.99959E-1	2.54221E-9
1.56631E-1	1.99292E+0	9.09440E-6	1.00007E+0	9.47642E-10
1.57286E-1	1.99427E+0	8.83228E-6	9.99980E-1	2.79941E-9
1.57942E-1	1.99157E+0	1.30263E-5	9.99995E-1	1.35888E-9
1.58597E-1	1.99211E+0	-3.22557E-6	1.00006E+0	2.82223E-9
1.59252E-1	1.99104E+0	9.35653E-6	9.99954E-1	1.47108E-9
1.59908E-1	1.99292E+0	1.06672E-5	9.99938E-1	1.79532E-9
1.60563E-1	1.99292E+0	4.24505E-6	1.00004E+0	2.38865E-9
1.61219E-1	1.99427E+0	1.22399E-5	1.00010E+0	1.61418E-9
1.61874E-1	1.99265E+0	6.47313E-6	9.99866E-1	2.08200E-9
1.62529E-1	1.99454E+0	5.94888E-6	1.00009E+0	2.29689E-9
1.63185E-1	1.99346E+0	1.14535E-5	9.99978E-1	1.71687E-9
1.63840E-1	1.99184E+0	7.65270E-6	1.00004E+0	1.87091E-9
1.64495E-1	1.99319E+0	-7.35361E-7	9.99942E-1	1.20294E-9
1.65151E-1	1.99238E+0	7.91483E-6	1.00005E+0	2.25410E-9
1.65806E-1	1.99184E+0	1.36166E-6	9.99988E-1	2.26646E-9
1.66461E-1	1.99238E+0	1.00118E-5	9.99961E-1	2.43999E-9
1.67117E-1	1.99211E+0	1.47301E-5	9.99940E-1	2.05728E-9
1.67772E-1	1.99104E+0	9.35653E-6	1.00010E+0	7.97884E-10
1.68428E-1	1.99346E+0	1.11914E-5	9.99978E-1	3.26723E-9
1.69083E-1	1.99292E+0	9.88078E-6	9.99990E-1	5.73960E-10
1.69738E-1	1.99265E+0	1.35506E-5	1.00003E+0	2.40624E-9
1.70394E-1	1.99319E+0	1.02740E-5	9.99976E-1	1.32275E-9
1.71049E-1	1.99265E+0	1.07982E-5	1.00004E+0	2.94917E-9
1.71704E-1	1.99211E+0	9.22547E-6	9.99961E-1	8.46853E-10
1.72360E-1	1.99265E+0	1.17157E-5	9.99916E-1	2.60734E-9
1.73015E-1	1.99292E+0	1.07982E-5	1.00006E+0	1.96885E-9
1.73670E-1	1.99346E+0	1.14535E-5	1.00001E+0	1.62750E-9
1.74326E-1	1.99211E+0	1.23710E-5	9.99982E-1	1.43923E-9
1.74981E-1	1.99238E+0	3.13147E-7	1.00006E+0	2.52034E-9
1.75636E-1	1.99238E+0	1.00118E-5	9.99971E-1	1.80816E-9
1.76292E-1	1.99292E+0	4.76931E-6	1.00001E+0	1.72448E-9
1.76947E-1	1.99319E+0	9.09440E-6	1.00000E+0	2.71241E-9
1.77603E-1	1.99211E+0	1.06672E-5	9.99982E-1	2.41670E-9
1.78258E-1	1.99346E+0	1.43369E-5	1.00000E+0	4.96942E-10
1.78913E-1	1.99077E+0	1.19778E-5	9.99990E-1	2.86169E-9
1.79569E-1	1.99346E+0	8.96334E-6	1.20716E+0	-3.35459E-7
1.80224E-1	-5.25689E-3	8.17696E-6	1.04022E+0	-2.69516E-7
1.80879E-1	-7.95385E-3	1.73514E-5	9.99967E-1	-8.39469E-10
1.81535E-1	-6.60537E-3	1.10604E-5	9.99969E-1	5.60649E-10
1.82190E-1	-7.14476E-3	1.51233E-5	9.99984E-1	2.29261E-9
1.82845E-1	-7.14476E-3	7.91483E-6	1.00001E+0	1.51292E-9
1.83501E-1	-6.33567E-3	6.86632E-6	1.00002E+0	1.49628E-9
1.84156E-1	-8.22355E-3	9.88078E-6	9.99982E-1	2.58785E-9
1.84812E-1	-7.68415E-3	5.55569E-6	9.99969E-1	2.30307E-9
1.85467E-1	-6.60537E-3	1.14535E-5	1.00001E+0	1.81719E-9
1.86122E-1	-6.06598E-3	1.07982E-5	1.00008E+0	1.84714E-9
1.86778E-1	-5.79628E-3	6.73526E-6	9.99855E-1	2.35679E-9
1.87433E-1	-6.87507E-3	8.43908E-6	1.00013E+0	2.80179E-9
1.88088E-1	-6.33567E-3	1.55165E-5	9.99950E-1	1.88232E-9
1.88744E-1	-6.06598E-3	3.85186E-6	9.99982E-1	1.96695E-9
1.89399E-1	-7.68415E-3	1.26331E-5	1.00003E+0	1.21150E-9
1.90054E-1	-6.33567E-3	1.42059E-5	9.99997E-1	3.88052E-9
1.90710E-1	-7.41446E-3	7.91483E-6	1.00003E+0	8.14999E-10
1.91365E-1	-7.41446E-3	8.57015E-6	9.99980E-1	3.50066E-9
1.92020E-1	-5.52658E-3	1.11914E-5	1.00004E+0	6.26257E-10
1.92676E-1	-4.98719E-3	1.14535E-5	9.99982E-1	3.69463E-9
1.93331E-1	-7.14476E-3	9.22547E-6	1.00003E+0	1.68930E-9
1.93987E-1	-6.60537E-3	7.25951E-6	9.99988E-1	1.44588E-9
1.94642E-1	-7.95385E-3	2.41667E-5	9.99906E-1	3.15075E-9
1.95297E-1	-6.87507E-3	1.28952E-5	1.00005E+0	2.14713E-9
1.95953E-1	-5.52658E-3	2.15454E-5	1.00006E+0	2.04777E-9
1.96608E-1	-7.68415E-3	1.13225E-5	9.99940E-1	1.35936E-9
1.97263E-1	-4.44780E-3	5.10203E-8	9.99973E-1	3.27626E-9
1.97919E-1	-6.06598E-3	2.02348E-5	1.00008E+0	9.96611E-10
1.98574E-1	-7.41446E-3	1.05361E-5	9.99957E-1	2.00641E-9
1.99229E-1	-6.33567E-3	4.76931E-6	9.99959E-1	3.77403E-9
1.99885E-1	1.99346E+0	1.39438E-5	1.00090E+0	-1.22876E-7
2.00540E-1	1.99265E+0	9.35653E-6	9.99857E-1	-2.46995E-8
2.01196E-1	1.99265E+0	6.21101E-6	1.00004E+0	-1.53436E-8
2.01851E-1	1.99292E+0	8.70121E-6	9.99990E-1	-1.15336E-8
2.02506E-1	1.99373E+0	1.49923E-5	9.99971E-1	-9.31101E-9
2.03162E-1	1.99427E+0	1.30263E-5	9.99889E-1	-6.95387E-9
2.03817E-1	1.99211E+0	8.37401E-7	1.00017E+0	-6.00445E-9
2.04472E-1	1.99373E+0	6.86632E-6	9.99914E-1	-6.42900E-9
2.05128E-1	1.98969E+0	1.34195E-5	9.99946E-1	-3.77995E-9
2.05783E-1	1.99184E+0	6.86632E-6	1.00005E+0	-3.66585E-9
2.06438E-1	1.99346E+0	1.05361E-5	1.00006E+0	-4.99466E-9
2.07094E-1	1.99265E+0	9.35653E-6	9.99986E-1	-2.16685E-9
2.07749E-1	1.99184E+0	1.02740E-5	9.99950E-1	-2.65178E-9
2.08404E-1	1.99319E+0	6.47313E-6	9.99938E-1	-2.31708E-9
2.09060E-1	1.99265E+0	1.05361E-5	1.00006E+0	-2.53150E-9
2.09715E-1	1.99265E+0	1.23710E-5	9.99963E-1	-1.89633E-9
2.10371E-1	1.99265E+0	8.04589E-6	1.00004E+0	-2.00568E-9
2.11026E-1	1.99238E+0	6.34207E-6	7.21877E-1	7.16142E-7
2.11681E-1	1.99319E+0	5.29356E-6	9.99887E-1	3.51547E-8
2.12337E-1	1.99292E+0	1.30263E-5	9.99965E-1	1.95547E-8
2.12992E-1	1.99319E+0	1.80067E-5	1.00001E+0	1.36604E-8
2.13647E-1	1.99346E+0	9.61866E-6	1.00014E+0	1.19489E-8
2.14303E-1	1.99184E+0	7.39058E-6	9.99908E-1	1.00658E-8
2.14958E-1	1.99157E+0	1.09293E-5	1.00009E+0	7.65394E-9
2.15613E-1	1.99184E+0	2.54123E-6	9.99883E-1	7.98721E-9
2.16269E-1	1.99211E+0	1.35506E-5	1.00009E+0	7.01070E-9
2.16924E-1	1.99238E+0	1.06672E-5	9.99946E-1	6.41452E-9
2.17580E-1	1.99238E+0	5.94888E-6	1.00010E+0	5.49648E-9
2.18235E-1	1.99265E+0	1.09953E-6	9.99925E-1	5.69093E-9
2.18890E-1	1.99454E+0	1.00118E-5	1.00001E+0	4.86987E-9
2.19546E-1	1.99184E+0	1.21089E-5	1.00006E+0	3.96039E-9
2.20201E-1	1.99265E+0	1.15846E-5	9.99935E-1	5.33389E-9
2.20856E-1	1.99238E+0	1.39438E-5	1.00004E+0	3.27578E-9
2.21512E-1	1.99319E+0	9.61866E-6	9.99893E-1	4.33693E-9
2.22167E-1	1.99427E+0	4.63824E-6	1.00006E+0	4.23233E-9
2.22822E-1	1.99238E+0	1.05361E-5	1.00000E+0	3.20352E-9
2.23478E-1	1.99238E+0	1.48612E-5	1.00003E+0	1.90324E-9
2.24133E-1	1.99104E+0	1.42059E-5	9.99946E-1	4.26656E-9
2.24788E-1	1.99265E+0	3.72080E-6	1.00009E+0	3.49067E-9
2.25444E-1	1.99265E+0	7.65270E-6	9.99927E-1	2.87453E-9
2.26099E-1	1.99157E+0	9.88078E-6	1.00000E+0	2.13430E-9
2.26755E-1	1.99157E+0	1.40748E-5	1.00001E+0	2.83744E-9
2.27410E-1	1.99184E+0	9.35653E-6	9.99984E-1	3.06470E-9
2.28065E-1	1.99346E+0	9.74972E-6	9.99995E-1	2.78515E-9
2.28721E-1	1.99211E+0	1.49923E-5	1.00010E+0	2.78943E-9
2.29376E-1	1.99104E+0	1.30263E-5	9.99912E-1	1.15920E-9
2.30031E-1	1.99373E+0	1.21089E-5	1.00003E+0	3.29432E-9
2.30687E-1	1.99454E+0	4.11399E-6	1.00000E+0	2.15902E-9
2.31342E-1	1.99265E+0	1.45991E-5	9.99961E-1	2.71146E-9
2.31997E-1	1.99104E+0	2.29871E-5	1.00007E+0	3.75453E-9
2.32653E-1	1.99130E+0	1.02740E-5	9.99984E-1	1.39692E-9
2.33308E-1	1.99211E+0	2.61327E-5	1.00002E+0	3.21493E-9
2.33964E-1	1.99346E+0	1.80067E-5	9.99929E-1	2.40814E-9
2.34619E-1	1.99238E+0	1.91863E-5	1.00005E+0	2.96961E-9
2.35274E-1	1.99184E+0	1.09293E-5	1.00002E+0	2.05062E-9
2.35930E-1	1.99265E+0	1.10604E-5	9.99950E-1	2.62018E-9
2.36585E-1	1.99184E+0	1.10604E-5	1.00001E+0	1.18393E-9
2.37240E-1	1.99211E+0	1.21089E-5	1.00005E+0	2.49562E-9
2.37896E-1	1.99292E+0	1.05361E-5	9.99885E-1	1.96742E-9
2.38551E-1	1.99104E+0	7.12845E-6	1.00011E+0	2.70005E-9
2.39206E-1	1.99265E+0	8.96334E-6	9.99885E-1	2.66201E-9
2.39862E-1	1.99292E+0	8.30802E-6	1.00004E+0	2.52699E-9
2.40517E-1	1.99292E+0	5.94888E-6	9.99986E-1	1.18630E-9
2.41172E-1	1.99184E+0	9.88078E-6	1.00013E+0	2.76328E-9
2.41828E-1	1.99238E+0	2.33803E-5	9.99891E-1	1.69691E-9
2.42483E-1	1.99238E+0	1.42059E-5	1.00006E+0	3.35138E-9
2.43139E-1	1.99077E+0	7.25951E-6	9.99910E-1	1.36696E-9
2.43794E-1	1.99130E+0	9.35653E-6	1.00010E+0	2.21417E-9
2.44449E-1	1.99130E+0	9.09440E-6	9.99999E-1	2.69197E-9
2.45105E-1	1.99319E+0	7.52164E-6	9.99942E-1	1.58281E-9
2.45760E-1	1.99292E+0	4.50718E-6	9.99927E-1	2.10672E-9
2.46415E-1	1.99184E+0	1.11914E-5	1.00017E+0	1.92844E-9
2.47071E-1	1.99050E+0	1.04050E-5	9.99823E-1	2.21559E-9
2.47726E-1	1.99130E+0	6.34207E-6	1.00018E+0	1.86568E-9
2.48381E-1	1.99346E+0	1.61718E-5	9.99910E-1	2.34301E-9
2.49037E-1	1.99292E+0	1.05361E-5	1.00004E+0	1.85237E-9
2.49692E-1	1.99211E+0	1.02740E-5	9.99946E-1	3.22159E-9
2.50348E-1	1.99157E+0	1.17157E-5	1.00000E+0	1.65935E-9
2.51003E-1	1.99454E+0	3.06548E-6	1.00003E+0	2.60972E-9
2.51658E-1	1.99157E+0	8.43908E-6	9.99963E-1	1.08694E-9
2.52314E-1	1.99238E+0	1.26331E-5	1.00010E+0	2.05633E-9
2.52969E-1	1.99130E+0	9.74972E-6	9.99874E-1	1.84334E-9
2.53624E-1	1.99265E+0	1.13225E-5	1.00007E+0	2.01924E-9
2.54280E-1	1.99157E+0	4.63824E-6	9.99973E-1	2.78657E-9
2.54935E-1	1.99346E+0	7.65270E-6	1.00003E+0	1.57044E-9
2.55590E-1	1.99265E+0	1.07982E-5	9.99919E-1	2.96248E-9
2.56246E-1	1.99319E+0	1.07982E-5	1.00010E+0	6.64291E-10
2.56901E-1	1.99319E+0	6.60420E-6	9.99978E-1	2.18849E-9
2.57556E-1	1.99157E+0	9.74972E-6	9.99982E-1	3.42269E-9
2.58212E-1	1.99427E+0	8.70121E-6	9.99969E-1	1.82527E-9
2.58867E-1	1.99184E+0	1.47301E-5	1.00005E+0	9.47642E-10
2.59523E-1	1.99238E+0	1.17157E-5	9.99982E-1	2.81320E-9
2.60178E-1	1.99184E+0	1.07982E-5	1.00006E+0	1.27521E-9
2.60833E-1	1.99265E+0	1.09293E-5	9.99908E-1	2.55172E-9
2.61489E-1	1.99184E+0	8.83228E-6	1.00004E+0	1.20437E-9
2.62144E-1	1.99346E+0	7.52164E-6	1.00005E+0	3.25201E-9
2.62799E-1	1.99265E+0	1.10604E-5	9.99957E-1	2.00260E-9
2.63455E-1	1.99184E+0	6.73526E-6	9.99999E-1	1.05319E-9
2.64110E-1	1.99211E+0	9.48759E-6	1.00006E+0	2.41812E-9
2.64765E-1	1.99508E+0	1.61718E-5	9.99902E-1	1.76442E-9
2.65421E-1	1.99130E+0	9.61866E-6	9.99978E-1	2.90923E-9
2.66076E-1	1.99265E+0	1.28952E-5	1.00007E+0	2.16805E-9
2.66732E-1	1.99184E+0	6.99739E-6	9.99984E-1	1.27283E-9
2.67387E-1	1.99292E+0	1.06672E-5	1.00003E+0	2.28025E-9
2.68042E-1	1.99292E+0	1.74825E-5	9.99988E-1	9.27199E-10
2.68698E-1	1.99211E+0	8.83228E-6	9.99952E-1	3.00860E-9
2.69353E-1	1.98942E+0	3.58973E-6	9.99904E-1	1.47869E-9
2.70008E-1	1.99292E+0	1.00118E-5	1.00006E+0	2.88641E-9
2.70664E-1	1.99238E+0	8.70121E-6	1.00006E+0	1.20485E-9
2.71319E-1	1.99211E+0	7.25951E-6	1.00009E+0	2.05205E-9
2.71974E-1	1.99265E+0	9.22547E-6	9.99855E-1	2.00593E-9
2.72630E-1	1.99211E+0	9.74972E-6	1.00007E+0	2.64110E-9
2.73285E-1	1.99238E+0	7.78377E-6	9.99908E-1	2.15236E-9
2.73940E-1	1.99319E+0	9.22547E-6	1.00012E+0	1.10406E-9
2.74596E-1	1.99211E+0	1.11914E-5	9.99874E-1	1.97883E-9
2.75251E-1	1.99373E+0	1.44680E-5	1.00011E+0	2.78990E-9
2.75907E-1	1.99104E+0	1.10604E-5	9.99935E-1	1.23432E-9
2.76562E-1	1.99130E+0	8.04589E-6	9.99999E-1	2.21559E-9
2.77217E-1	1.99292E+0	1.04050E-5	9.99988E-1	2.16092E-9
2.77873E-1	1.99373E+0	1.40748E-5	1.00003E+0	1.99690E-9
2.78528E-1	1.99265E+0	1.21089E-5	9.99959E-1	1.27045E-9
2.79183E-1	1.99265E+0	9.48759E-6	1.00010E+0	2.84267E-9
2.79839E-1	-7.68415E-3	-9.97488E-7	1.26012E+0	-6.24894E-7
2.80494E-1	-7.14476E-3	3.58973E-6	1.00069E+0	-1.63437E-9
2.81149E-1	-4.71749E-3	1.68271E-5	9.99935E-1	1.51310E-10
2.81805E-1	-6.33567E-3	1.94484E-5	1.00003E+0	1.21388E-9
2.82460E-1	-5.79628E-3	6.60420E-6	9.99946E-1	1.18678E-9
2.83116E-1	-6.60537E-3	7.65270E-6	9.99990E-1	9.55249E-10
2.83771E-1	-6.33567E-3	1.07982E-5	9.99952E-1	2.40338E-9
2.84426E-1	-6.60537E-3	8.30802E-6	1.00007E+0	1.89040E-9
2.85082E-1	-5.52658E-3	5.03143E-6	9.99999E-1	1.45825E-9
2.85737E-1	-6.06598E-3	8.43908E-6	1.00000E+0	2.47232E-9
2.86392E-1	-7.95385E-3	8.70121E-6	1.00005E+0	1.78724E-9
2.87048E-1	-6.60537E-3	1.06672E-5	9.99961E-1	1.77440E-9
2.87703E-1	-7.95385E-3	9.09440E-6	1.00001E+0	1.50816E-9
2.88358E-1	-7.41446E-3	1.25021E-5	9.99940E-1	2.28691E-9
2.89014E-1	-7.14476E-3	1.19778E-5	1.00003E+0	3.13126E-9
2.89669E-1	-5.79628E-3	1.15846E-5	9.99997E-1	1.83525E-9
2.90324E-1	-6.06598E-3	1.22399E-5	9.99931E-1	1.79912E-9
2.90980E-1	-6.87507E-3	9.35653E-6	1.00005E+0	2.35299E-9
2.91635E-1	-8.49324E-3	1.00118E-5	1.00004E+0	2.21274E-9
2.92291E-1	-6.33567E-3	1.10604E-5	1.00003E+0	1.17584E-9
2.92946E-1	-6.33567E-3	1.01429E-5	9.99891E-1	2.61685E-9
2.93601E-1	-7.41446E-3	6.47313E-6	1.00004E+0	2.22177E-9
2.94257E-1	-6.06598E-3	9.48759E-6	1.00005E+0	1.33987E-9
2.94912E-1	-7.41446E-3	5.94888E-6	9.99942E-1	2.97722E-9
2.95567E-1	-5.79628E-3	3.32761E-6	1.00000E+0	1.82670E-9
2.96223E-1	-5.52658E-3	9.48759E-6	1.00011E+0	1.38693E-9
2.96878E-1	-7.41446E-3	-4.79833E-6	9.99948E-1	2.46043E-9
2.97533E-1	-7.14476E-3	1.01429E-5	9.99963E-1	2.33017E-9
2.98189E-1	-7.41446E-3	5.81781E-6	1.00006E+0	2.35537E-9
2.98844E-1	-7.14476E-3	1.07982E-5	9.99929E-1	1.63891E-9
2.99500E-1	-6.60537E-3	2.67229E-6	8.21769E-1	2.97492E-7
3.00155E-1	1.99211E+0	8.83228E-6	9.37190E-1	3.29992E-7
3.00810E-1	1.99265E+0	1.26331E-5	9.99950E-1	2.80131E-9
3.01466E-1	1.99238E+0	8.30802E-6	9.99921E-1	2.70623E-9
3.02121E-1	1.99184E+0	-4.27408E-6	1.00002E+0	1.73874E-9
3.02776E-1	1.99157E+0	1.28952E-5	1.00009E+0	6.27683E-10
3.03432E-1	1.99265E+0	1.18467E-5	9.99906E-1	2.47660E-9
3.04087E-1	1.99292E+0	7.39058E-6	1.00004E+0	5.06926E-10
3.04742E-1	1.99238E+0	6.86632E-6	9.99961E-1	2.62921E-9
3.05398E-1	1.99292E+0	6.60420E-6	9.99999E-1	1.68074E-9
3.06053E-1	1.99238E+0	1.05361E-5	1.00008E+0	1.09074E-9
3.06708E-1	1.99292E+0	1.05361E-5	9.99954E-1	2.62446E-9
3.07364E-1	1.99292E+0	5.55569E-6	9.99997E-1	9.90905E-10
3.08019E-1	1.99104E+0	1.35506E-5	1.00001E+0	1.36887E-9
3.08675E-1	1.99265E+0	8.83228E-6	1.00003E+0	1.20342E-9
3.09330E-1	1.99238E+0	1.05361E-5	9.99948E-1	3.03665E-9
3.09985E-1	1.99454E+0	1.64340E-5	1.00009E+0	5.46386E-10
3.10641E-1	1.99265E+0	1.06672E-5	9.99959E-1	2.58737E-9
3.11296E-1	1.99211E+0	1.06672E-5	1.00001E+0	5.75387E-10
3.11951E-1	1.99319E+0	2.61327E-5	9.99984E-1	2.84458E-9
3.12607E-1	1.99184E+0	-3.35663E-6	9.99980E-1	5.26418E-10
3.13262E-1	1.99184E+0	7.91483E-6	9.99965E-1	2.12859E-9
3.13917E-1	1.99265E+0	1.15846E-5	1.00003E+0	2.56408E-9
3.14573E-1	1.99211E+0	8.96334E-6	1.00001E+0	1.93604E-9
3.15228E-1	1.99346E+0	9.74972E-6	1.00001E+0	6.09142E-10
3.15884E-1	1.99157E+0	8.30802E-6	1.00003E+0	1.78201E-9
3.16539E-1	1.99238E+0	8.83228E-6	9.99910E-1	2.70147E-9
3.17194E-1	1.99130E+0	3.32761E-6	9.99982E-1	2.15949E-9
3.17850E-1	1.99454E+0	1.30263E-5	1.00014E+0	1.04035E-9
3.18505E-1	1.99130E+0	1.51233E-5	9.99965E-1	2.01116E-9
3.19160E-1	1.99373E+0	1.07982E-5	9.99908E-1	1.75491E-9
3.19816E-1	1.99211E+0	8.17696E-6	1.00013E+0	6.59536E-10
3.20471E-1	1.99319E+0	1.05361E-5	9.99842E-1	2.51273E-9
3.21126E-1	1.99238E+0	5.42462E-6	1.00006E+0	1.68550E-9
3.21782E-1	1.99265E+0	3.32761E-6	1.00005E+0	1.24621E-9
3.22437E-1	1.99184E+0	1.02740E-5	9.99986E-1	2.61209E-9
3.23092E-1	1.99211E+0	1.32884E-5	9.99973E-1	1.29422E-9
3.23748E-1	1.99292E+0	9.35653E-6	1.00004E+0	1.05746E-9
3.24403E-1	1.99292E+0	1.56476E-5	9.99988E-1	1.62940E-9
3.25059E-1	1.99211E+0	6.86632E-6	1.00001E+0	3.04188E-9
3.25714E-1	1.99157E+0	1.23710E-5	9.99982E-1	1.59374E-9
3.26369E-1	1.99265E+0	6.73526E-6	9.99997E-1	6.75701E-10
3.27025E-1	1.99130E+0	4.24505E-6	1.00004E+0	1.97931E-9
3.27680E-1	1.99130E+0	2.56084E-5	9.99963E-1	1.74968E-9
3.28335E-1	1.99211E+0	9.68465E-7	1.00000E+0	3.03665E-9
3.28991E-1	1.99130E+0	9.88078E-6	9.99973E-1	2.05508E-10
3.29646E-1	1.99104E+0	1.51233E-5	9.99999E-1	3.04853E-9
3.30301E-1	1.99265E+0	8.04589E-6	1.00006E+0	4.47498E-10
3.30957E-1	1.99130E+0	1.00118E-5	9.99908E-1	3.00907E-9
3.31612E-1	1.99292E+0	8.83228E-6	1.00007E+0	8.18803E-10
3.32268E-1	1.99211E+0	1.00118E-5	9.99948E-1	1.68645E-9
3.32923E-1	1.99157E+0	1.01429E-5	9.99967E-1	2.05252E-9
3.33578E-1	1.99400E+0	1.13225E-5	1.00015E+0	1.99262E-9
3.34234E-1	1.99050E+0	7.12845E-6	9.99838E-1	2.16995E-9
3.34889E-1	1.99292E+0	1.53855E-5	1.00016E+0	1.65935E-9
3.35544E-1	1.99184E+0	-3.22557E-6	9.99826E-1	1.62274E-9
3.36200E-1	1.99373E+0	8.17696E-6	1.00010E+0	2.41479E-9
3.36855E-1	1.99292E+0	2.41667E-5	9.99925E-1	1.72828E-9
3.37510E-1	1.99292E+0	6.07994E-6	1.00011E+0	2.03874E-9
3.38166E-1	1.99157E+0	9.35653E-6	9.99992E-1	1.04510E-9
3.38821E-1	1.99346E+0	9.88078E-6	9.99891E-1	1.20437E-9
3.39476E-1	1.99265E+0	7.25951E-6	9.99988E-1	2.53888E-9
3.40132E-1	1.99319E+0	1.28952E-5	1.00006E+0	1.40215E-9
3.40787E-1	1.99184E+0	1.09293E-5	9.99999E-1	1.76870E-9
3.41443E-1	1.99319E+0	8.17696E-6	9.99950E-1	1.28662E-9
3.42098E-1	1.99238E+0	1.02740E-5	1.00011E+0	1.92226E-9
3.42753E-1	1.99238E+0	5.94888E-6	1.00000E+0	2.01021E-9
3.43409E-1	1.99184E+0	7.78377E-6	1.00002E+0	2.35965E-9
3.44064E-1	1.99319E+0	8.70121E-6	9.99919E-1	1.42544E-9
3.44719E-1	1.99265E+0	6.86632E-6	1.00010E+0	1.71450E-9
3.45375E-1	1.99211E+0	2.58705E-5	9.99857E-1	1.76727E-9
3.46030E-1	1.99104E+0	1.02740E-5	1.00006E+0	1.95126E-9
3.46685E-1	1.99427E+0	8.57015E-6	1.00005E+0	1.62654E-9
3.47341E-1	1.99157E+0	1.17157E-5	9.99992E-1	2.26218E-9
3.47996E-1	1.99292E+0	-6.63322E-6	9.99976E-1	1.70642E-9
3.48652E-1	1.99319E+0	8.96334E-6	9.99952E-1	1.50816E-9
3.49307E-1	1.99265E+0	1.39438E-5	9.99933E-1	1.08314E-9
3.49962E-1	1.99319E+0	1.15846E-5	1.00009E+0	2.98815E-9
3.50618E-1	1.99130E+0	1.19778E-5	1.00002E+0	1.30136E-9
3.51273E-1	1.99292E+0	8.30802E-6	9.99995E-1	1.89944E-9
3.51928E-1	1.99184E+0	6.47313E-6	9.99967E-1	1.26332E-9
3.52584E-1	1.99238E+0	9.61866E-6	1.00003E+0	2.53317E-9
3.53239E-1	1.99211E+0	4.11399E-6	9.99965E-1	1.71735E-9
3.53894E-1	1.99292E+0	9.74972E-6	1.00003E+0	2.54001E-10
3.54550E-1	1.99104E+0	1.69582E-5	9.99980E-1	3.36706E-9
3.55205E-1	1.99346E+0	7.39058E-6	1.00006E+0	1.05033E-9
3.55860E-1	1.99238E+0	2.04969E-5	1.00005E+0	2.22700E-9
3.56516E-1	1.99211E+0	1.28952E-5	9.99938E-1	2.05252E-9
3.57171E-1	1.99292E+0	1.09293E-5	9.99988E-1	1.59279E-9
3.57827E-1	1.99346E+0	9.74972E-6	1.00001E+0	1.72306E-9
3.58482E-1	1.99346E+0	7.39058E-6	1.00004E+0	1.61038E-9
3.59137E-1	1.99104E+0	1.28952E-5	9.99868E-1	1.79104E-9
3.59793E-1	1.99077E+0	-1.12855E-6	1.00014E+0	1.44256E-9
3.60448E-1	1.99292E+0	8.17696E-6	9.99927E-1	1.67076E-9
3.61103E-1	1.99211E+0	1.87931E-5	1.00002E+0	2.64252E-9
3.61759E-1	1.99104E+0	1.25021E-5	9.99982E-1	1.84999E-9
3.62414E-1	1.99130E+0	1.43369E-5	1.00003E+0	5.48288E-10
3.63069E-1	1.99130E+0	7.78377E-6	9.99952E-1	3.32903E-9
3.63725E-1	1.99238E+0	8.30802E-6	1.00008E+0	6.24355E-10
3.64380E-1	1.99292E+0	1.55165E-5	9.99952E-1	1.43352E-9
3.65036E-1	1.99346E+0	2.07591E-5	9.99963E-1	2.51939E-9
3.65691E-1	1.99157E+0	1.00118E-5	1.00007E+0	1.83525E-9
3.66346E-1	1.99265E+0	5.81781E-6	9.99990E-1	7.95507E-10
3.67002E-1	1.99265E+0	7.78377E-6	9.99906E-1	2.69672E-9
3.67657E-1	1.99077E+0	1.14535E-5	1.00011E+0	1.51957E-9
3.68312E-1	1.99211E+0	1.43369E-5	9.99938E-1	2.30402E-9
3.68968E-1	1.99238E+0	1.14535E-5	1.00004E+0	1.70879E-9
3.69623E-1	1.99373E+0	6.73526E-6	9.99997E-1	1.70689E-9
3.70278E-1	1.99104E+0	1.11914E-5	9.99995E-1	1.86283E-9
3.70934E-1	1.99184E+0	5.03143E-6	9.99944E-1	9.98037E-10
3.71589E-1	1.99373E+0	1.01429E-5	1.00007E+0	2.79275E-9
3.72244E-1	1.99373E+0	9.22547E-6	9.99921E-1	8.89165E-10
3.72900E-1	1.99265E+0	6.60420E-6	1.00005E+0	1.55951E-9
3.73555E-1	1.99427E+0	1.36816E-5	9.99988E-1	1.86758E-9
3.74211E-1	1.99157E+0	2.74433E-5	1.00003E+0	9.73315E-10
3.74866E-1	1.99238E+0	1.02740E-5	9.99927E-1	2.11623E-9
3.75521E-1	1.99211E+0	1.19778E-5	1.00005E+0	2.45093E-9
3.76177E-1	1.99319E+0	1.43369E-5	1.00002E+0	2.21654E-9
3.76832E-1	1.99346E+0	1.09293E-5	1.00001E+0	1.03179E-9
3.77487E-1	1.99184E+0	1.23710E-5	9.99957E-1	1.02323E-9
3.78143E-1	1.99319E+0	1.93174E-5	1.00001E+0	1.96362E-9
3.78798E-1	1.99319E+0	3.06548E-6	9.99990E-1	3.02951E-9
3.79453E-1	1.99211E+0	2.70501E-5	1.17277E+0	-2.58697E-7
3.80109E-1	-7.41446E-3	1.04050E-5	1.07866E+0	-3.43696E-7
3.80764E-1	-6.60537E-3	1.14535E-5	1.00000E+0	-1.61583E-9
3.81420E-1	-5.79628E-3	9.88078E-6	1.00005E+0	1.26285E-9
3.82075E-1	-7.14476E-3	2.14804E-6	9.99963E-1	6.56208E-10
3.82730E-1	-7.95385E-3	1.02740E-5	9.99950E-1	2.25743E-9
3.83386E-1	-6.06598E-3	1.14535E-5	1.00005E+0	1.15825E-9
3.84041E-1	-6.87507E-3	8.37401E-7	1.00002E+0	2.68769E-9
3.84696E-1	-4.98719E-3	2.33803E-5	1.00001E+0	8.88690E-10
3.85352E-1	-8.49324E-3	1.21089E-5	9.99952E-1	2.97864E-9
3.86007E-1	-6.60537E-3	9.09440E-6	9.99992E-1	1.73256E-9
3.86662E-1	-6.87507E-3	1.35506E-5	1.00003E+0	1.93034E-9
3.87318E-1	-6.60537E-3	1.53855E-5	9.99988E-1	2.19277E-9
3.87973E-1	-6.06598E-3	7.91483E-6	1.00004E+0	1.42354E-9
3.88628E-1	-6.33567E-3	7.78377E-6	9.99950E-1	2.06251E-9
3.89284E-1	-6.06598E-3	9.35653E-6	1.00004E+0	1.54002E-9
3.89939E-1	-9.03264E-3	2.28561E-5	9.99942E-1	1.84904E-9
3.90595E-1	-6.33567E-3	1.02740E-5	1.00009E+0	2.19895E-9
3.91250E-1	-6.33567E-3	9.09440E-6	9.99940E-1	2.15759E-9
3.91905E-1	-6.87507E-3	9.74972E-6	1.00002E+0	2.13477E-9
3.92561E-1	-5.52658E-3	5.94888E-6	9.99995E-1	1.92559E-9
3.93216E-1	-6.60537E-3	1.06672E-5	1.00003E+0	-2.31695E-11
3.93871E-1	-8.22355E-3	1.62378E-6	9.99906E-1	2.82176E-9
3.94527E-1	-5.52658E-3	7.91483E-6	1.00008E+0	2.03255E-9
3.95182E-1	-5.79628E-3	1.13225E-5	9.99933E-1	1.58090E-9
3.95837E-1	-6.87507E-3	8.96334E-6	1.00002E+0	2.61732E-9
3.96493E-1	-6.87507E-3	7.52164E-6	1.00005E+0	2.70861E-9
3.97148E-1	-4.44780E-3	1.01429E-5	1.00000E+0	9.88053E-10
3.97804E-1	-7.14476E-3	9.74972E-6	9.99929E-1	2.13715E-9
3.98459E-1	-7.14476E-3	7.12845E-6	1.00002E+0	3.03427E-9
3.99114E-1	-7.41446E-3	1.09293E-5	1.00007E+0	6.68094E-10
3.99770E-1	1.99238E+0	1.11914E-5	7.28279E-1	6.43113E-7
4.00425E-1	1.99184E+0	6.99739E-6	9.99621E-1	-1.72470E-9
4.01080E-1	1.99319E+0	1.38127E-5	1.00003E+0	2.54649E-9
4.01736E-1	1.99319E+0	1.32884E-5	1.00005E+0	1.80673E-9
4.02391E-1	1.99238E+0	8.70121E-6	1.00009E+0	1.47061E-9
4.03046E-1	1.99319E+0	8.70121E-6	9.99821E-1	2.14048E-9
4.03702E-1	1.99319E+0	9.88078E-6	1.00005E+0	5.07401E-10
4.04357E-1	1.99319E+0	9.09440E-6	1.00002E+0	1.65269E-9
4.05012E-1	1.99184E+0	8.43908E-6	9.99963E-1	2.43761E-9
4.05668E-1	1.99238E+0	5.94888E-6	1.00007E+0	2.09293E-9
4.06323E-1	1.99077E+0	2.50842E-5	9.99948E-1	1.45682E-9
4.06979E-1	1.99346E+0	1.19778E-5	1.00000E+0	2.09293E-9
4.07634E-1	1.99238E+0	7.39058E-6	1.00003E+0	1.74492E-9
4.08289E-1	1.99077E+0	-2.57025E-6	9.99990E-1	5.15959E-10
4.08945E-1	1.99292E+0	1.10604E-5	9.99999E-1	2.44142E-9
4.09600E-1	1.99292E+0	1.55165E-5	9.99921E-1	1.84334E-9
4.10255E-1	1.99481E+0	4.37612E-6	1.00015E+0	1.09027E-9
4.10911E-1	1.99535E+0	1.18467E-5	9.99849E-1	1.90514E-9
4.11566E-1	1.99265E+0	3.85186E-6	1.00008E+0	2.01592E-9
4.12221E-1	1.99104E+0	9.48759E-6	1.00001E+0	1.23908E-9
4.12877E-1	1.99373E+0	2.80335E-6	9.99963E-1	1.97503E-9
4.13532E-1	1.99238E+0	1.11914E-5	9.99959E-1	1.20247E-9
4.14188E-1	1.99292E+0	1.01429E-5	1.00012E+0	2.14713E-9
4.14843E-1	1.99373E+0	7.39058E-6	9.99950E-1	1.27521E-9
4.15498E-1	1.99292E+0	1.00118E-5	1.00000E+0	2.73428E-9
4.16154E-1	1.99211E+0	1.18467E-5	1.00001E+0	5.83944E-10
4.16809E-1	1.99104E+0	9.68465E-7	9.99986E-1	2.95963E-9
4.17464E-1	1.99265E+0	1.05361E-5	9.99942E-1	8.55410E-10
4.18120E-1	1.99211E+0	9.48759E-6	1.00007E+0	2.46376E-9
4.18775E-1	1.99346E+0	1.45991E-5	9.99950E-1	7.51768E-10
4.19430E-1	1.99346E+0	1.00118E-5	1.00009E+0	1.56949E-9
4.20086E-1	1.99292E+0	9.48759E-6	9.99887E-1	2.79703E-9
4.20741E-1	1.99157E+0	8.70121E-6	1.00012E+0	8.21180E-10
4.21396E-1	1.99373E+0	1.05361E-5	9.99849E-1	2.06156E-9
4.22052E-1	1.99157E+0	1.74825E-5	1.00007E+0	1.09169E-9
4.22707E-1	1.99265E+0	1.49272E-6	1.00002E+0	2.16377E-9
4.23363E-1	1.99292E+0	1.61718E-5	9.99992E-1	2.75425E-9
4.24018E-1	1.99265E+0	2.24629E-5	9.99933E-1	8.45902E-10
4.24673E-1	1.99400E+0	9.88078E-6	1.00012E+0	2.57073E-9
4.25329E-1	1.99265E+0	7.52164E-6	9.99902E-1	1.72353E-9
4.25984E-1	1.99211E+0	1.27642E-5	1.00009E+0	1.23955E-9
4.26639E-1	1.99157E+0	2.32493E-5	9.99967E-1	2.01306E-9
4.27295E-1	1.99292E+0	1.21089E-5	9.99995E-1	9.88053E-10
4.27950E-1	1.99184E+0	6.21101E-6	9.99971E-1	2.98197E-9
4.28605E-1	1.99346E+0	1.90552E-5	1.00006E+0	1.62464E-9
4.29261E-1	1.99211E+0	8.43908E-6	9.99961E-1	1.37790E-9
4.29916E-1	1.99292E+0	1.00118E-5	9.99948E-1	1.82812E-9
4.30572E-1	1.99265E+0	9.74972E-6	1.00008E+0	7.78867E-10
4.31227E-1	1.99184E+0	1.18467E-5	9.99984E-1	1.86188E-9
4.31882E-1	1.99346E+0	1.15846E-5	9.99990E-1	2.63587E-9
4.32538E-1	1.99130E+0	9.74972E-6	9.99978E-1	1.68407E-9
4.33193E-1	1.99157E+0	7.78377E-6	1.00003E+0	1.76774E-9
4.33848E-1	1.99211E+0	6.86632E-6	9.99961E-1	1.67741E-9
4.34504E-1	1.99427E+0	1.36816E-5	1.00003E+0	1.35128E-9
4.35159E-1	1.99319E+0	1.98416E-5	1.00006E+0	1.45682E-9
4.35814E-1	1.99238E+0	1.62378E-6	9.99967E-1	2.54268E-9
4.36470E-1	1.99184E+0	7.52164E-6	1.00000E+0	2.04824E-9
4.37125E-1	1.99157E+0	-2.96344E-6	9.99902E-1	1.39216E-9
4.37780E-1	1.99238E+0	1.23059E-6	9.99990E-1	1.68217E-9
4.38436E-1	1.99238E+0	1.47301E-5	1.00004E+0	2.04919E-9
4.39091E-1	1.99454E+0	1.01429E-5	1.00002E+0	7.10407E-10
4.39747E-1	1.99238E+0	6.47313E-6	1.00006E+0	2.52699E-9
4.40402E-1	1.99184E+0	8.70121E-6	9.99857E-1	1.91465E-9
4.41057E-1	1.99238E+0	8.30802E-6	1.00009E+0	9.82348E-10
4.41713E-1	1.99184E+0	1.11914E-5	9.99999E-1	1.79152E-9
4.42368E-1	1.99184E+0	1.25021E-5	1.00001E+0	1.38455E-9
4.43023E-1	1.99211E+0	9.22547E-6	9.99980E-1	2.31163E-9
4.43679E-1	1.99157E+0	5.68675E-6	1.00007E+0	2.63444E-9
4.44334E-1	1.99319E+0	6.34207E-6	9.99885E-1	1.18583E-9
4.44989E-1	1.99211E+0	9.61866E-6	1.00006E+0	2.40101E-9
4.45645E-1	1.99346E+0	7.25951E-6	9.99982E-1	2.20371E-9
4.46300E-1	1.99265E+0	1.91863E-5	1.00006E+0	1.39834E-9
4.46956E-1	1.99238E+0	7.06338E-7	9.99916E-1	1.36173E-9
4.47611E-1	1.99184E+0	7.78377E-6	1.00014E+0	1.24003E-9
4.48266E-1	1.99292E+0	1.39438E-5	9.99872E-1	2.21987E-9
4.48922E-1	1.99373E+0	1.32884E-5	1.00005E+0	9.75217E-10
4.49577E-1	1.99454E+0	1.09293E-5	9.99967E-1	2.72715E-9
4.50232E-1	1.99265E+0	8.83228E-6	1.00002E+0	1.18203E-9
4.50888E-1	1.99373E+0	1.05361E-5	9.99971E-1	1.44208E-9
4.51543E-1	1.99346E+0	6.73526E-6	1.00008E+0	1.61799E-9
4.52198E-1	1.99211E+0	8.43908E-6	9.99999E-1	2.54506E-9
4.52854E-1	1.99346E+0	9.88078E-6	9.99923E-1	1.38313E-9
4.53509E-1	1.99157E+0	8.96334E-6	1.00005E+0	1.20627E-9
4.54164E-1	1.99157E+0	2.16765E-5	9.99927E-1	2.04444E-9
4.54820E-1	1.99211E+0	6.47313E-6	1.00004E+0	3.06470E-9
4.55475E-1	1.99104E+0	5.68675E-6	1.00008E+0	4.87434E-10
4.56131E-1	1.99265E+0	1.19778E-5	9.99944E-1	2.22225E-9
4.56786E-1	1.99211E+0	1.02740E-5	9.99999E-1	2.05442E-9
4.57441E-1	1.99319E+0	8.70121E-6	9.99921E-1	1.64651E-9
4.58097E-1	1.99211E+0	6.86632E-6	1.00005E+0	1.39264E-9
4.58752E-1	1.99211E+0	7.39058E-6	1.00001E+0	2.32209E-9
4.59407E-1	1.99292E+0	8.30802E-6	9.99986E-1	1.97503E-9
4.60063E-1	1.99265E+0	1.15846E-5	1.00004E+0	4.66040E-10
4.60718E-1	1.99184E+0	8.04589E-6	9.99976E-1	1.36887E-9
4.61373E-1	1.99292E+0	9.35653E-6	1.00006E+0	2.91636E-9
4.62029E-1	1.99130E+0	7.91483E-6	9.99988E-1	1.34890E-9
4.62684E-1	1.99292E+0	4.76931E-6	1.00003E+0	2.20085E-9
4.63340E-1	1.99157E+0	7.65270E-6	9.99969E-1	2.16520E-9
4.63995E-1	1.99319E+0	6.86632E-6	9.99961E-1	6.31486E-10
4.64650E-1	1.99211E+0	1.10604E-5	9.99992E-1	3.25391E-9
4.65306E-1	1.99184E+0	1.11914E-5	1.00006E+0	9.24346E-10
4.65961E-1	1.99050E+0	5.16250E-6	9.99925E-1	2.08105E-9
4.66616E-1	1.99346E+0	1.68271E-5	1.00004E+0	8.40197E-10
4.67272E-1	1.99130E+0	2.41016E-6	9.99973E-1	1.80388E-9
4.67927E-1	1.99238E+0	7.65270E-6	9.99978E-1	2.88784E-9
4.68582E-1	1.99157E+0	8.30802E-6	1.00005E+0	8.24508E-10
4.69238E-1	1.99184E+0	8.70121E-6	1.00002E+0	1.49200E-9
4.69893E-1	1.99265E+0	8.70121E-6	9.99929E-1	3.12888E-9
4.70548E-1	1.99292E+0	1.09293E-5	9.99978E-1	7.68408E-10
4.71204E-1	1.99130E+0	8.43908E-6	1.00006E+0	2.27312E-9
4.71859E-1	1.99050E+0	2.14144E-5	9.99973E-1	1.67409E-9
4.72515E-1	1.99265E+0	1.21089E-5	9.99982E-1	1.41165E-9
4.73170E-1	1.99373E+0	1.05361E-5	9.99986E-1	2.14190E-9
4.73825E-1	1.99130E+0	1.10604E-5	1.00007E+0	1.45254E-9
4.74481E-1	1.99265E+0	2.41016E-6	9.99923E-1	2.35251E-9
4.75136E-1	1.99130E+0	1.73514E-5	1.00011E+0	1.79009E-9
4.75791E-1	1.99211E+0	1.11914E-5	9.99866E-1	1.05604E-9
4.76447E-1	1.99104E+0	7.65270E-6	1.00011E+0	8.51607E-10
4.77102E-1	1.99265E+0	1.19778E-5	9.99973E-1	3.11462E-9
4.77757E-1	1.99265E+0	1.13225E-5	9.99984E-1	9.99939E-10
4.78413E-1	1.99454E+0	1.26331E-5	9.99984E-1	1.78058E-9
4.79068E-1	1.99292E+0	1.10604E-5	9.99980E-1	2.26836E-9
4.79724E-1	-6.60537E-3	1.04050E-5	1.26080E+0	-6.22295E-7
4.80379E-1	-5.52658E-3	5.29356E-6	1.00037E+0	8.53775E-9
4.81034E-1	-8.49324E-3	1.21089E-5	9.99984E-1	2.69006E-9
4.81690E-1	-8.22355E-3	5.94888E-6	9.99933E-1	1.80863E-9
4.82345E-1	-7.95385E-3	4.50718E-6	9.99946E-1	1.53526E-9
4.83000E-1	-8.22355E-3	1.10604E-5	1.00007E+0	3.13363E-9
4.83656E-1	-7.95385E-3	9.35653E-6	1.00005E+0	2.42858E-9
4.84311E-1	-6.60537E-3	1.21089E-5	1.00002E+0	2.58167E-9
4.84966E-1	-7.14476E-3	1.07982E-5	9.99990E-1	1.82717E-9
4.85622E-1	-6.87507E-3	1.05361E-5	9.99984E-1	2.40006E-9
4.86277E-1	-6.06598E-3	1.01429E-5	1.00001E+0	1.47821E-9
4.86932E-1	-5.79628E-3	8.43908E-6	1.00007E+0	2.00308E-9
4.87588E-1	-6.60537E-3	8.96334E-6	9.99862E-1	3.11557E-9
4.88243E-1	-5.79628E-3	1.63029E-5	1.00003E+0	1.14399E-9
4.88899E-1	-5.79628E-3	1.13225E-5	9.99954E-1	2.51701E-9
4.89554E-1	-6.87507E-3	8.70121E-6	1.00003E+0	2.81415E-9
4.90209E-1	-6.33567E-3	8.96334E-6	1.00003E+0	9.03903E-10
4.90865E-1	-6.33567E-3	-7.35361E-7	1.00002E+0	3.10701E-9
4.91520E-1	-6.06598E-3	1.06672E-5	9.99950E-1	1.95934E-9
4.92175E-1	-6.60537E-3	4.50718E-6	1.00008E+0	1.47679E-9
4.92831E-1	-4.44780E-3	3.85186E-6	9.99944E-1	3.19258E-9
4.93486E-1	-7.68415E-3	1.23710E-5	9.99906E-1	1.48582E-9
4.94141E-1	-4.98719E-3	8.30802E-6	1.00006E+0	1.73494E-9
4.94797E-1	-7.41446E-3	8.30802E-6	9.99961E-1	2.03255E-9
4.95452E-1	-6.06598E-3	6.99739E-6	1.00007E+0	2.87405E-9
4.96108E-1	-6.33567E-3	9.22547E-6	9.99948E-1	2.05633E-9
4.96763E-1	-6.87507E-3	1.04050E-5	1.00011E+0	1.46966E-9
4.97418E-1	-5.79628E-3	4.90037E-6	9.99931E-1	2.51749E-9
4.98074E-1	-5.79628E-3	8.43908E-6	9.99999E-1	1.36649E-9
4.98729E-1	-8.22355E-3	1.47301E-5	1.00006E+0	2.21131E-9
4.99384E-1	-8.49324E-3	6.73526E-6	8.57512E-1	2.20553E-7
5.00040E-1	1.99211E+0	5.55569E-6	9.13167E-1	4.02195E-7
5.00695E-1	1.99265E+0	6.60420E-6	1.00003E+0	3.07373E-9
5.01350E-1	1.99454E+0	1.01429E-5	1.00002E+0	2.13667E-9
5.02006E-1	1.99373E+0	1.02740E-5	1.00007E+0	1.65792E-9
5.02661E-1	1.99265E+0	1.15846E-5	9.99923E-1	1.60135E-9
5.03316E-1	1.99050E+0	1.10604E-5	1.00005E+0	7.84572E-10
5.03972E-1	1.99346E+0	1.48612E-5	1.00003E+0	2.28928E-9
5.04627E-1	1.99454E+0	9.74972E-6	9.99929E-1	1.44208E-9
5.05283E-1	1.99265E+0	9.61866E-6	1.00006E+0	1.05271E-9
5.05938E-1	1.99211E+0	1.09293E-5	1.00001E+0	1.45729E-9
5.06593E-1	1.99157E+0	8.30802E-6	9.99988E-1	1.73732E-9
5.07249E-1	1.99292E+0	6.47313E-6	1.00002E+0	2.15379E-9
5.07904E-1	1.99292E+0	1.35506E-5	9.99976E-1	6.83307E-10
5.08559E-1	1.99211E+0	1.38127E-5	9.99957E-1	1.96600E-9
5.09215E-1	1.99562E+0	1.77446E-5	1.00006E+0	2.32066E-9
5.09870E-1	1.99211E+0	1.89242E-5	9.99957E-1	2.52100E-10
5.10525E-1	1.99265E+0	1.00118E-5	9.99982E-1	2.73143E-9
5.11181E-1	1.99238E+0	9.09440E-6	1.00005E+0	6.44798E-10
5.11836E-1	1.99157E+0	1.69582E-5	9.99908E-1	1.63843E-9
5.12492E-1	1.99265E+0	9.61866E-6	1.00001E+0	2.14808E-9
5.13147E-1	1.99157E+0	1.15846E-5	9.99992E-1	1.61323E-9
5.13802E-1	1.99292E+0	6.21101E-6	1.00004E+0	1.34462E-9
5.14458E-1	1.99319E+0	7.52164E-6	1.00002E+0	2.50560E-9
5.15113E-1	1.99319E+0	1.68271E-5	9.99992E-1	7.73638E-10
5.15768E-1	1.99130E+0	1.10604E-5	9.99923E-1	2.06441E-9
5.16424E-1	1.99373E+0	1.09293E-5	1.00013E+0	1.73827E-9
5.17079E-1	1.99211E+0	9.74972E-6	9.99967E-1	8.58738E-10
5.17734E-1	1.98996E+0	3.72080E-6	9.99961E-1	2.65346E-9
5.18390E-1	1.99292E+0	1.10604E-5	9.99912E-1	1.25524E-9
5.19045E-1	1.99265E+0	1.30263E-5	1.00010E+0	1.85665E-9
5.19700E-1	1.99238E+0	1.78757E-5	9.99995E-1	1.44208E-9
5.20356E-1	1.99184E+0	1.17157E-5	1.00003E+0	9.20543E-10
5.21011E-1	1.99265E+0	8.30802E-6	1.00003E+0	3.05234E-9
5.21667E-1	1.99104E+0	4.37612E-6	9.99948E-1	1.91988E-9
5.22322E-1	1.99157E+0	1.00118E-5	9.99976E-1	1.09312E-9
5.22977E-1	1.99265E+0	1.43369E-5	1.00002E+0	1.42069E-9
5.23633E-1	1.99346E+0	9.35653E-6	1.00006E+0	1.63415E-9
5.24288E-1	1.99265E+0	8.70121E-6	9.99954E-1	2.65108E-9
5.24943E-1	1.99104E+0	8.70121E-6	1.00004E+0	9.75876E-11
5.25599E-1	1.99508E+0	5.55569E-6	9.99933E-1	2.75805E-9
5.26254E-1	1.99265E+0	1.53855E-5	1.00008E+0	1.69548E-9
5.26909E-1	1.99292E+0	6.60420E-6	9.99933E-1	1.19676E-9
5.27565E-1	1.99184E+0	-3.61876E-6	1.00003E+0	2.65441E-9
5.28220E-1	1.99211E+0	7.91483E-6	9.99948E-1	1.47679E-9
5.28876E-1	1.99292E+0	9.09440E-6	1.00001E+0	7.13734E-10
5.29531E-1	1.99211E+0	1.04050E-5	1.00003E+0	2.32209E-9
5.30186E-1	1.99184E+0	8.70121E-6	1.00001E+0	1.17252E-9
5.30842E-1	1.99238E+0	8.43908E-6	1.00002E+0	1.97646E-9
5.31497E-1	1.99265E+0	9.74972E-6	9.99927E-1	2.01211E-9
5.32152E-1	1.99211E+0	7.25951E-6	1.00003E+0	2.04777E-9
5.32808E-1	1.99130E+0	-3.48769E-6	9.99988E-1	1.85094E-9
5.33463E-1	1.99319E+0	1.80067E-5	9.99957E-1	1.82907E-9
5.34118E-1	1.99238E+0	1.07982E-5	1.00008E+0	1.65792E-9
5.34774E-1	1.99184E+0	7.65270E-6	9.99921E-1	1.51720E-9
5.35429E-1	1.99319E+0	6.86632E-6	1.00005E+0	9.35281E-10
5.36084E-1	1.99077E+0	1.78757E-5	1.00006E+0	2.30878E-9
5.36740E-1	1.99130E+0	8.57015E-6	9.99969E-1	1.88660E-9
5.37395E-1	1.99157E+0	1.01429E-5	9.99944E-1	1.68597E-9
5.38051E-1	1.99265E+0	1.00118E-5	1.00006E+0	1.82860E-9
5.38706E-1	1.99319E+0	1.53855E-5	9.99995E-1	4.69843E-10
5.39361E-1	1.99211E+0	1.09293E-5	9.99999E-1	2.35774E-9
5.40017E-1	1.99157E+0	1.07982E-5	1.00006E+0	1.85712E-9
5.40672E-1	1.99211E+0	9.74972E-6	9.99895E-1	2.57121E-9
5.41327E-1	1.99319E+0	8.96334E-6	1.00003E+0	1.02751E-9
5.41983E-1	1.99292E+0	1.13225E-5	9.99980E-1	1.53621E-9
5.42638E-1	1.99319E+0	8.96334E-6	1.00000E+0	2.20656E-9
5.43293E-1	1.99319E+0	8.57015E-6	9.99938E-1	1.10168E-9
5.43949E-1	1.99265E+0	6.34207E-6	1.00011E+0	1.18060E-9
5.44604E-1	1.99346E+0	4.63824E-6	9.99868E-1	2.25458E-9
5.45260E-1	1.99184E+0	8.43908E-6	1.00018E+0	1.41974E-9
5.45915E-1	1.99346E+0	1.27642E-5	9.99862E-1	1.99405E-9
5.46570E-1	1.99238E+0	2.93442E-6	1.00009E+0	1.89706E-9
5.47226E-1	1.98969E+0	1.17157E-5	9.99997E-1	1.26617E-9
5.47881E-1	1.99104E+0	8.83228E-6	9.99961E-1	2.84220E-9
5.48536E-1	1.99211E+0	5.55569E-6	9.99973E-1	3.58119E-10
5.49192E-1	1.99319E+0	9.61866E-6	1.00003E+0	1.49200E-9
5.49847E-1	1.99346E+0	1.94484E-5	9.99952E-1	2.19467E-9
5.50502E-1	1.99319E+0	5.29356E-6	1.00010E+0	1.27616E-9
5.51158E-1	1.99319E+0	1.89242E-5	9.99845E-1	1.83906E-9
5.51813E-1	1.99292E+0	7.78377E-6	1.00011E+0	1.72020E-9
5.52468E-1	1.99211E+0	4.37612E-6	9.99978E-1	2.27074E-9
5.53124E-1	1.99184E+0	1.57786E-5	1.00007E+0	1.06555E-9
5.53779E-1	1.99211E+0	3.19654E-6	9.99952E-1	1.87804E-9
5.54435E-1	1.99184E+0	1.04050E-5	9.99980E-1	2.35014E-9
5.55090E-1	1.99211E+0	1.18467E-5	9.99976E-1	1.31467E-9
5.55745E-1	1.99238E+0	1.11914E-5	1.00004E+0	1.83811E-9
5.56401E-1	1.99130E+0	9.74972E-6	1.00002E+0	1.66933E-9
5.57056E-1	1.99184E+0	1.01429E-5	9.99944E-1	1.52433E-9
5.57711E-1	1.99238E+0	6.07994E-6	1.00011E+0	1.86806E-9
5.58367E-1	1.99184E+0	1.01429E-5	9.99910E-1	1.56664E-9
5.59022E-1	1.99238E+0	3.13147E-7	1.00008E+0	2.27122E-9
5.59677E-1	1.99184E+0	1.13225E-5	9.99866E-1	1.34557E-9
5.60333E-1	1.99265E+0	8.83228E-6	1.00009E+0	1.07410E-9
5.60988E-1	1.99292E+0	1.75485E-6	1.00004E+0	1.84762E-9
5.61644E-1	1.99211E+0	9.48759E-6	9.99938E-1	3.01620E-9
5.62299E-1	1.99104E+0	8.43908E-6	9.99976E-1	8.55410E-10
5.62954E-1	1.99319E+0	-3.74982E-6	1.00007E+0	2.01687E-9
5.63610E-1	1.99346E+0	2.27250E-5	9.99895E-1	2.04397E-9
5.64265E-1	1.99130E+0	1.07982E-5	1.00005E+0	1.97741E-9
5.64920E-1	1.99184E+0	5.94888E-6	1.00001E+0	5.76338E-10
5.65576E-1	1.99265E+0	1.02740E-5	9.99944E-1	2.74046E-9
5.66231E-1	1.99130E+0	7.52164E-6	1.00005E+0	2.16710E-9
5.66886E-1	1.99373E+0	7.12845E-6	9.99992E-1	1.20104E-9
5.67542E-1	1.99373E+0	5.55569E-6	1.00001E+0	2.24507E-9
5.68197E-1	1.99130E+0	2.27910E-6	9.99990E-1	1.30944E-9
5.68852E-1	1.99211E+0	1.63029E-5	1.00006E+0	1.14637E-9
5.69508E-1	1.99265E+0	9.35653E-6	9.99916E-1	1.87519E-9
5.70163E-1	1.99265E+0	9.48759E-6	1.00006E+0	2.45711E-9
5.70819E-1	1.99238E+0	1.21089E-5	9.99969E-1	1.29850E-9
5.71474E-1	1.99211E+0	1.09293E-5	1.00002E+0	9.41462E-10
5.72129E-1	1.99077E+0	8.83228E-6	9.99935E-1	1.71022E-9
5.72785E-1	1.99104E+0	9.35653E-6	1.00008E+0	2.14095E-9
5.73440E-1	1.99130E+0	8.83228E-6	9.99971E-1	2.40861E-9
5.74095E-1	1.99077E+0	1.17157E-5	1.00001E+0	7.13734E-10
5.74751E-1	1.99238E+0	4.37612E-6	9.99997E-1	1.78201E-9
5.75406E-1	1.99184E+0	2.33803E-5	9.99999E-1	1.47584E-9
5.76061E-1	1.99211E+0	1.05361E-5	1.00003E+0	1.29232E-9
5.76717E-1	1.99023E+0	1.05361E-5	9.99973E-1	3.53489E-9
5.77372E-1	1.99292E+0	7.91483E-6	9.99967E-1	6.94242E-10
5.78028E-1	1.99157E+0	2.14144E-5	1.00003E+0	2.66201E-9
5.78683E-1	1.99184E+0	9.22547E-6	1.00003E+0	1.41070E-9
5.79338E-1	1.99373E+0	6.86632E-6	1.11917E+0	-1.83269E-7
5.79994E-1	-8.49324E-3	1.18467E-5	1.10749E+0	-3.59614E-7
5.80649E-1	-7.41446E-3	2.41016E-6	1.00019E+0	-2.67295E-8
5.81304E-1	-7.14476E-3	1.05361E-5	9.99783E-1	-6.98763E-9
5.81960E-1	-6.06598E-3	-4.73234E-7	9.99982E-1	2.29879E-9
5.82615E-1	-7.41446E-3	6.60420E-6	1.00000E+0	2.77231E-9
5.83270E-1	-7.41446E-3	1.13225E-5	1.00012E+0	1.89706E-9
5.83926E-1	-4.44780E-3	5.29356E-6	9.99902E-1	3.56246E-9
5.84581E-1	-7.68415E-3	6.47313E-6	1.00002E+0	1.77868E-9
5.85236E-1	-6.60537E-3	2.01697E-6	1.00001E+0	2.48468E-9
5.85892E-1	-6.06598E-3	1.09293E-5	1.00002E+0	2.58167E-9
5.86547E-1	-6.06598E-3	1.15846E-5	1.00000E+0	2.09008E-9
5.87203E-1	-7.14476E-3	1.05361E-5	9.99995E-1	1.43923E-9
5.87858E-1	-8.22355E-3	7.39058E-6	9.99997E-1	4.01411E-9
5.88513E-1	-8.76294E-3	1.05361E-5	9.99931E-1	1.50103E-9
5.89169E-1	-5.79628E-3	7.78377E-6	1.00005E+0	2.81320E-9
5.89824E-1	-8.49324E-3	1.23059E-6	1.00004E+0	2.29546E-9
5.90479E-1	-7.68415E-3	1.40748E-5	9.99948E-1	2.34491E-9
5.91135E-1	-7.68415E-3	1.02740E-5	1.00002E+0	5.34976E-10
5.91790E-1	-7.41446E-3	1.45991E-5	9.99990E-1	3.72030E-9
5.92445E-1	-5.79628E-3	1.09293E-5	9.99921E-1	8.74903E-10
5.93101E-1	-6.33567E-3	1.02740E-5	1.00008E+0	3.91998E-9
5.93756E-1	-6.60537E-3	1.17157E-5	1.00002E+0	8.03114E-10
5.94412E-1	-5.79628E-3	8.57015E-6	9.99999E-1	2.66249E-9
5.95067E-1	-6.33567E-3	8.30802E-6	1.00003E+0	2.33445E-9
5.95722E-1	-7.14476E-3	1.51233E-5	9.99971E-1	1.43543E-9
5.96378E-1	-7.95385E-3	8.96334E-6	9.99961E-1	2.15712E-9
5.97033E-1	-4.98719E-3	1.04050E-5	1.00004E+0	1.83335E-9
5.97688E-1	-8.49324E-3	3.72080E-6	9.99971E-1	2.40481E-9
5.98344E-1	-6.06598E-3	1.09953E-6	1.00004E+0	1.20960E-9
5.98999E-1	-6.33567E-3	6.73526E-6	9.99900E-1	3.70176E-9
5.99654E-1	1.99077E+0	1.13225E-5	7.49577E-1	6.12440E-7
6.00310E-1	1.99427E+0	2.54773E-5	1.00083E+0	-5.27658E-9
6.00965E-1	1.99427E+0	9.88078E-6	9.99982E-1	4.18527E-9
6.01620E-1	1.99319E+0	8.83228E-6	1.00006E+0	2.52319E-9
6.02276E-1	1.99292E+0	5.68675E-6	1.00002E+0	1.79675E-9
6.02931E-1	1.99238E+0	7.78377E-6	1.00000E+0	1.72401E-9
6.03587E-1	1.99211E+0	1.04050E-5	9.99946E-1	2.19658E-9
6.04242E-1	1.99346E+0	7.39058E-6	1.00006E+0	1.93842E-9
6.04897E-1	1.99292E+0	9.88078E-6	9.99933E-1	1.95031E-9
6.05553E-1	1.99238E+0	6.73526E-6	1.00001E+0	1.03940E-9
6.06208E-1	1.99130E+0	2.10212E-5	1.00003E+0	2.31686E-9
6.06863E-1	1.99211E+0	2.12833E-5	9.99944E-1	2.43191E-9
6.07519E-1	1.99319E+0	1.05361E-5	1.00002E+0	1.41831E-9
6.08174E-1	1.99265E+0	9.88078E-6	1.00005E+0	1.66981E-9
6.08829E-1	1.99104E+0	1.25021E-5	9.99929E-1	1.49580E-9
6.09485E-1	1.99211E+0	1.01429E-5	1.00001E+0	3.08752E-9
6.10140E-1	1.99373E+0	1.34195E-5	1.00002E+0	1.16348E-9
6.10796E-1	1.99184E+0	8.17696E-6	9.99997E-1	1.81814E-9
6.11451E-1	1.99292E+0	9.22547E-6	1.00000E+0	2.03446E-9
6.12106E-1	1.99265E+0	8.83228E-6	9.99997E-1	1.64841E-9
6.12762E-1	1.99319E+0	4.37612E-6	1.00002E+0	1.92749E-9
6.13417E-1	1.99265E+0	7.91483E-6	1.00003E+0	2.22225E-9
6.14072E-1	1.99265E+0	9.88078E-6	9.99973E-1	1.51435E-9
6.14728E-1	1.99265E+0	7.78377E-6	1.00008E+0	2.09341E-9
6.15383E-1	1.99211E+0	1.17157E-5	9.99870E-1	2.08200E-9
6.16038E-1	1.99211E+0	1.05361E-5	1.00006E+0	1.54572E-9
6.16694E-1	1.99319E+0	6.47313E-6	9.99973E-1	2.02257E-9
6.17349E-1	1.99157E+0	1.28952E-5	9.99980E-1	1.76727E-9
6.18004E-1	1.99184E+0	1.23710E-5	9.99952E-1	1.55285E-9
6.18660E-1	1.99319E+0	1.00118E-5	1.00009E+0	1.80816E-9
6.19315E-1	1.99427E+0	1.11914E-5	9.99938E-1	2.23794E-9
6.19971E-1	1.99211E+0	1.14535E-5	1.00011E+0	1.80435E-9
6.20626E-1	1.99319E+0	1.75485E-6	9.99906E-1	1.09835E-9
6.21281E-1	1.99157E+0	9.35653E-6	1.00004E+0	2.35584E-9
6.21937E-1	1.99508E+0	1.78757E-5	9.99946E-1	2.24459E-9
6.22592E-1	1.99104E+0	2.52152E-5	1.00008E+0	1.35270E-9
6.23247E-1	1.99319E+0	1.39438E-5	1.00000E+0	2.03921E-9
6.23903E-1	1.99238E+0	8.83228E-6	9.99946E-1	1.32893E-9
6.24558E-1	1.99211E+0	9.88078E-6	9.99946E-1	2.19182E-9
6.25213E-1	1.99104E+0	2.14144E-5	1.00010E+0	2.34396E-9
6.25869E-1	1.99238E+0	1.73514E-5	9.99923E-1	1.29375E-9
6.26524E-1	1.99130E+0	1.30263E-5	1.00006E+0	1.48677E-9
6.27180E-1	1.99104E+0	7.78377E-6	9.99942E-1	2.34681E-9
6.27835E-1	1.99157E+0	1.15846E-5	1.00005E+0	2.15569E-9
6.28490E-1	1.99238E+0	9.61866E-6	9.99973E-1	8.16901E-10
6.29146E-1	1.99077E+0	1.62378E-6	1.00005E+0	2.05538E-9
6.29801E-1	1.99157E+0	7.12845E-6	1.00001E+0	2.11385E-9
6.30456E-1	1.99238E+0	1.13225E-5	9.99971E-1	1.64984E-9
6.31112E-1	1.99184E+0	9.61866E-6	9.99927E-1	2.27027E-9
6.31767E-1	1.99157E+0	1.40748E-5	1.00000E+0	1.72496E-9
6.32422E-1	1.99238E+0	1.02740E-5	1.00006E+0	2.08438E-9
6.33078E-1	1.99427E+0	4.44211E-7	1.00001E+0	1.30611E-9
6.33733E-1	1.99238E+0	1.49923E-5	1.00001E+0	2.46471E-9
6.34388E-1	1.99184E+0	8.83228E-6	9.99988E-1	1.94270E-9
6.35044E-1	1.99319E+0	9.35653E-6	1.00001E+0	1.77820E-9
6.35699E-1	1.99292E+0	7.78377E-6	9.99938E-1	1.37314E-9
6.36355E-1	1.99238E+0	1.06672E-5	1.00005E+0	1.91845E-9
6.37010E-1	1.99157E+0	1.34195E-5	1.00003E+0	1.99928E-9
6.37665E-1	1.99104E+0	9.35653E-6	9.99944E-1	2.24745E-9
6.38321E-1	1.99184E+0	8.30802E-6	1.00006E+0	1.82480E-9
6.38976E-1	1.99211E+0	1.82084E-7	9.99925E-1	1.84001E-9
6.39631E-1	1.99265E+0	2.02348E-5	9.99990E-1	1.39787E-9
6.40287E-1	1.99346E+0	1.35506E-5	1.00004E+0	2.11433E-9
6.40942E-1	1.99238E+0	9.61866E-6	9.99988E-1	2.20133E-9
6.41597E-1	1.99319E+0	3.06548E-6	9.99969E-1	1.41165E-9
6.42253E-1	1.99427E+0	1.09293E-5	1.00003E+0	1.29898E-9
6.42908E-1	1.99130E+0	-6.04297E-7	9.99961E-1	2.30878E-9
6.43564E-1	1.99157E+0	8.70121E-6	9.99995E-1	2.18136E-9
6.44219E-1	1.99238E+0	1.01429E-5	1.00005E+0	1.22006E-9
6.44874E-1	1.99319E+0	9.61866E-6	9.99925E-1	1.50626E-9
6.45530E-1	1.99319E+0	-2.04600E-6	1.00018E+0	2.14618E-9
6.46185E-1	1.99265E+0	1.14535E-5	9.99862E-1	8.10245E-10
6.46840E-1	1.99130E+0	8.57015E-6	1.00002E+0	2.38865E-9
6.47496E-1	1.99238E+0	5.03143E-6	1.00001E+0	2.09293E-9
6.48151E-1	1.99184E+0	8.83228E-6	1.00005E+0	2.12526E-9
6.48806E-1	1.99238E+0	9.48759E-6	9.99946E-1	1.07838E-9
6.49462E-1	1.99292E+0	8.96334E-6	9.99986E-1	1.89040E-9
6.50117E-1	1.99265E+0	1.25021E-5	1.00007E+0	9.34806E-10
6.50772E-1	1.99077E+0	8.70121E-6	9.99997E-1	2.00641E-9
6.51428E-1	1.99373E+0	1.27642E-5	9.99912E-1	2.03731E-9
6.52083E-1	1.99077E+0	1.34195E-5	1.00008E+0	1.45634E-9
6.52739E-1	1.99130E+0	8.57015E-6	9.99961E-1	2.50988E-9
6.53394E-1	1.99373E+0	1.14535E-5	1.00001E+0	1.60563E-9
6.54049E-1	1.99184E+0	1.15846E-5	9.99961E-1	2.13620E-9
6.54705E-1	1.99211E+0	9.74972E-6	1.00009E+0	7.41309E-10
6.55360E-1	1.99211E+0	1.09293E-5	9.99900E-1	1.80245E-9
6.56015E-1	1.99211E+0	1.18467E-5	1.00015E+0	1.71830E-9
6.56671E-1	1.99265E+0	1.01429E-5	9.99978E-1	1.38313E-9
6.57326E-1	1.99104E+0	-3.42170E-7	9.99921E-1	2.10767E-9
6.57981E-1	1.99265E+0	1.35506E-5	9.99963E-1	2.53032E-9
6.58637E-1	1.99211E+0	8.57015E-6	1.00009E+0	1.52243E-9
6.59292E-1	1.99211E+0	1.59097E-5	9.99992E-1	2.11195E-9
6.59948E-1	1.99130E+0	1.42059E-5	9.99967E-1	1.74492E-9
6.60603E-1	1.99184E+0	1.17157E-5	9.99980E-1	1.40167E-9
6.61258E-1	1.99265E+0	1.10604E-5	9.99999E-1	2.14143E-9
6.61914E-1	1.99346E+0	3.58973E-6	1.00006E+0	7.53670E-10
6.62569E-1	1.99130E+0	1.15846E-5	9.99973E-1	1.70451E-9
6.63224E-1	1.99211E+0	7.91483E-6	9.99963E-1	2.06393E-9
6.63880E-1	1.99292E+0	1.02740E-5	1.00002E+0	2.31591E-9
6.64535E-1	1.99373E+0	2.02348E-5	1.00002E+0	1.29708E-9
6.65190E-1	1.99238E+0	-2.17706E-6	9.99942E-1	1.02799E-9
6.65846E-1	1.99346E+0	5.81781E-6	1.00006E+0	2.06441E-9
6.66501E-1	1.99130E+0	1.40748E-5	1.00004E+0	1.69691E-9
6.67156E-1	1.99319E+0	8.83228E-6	1.00005E+0	1.96124E-9
6.67812E-1	1.99211E+0	5.81781E-6	9.99921E-1	1.97883E-9
6.68467E-1	1.99238E+0	1.18467E-5	1.00003E+0	1.48249E-9
6.69123E-1	1.99077E+0	1.62378E-6	9.99967E-1	2.37438E-9
6.69778E-1	1.99211E+0	9.74972E-6	9.99942E-1	1.35650E-9
6.70433E-1	1.99238E+0	1.27642E-5	1.00002E+0	2.18802E-9
6.71089E-1	1.99292E+0	1.91863E-5	1.00003E+0	4.60335E-10
6.71744E-1	1.99184E+0	1.10604E-5	9.99997E-1	2.14048E-9
6.72399E-1	1.99265E+0	7.78377E-6	1.00007E+0	2.04064E-9
6.73055E-1	1.99454E+0	1.04050E-5	9.99889E-1	1.77012E-9
6.73710E-1	1.99238E+0	7.12845E-6	1.00004E+0	2.71431E-9
6.74365E-1	1.99319E+0	8.17696E-6	9.99959E-1	1.12735E-9
6.75021E-1	1.99373E+0	1.01429E-5	1.00005E+0	2.27122E-9
6.75676E-1	1.99157E+0	1.36816E-5	1.00000E+0	1.35032E-9
6.76332E-1	1.99454E+0	1.10604E-5	9.99925E-1	1.53241E-9
6.76987E-1	1.99265E+0	8.70121E-6	1.00000E+0	9.49544E-10
6.77642E-1	1.99238E+0	9.35653E-6	1.00009E+0	2.18136E-9
6.78298E-1	1.99265E+0	9.22547E-6	9.99965E-1	1.44731E-9
6.78953E-1	1.99211E+0	1.10604E-5	9.99980E-1	2.64157E-9
6.79608E-1	1.99184E+0	7.65270E-6	1.27551E+0	-6.18207E-7
6.80264E-1	-7.68415E-3	8.37401E-7	9.96561E-1	-1.04073E-8
6.80919E-1	-9.03264E-3	9.22547E-6	9.99961E-1	-1.52550E-9
6.81574E-1	-7.68415E-3	1.39438E-5	9.99982E-1	1.41165E-9
6.82230E-1	-7.41446E-3	7.25951E-6	1.00003E+0	1.77963E-9
6.82885E-1	-7.14476E-3	3.45867E-6	9.99999E-1	1.43875E-9
6.83540E-1	-6.60537E-3	8.43908E-6	1.00002E+0	3.69225E-9
6.84196E-1	-7.14476E-3	3.98293E-6	9.99938E-1	2.21417E-9
6.84851E-1	-5.52658E-3	8.57015E-6	9.99986E-1	2.44332E-9
6.85507E-1	-7.68415E-3	9.09440E-6	1.00003E+0	6.77602E-10
6.86162E-1	-7.68415E-3	8.43908E-6	1.00001E+0	2.32922E-9
6.86817E-1	-9.30233E-3	1.00118E-5	9.99986E-1	1.39216E-9
6.87473E-1	-6.60537E-3	7.91483E-6	1.00003E+0	2.47232E-9
6.88128E-1	-4.71749E-3	1.56476E-5	9.99986E-1	3.25677E-9
6.88783E-1	-7.41446E-3	1.19778E-5	1.00001E+0	1.50484E-9
6.89439E-1	-6.60537E-3	1.01429E-5	9.99980E-1	2.65964E-9
6.90094E-1	-6.60537E-3	9.61866E-6	9.99897E-1	1.11356E-9
6.90749E-1	-6.06598E-3	2.36425E-5	1.00010E+0	1.40452E-9
6.91405E-1	-7.14476E-3	2.93442E-6	9.99916E-1	2.82556E-9
6.92060E-1	-6.87507E-3	1.52544E-5	1.00006E+0	8.37820E-10
6.92716E-1	-6.06598E-3	9.68465E-7	1.00009E+0	3.31715E-9
6.93371E-1	-6.06598E-3	8.83228E-6	9.99963E-1	1.21863E-9
6.94026E-1	-9.84172E-3	1.91863E-5	9.99988E-1	1.91465E-9
6.94682E-1	-6.87507E-3	1.78757E-5	1.00003E+0	1.71592E-9
6.95337E-1	-7.14476E-3	9.61866E-6	9.99916E-1	3.02048E-9
6.95992E-1	-7.14476E-3	1.13225E-5	1.00002E+0	1.46110E-9
6.96648E-1	-7.14476E-3	1.10604E-5	9.99946E-1	1.90942E-9
6.97303E-1	-6.60537E-3	9.48759E-6	9.99973E-1	1.74350E-9
6.97958E-1	-6.87507E-3	1.06672E-5	1.00012E+0	3.05424E-9
6.98614E-1	-6.06598E-3	9.74972E-6	9.99990E-1	1.46443E-9
6.99269E-1	-7.41446E-3	1.02740E-5	9.12577E-1	1.31818E-7
6.99924E-1	1.99373E+0	1.32884E-5	8.18125E-1	4.98749E-7
7.00580E-1	1.99346E+0	8.96334E-6	1.00008E+0	6.07602E-9
7.01235E-1	1.99265E+0	8.96334E-6	9.99950E-1	3.00527E-9
7.01891E-1	1.99157E+0	1.01429E-5	1.00003E+0	2.66487E-9
7.02546E-1	1.99427E+0	1.89242E-5	9.99984E-1	2.83459E-9
7.03201E-1	1.99292E+0	1.11914E-5	1.00005E+0	1.88090E-9
7.03857E-1	1.99238E+0	7.91483E-6	9.99919E-1	2.29214E-9
7.04512E-1	1.99265E+0	1.38127E-5	1.00003E+0	2.29974E-9
7.05167E-1	1.99130E+0	1.32884E-5	9.99969E-1	1.71925E-9
7.05823E-1	1.99400E+0	1.00118E-5	1.00004E+0	2.08057E-9
7.06478E-1	1.99157E+0	8.70121E-6	1.00001E+0	1.18773E-9
7.07133E-1	1.99184E+0	1.07982E-5	9.99965E-1	2.81795E-9
7.07789E-1	1.99157E+0	1.15846E-5	1.00001E+0	2.06346E-9
7.08444E-1	1.99265E+0	8.43908E-6	1.00010E+0	1.48392E-9
7.09100E-1	1.99211E+0	6.86632E-6	9.99900E-1	1.96314E-9
7.09755E-1	1.99238E+0	1.14535E-5	1.00004E+0	1.42924E-9
7.10410E-1	1.99157E+0	9.61866E-6	9.99942E-1	2.90686E-9
7.11066E-1	1.99265E+0	7.65270E-6	1.00008E+0	1.27236E-9
7.11721E-1	1.99265E+0	9.61866E-6	9.99906E-1	1.80578E-9
7.12376E-1	1.99211E+0	1.00118E-5	1.00006E+0	2.36678E-9
7.13032E-1	1.99319E+0	1.83999E-5	9.99988E-1	1.64699E-9
7.13687E-1	1.99292E+0	1.91863E-5	1.00005E+0	1.86235E-9
7.14342E-1	1.99292E+0	1.43369E-5	9.99923E-1	1.70024E-9
7.14998E-1	1.99265E+0	3.58973E-6	1.00010E+0	1.85522E-9
7.15653E-1	1.99211E+0	1.48612E-5	9.99927E-1	2.45521E-9
7.16308E-1	1.99238E+0	1.05361E-5	9.99986E-1	1.43923E-9
7.16964E-1	1.99346E+0	9.48759E-6	1.00004E+0	2.15569E-9
7.17619E-1	1.99238E+0	1.15846E-5	1.00002E+0	1.56236E-9
7.18275E-1	1.99265E+0	1.77446E-5	9.99997E-1	1.95696E-9
7.18930E-1	1.99077E+0	8.30802E-6	9.99982E-1	1.70832E-9
7.19585E-1	1.99373E+0	1.06672E-5	9.99942E-1	1.67837E-9
7.20241E-1	1.99238E+0	7.91483E-6	1.00010E+0	1.36744E-9
7.20896E-1	1.98996E+0	1.93174E-5	9.99925E-1	2.18421E-9
7.21551E-1	1.99184E+0	1.35506E-5	1.00002E+0	1.64318E-9
7.22207E-1	1.99184E+0	1.06672E-5	1.00005E+0	2.22843E-9
7.22862E-1	1.99319E+0	2.67229E-6	9.99912E-1	1.56426E-9
7.23517E-1	1.99211E+0	9.35653E-6	1.00007E+0	2.30640E-9
7.24173E-1	1.99238E+0	1.19778E-5	9.99923E-1	1.39026E-9
7.24828E-1	1.99373E+0	1.97105E-5	1.00001E+0	2.31876E-9
7.25484E-1	1.98969E+0	1.21089E-5	9.99978E-1	1.78153E-9
7.26139E-1	1.99130E+0	1.04050E-5	1.00002E+0	1.95982E-9
7.26794E-1	1.99265E+0	9.48759E-6	9.99988E-1	1.23290E-9
7.27450E-1	1.99130E+0	9.22547E-6	1.00011E+0	2.03921E-9
7.28105E-1	1.99346E+0	1.32884E-5	9.99963E-1	1.98168E-9
7.28760E-1	1.99211E+0	1.19778E-5	9.99995E-1	2.07154E-9
7.29416E-1	1.99104E+0	7.65270E-6	9.99944E-1	1.65982E-9
7.30071E-1	1.99211E+0	1.18467E-5	1.00003E+0	1.55618E-9
7.30726E-1	1.99130E+0	1.21089E-5	9.99999E-1	1.44493E-9
7.31382E-1	1.99184E+0	1.04050E-5	1.00003E+0	2.16948E-9
7.32037E-1	1.99077E+0	1.44680E-5	9.99946E-1	1.49200E-9
7.32692E-1	1.99104E+0	6.60420E-6	1.00005E+0	2.11861E-9
7.33348E-1	1.99184E+0	7.52164E-6	9.99963E-1	1.89516E-9
7.34003E-1	1.99023E+0	1.17157E-5	1.00002E+0	1.90562E-9
7.34659E-1	1.99292E+0	7.78377E-6	9.99961E-1	2.24031E-9
7.35314E-1	1.99211E+0	7.25951E-6	1.00002E+0	1.55523E-9
7.35969E-1	1.99292E+0	1.98416E-5	1.00001E+0	2.11861E-9
7.36625E-1	1.99184E+0	9.35653E-6	1.00003E+0	1.22909E-9
7.37280E-1	1.99319E+0	1.18467E-5	9.99973E-1	2.33587E-9
7.37935E-1	1.99346E+0	7.25951E-6	9.99961E-1	1.14494E-9
7.38591E-1	1.99023E+0	1.14535E-5	1.00009E+0	2.15616E-9
7.39246E-1	1.98996E+0	6.07994E-6	9.99950E-1	1.91132E-9
7.39901E-1	1.99265E+0	9.61866E-6	9.99986E-1	1.99737E-9
7.40557E-1	1.99238E+0	5.68675E-6	9.99957E-1	2.03493E-9
7.41212E-1	1.99238E+0	1.21089E-5	1.00005E+0	1.26427E-9
7.41868E-1	1.99454E+0	3.19654E-6	1.00002E+0	2.30735E-9
7.42523E-1	1.99050E+0	1.19778E-5	1.00006E+0	1.01325E-9
7.43178E-1	1.99400E+0	9.48759E-6	9.99919E-1	2.57501E-9
7.43834E-1	1.99265E+0	7.78377E-6	1.00009E+0	1.76299E-9
7.44489E-1	1.99157E+0	1.15846E-5	9.99847E-1	1.59469E-9
7.45144E-1	1.99157E+0	6.73526E-6	1.00010E+0	1.63986E-9
7.45800E-1	1.99373E+0	1.00118E-5	9.99916E-1	2.01687E-9
7.46455E-1	1.99023E+0	1.17157E-5	1.00012E+0	1.91703E-9
7.47110E-1	1.99184E+0	8.04589E-6	9.99963E-1	1.61989E-9
7.47766E-1	1.99157E+0	9.74972E-6	1.00000E+0	1.90467E-9
7.48421E-1	1.99211E+0	8.83228E-6	9.99940E-1	1.80293E-9
7.49076E-1	1.99157E+0	1.00118E-5	1.00009E+0	1.52956E-9
7.49732E-1	1.99211E+0	8.70121E-6	9.99925E-1	2.56550E-9
7.50387E-1	1.99211E+0	4.11399E-6	1.00003E+0	9.36707E-10
7.51043E-1	1.99346E+0	8.04589E-6	9.99982E-1	1.86901E-9
7.51698E-1	1.99211E+0	1.23059E-6	1.00006E+0	2.72144E-9
7.52353E-1	1.99211E+0	1.44680E-5	9.99942E-1	1.21768E-9
7.53009E-1	1.99157E+0	1.38127E-5	9.99992E-1	1.95221E-9
7.53664E-1	1.99130E+0	1.07982E-5	1.00005E+0	1.98454E-9
7.54319E-1	1.99184E+0	8.70121E-6	9.99969E-1	1.24668E-9
7.54975E-1	1.99211E+0	8.17696E-6	9.99948E-1	2.66534E-9
7.55630E-1	1.99157E+0	9.35653E-6	1.00004E+0	1.30659E-9
7.56285E-1	1.99265E+0	1.48612E-5	9.99954E-1	1.57948E-9
7.56941E-1	1.99023E+0	1.36816E-5	1.00004E+0	1.78724E-9
7.57596E-1	1.99292E+0	8.04589E-6	1.00003E+0	1.87994E-9
7.58252E-1	1.99130E+0	6.47313E-6	1.00005E+0	1.98882E-9
7.58907E-1	1.99184E+0	2.67229E-6	9.99923E-1	2.42953E-9
7.59562E-1	1.99077E+0	5.42462E-6	1.00002E+0	1.04986E-9
7.60218E-1	1.99292E+0	9.88078E-6	9.99904E-1	2.08961E-9
7.60873E-1	1.99292E+0	1.22399E-5	1.00007E+0	1.94032E-9
7.61528E-1	1.99077E+0	7.91483E-6	1.00003E+0	1.65317E-9
7.62184E-1	1.99346E+0	7.39058E-6	1.00001E+0	1.55571E-9
7.62839E-1	1.99184E+0	1.43369E-5	1.00000E+0	2.16425E-9
7.63494E-1	1.99265E+0	1.32884E-5	9.99969E-1	1.34557E-9
7.64150E-1	1.99130E+0	8.57015E-6	1.00005E+0	2.19848E-9
7.64805E-1	1.99211E+0	9.61866E-6	9.99938E-1	2.41575E-9
7.65460E-1	1.99211E+0	1.47301E-5	1.00004E+0	1.73066E-9
7.66116E-1	1.99104E+0	8.04589E-6	9.99957E-1	1.05319E-9
7.66771E-1	1.99292E+0	1.73514E-5	9.99965E-1	2.61114E-9
7.67427E-1	1.99319E+0	9.22547E-6	1.00007E+0	1.71925E-9
7.68082E-1	1.99104E+0	5.68675E-6	1.00002E+0	1.37790E-9
7.68737E-1	1.99211E+0	1.45991E-5	9.99940E-1	2.11005E-9
7.69393E-1	1.99104E+0	1.21089E-5	1.00005E+0	2.10006E-9
7.70048E-1	1.99157E+0	1.86620E-5	1.00004E+0	1.56617E-9
7.70703E-1	1.99211E+0	7.52164E-6	9.99973E-1	1.28662E-9
7.71359E-1	1.99104E+0	9.22547E-6	9.99982E-1	2.19848E-9
7.72014E-1	1.99050E+0	9.61866E-6	1.00006E+0	1.69833E-9
7.72669E-1	1.99238E+0	1.27642E-5	9.99900E-1	1.63082E-9
7.73325E-1	1.99238E+0	1.31574E-5	1.00002E+0	2.29309E-9
7.73980E-1	1.99130E+0	7.78377E-6	9.99982E-1	1.49818E-9
7.74636E-1	1.99265E+0	1.39438E-5	1.00009E+0	2.06631E-9
7.75291E-1	1.99211E+0	8.17696E-6	9.99944E-1	1.60848E-9
7.75946E-1	1.99265E+0	9.35653E-6	9.99957E-1	2.21464E-9
7.76602E-1	1.99184E+0	3.45867E-6	1.00001E+0	1.02751E-9
7.77257E-1	1.99184E+0	8.96334E-6	1.00003E+0	2.57359E-9
7.77912E-1	1.99050E+0	7.91483E-6	1.00001E+0	2.19372E-9
7.78568E-1	1.99130E+0	1.14535E-5	1.00001E+0	4.45597E-10
7.79223E-1	1.99157E+0	1.15846E-5	1.06475E+0	-9.88615E-8
7.79878E-1	-7.41446E-3	1.02740E-5	1.20611E+0	-5.30464E-7
7.80534E-1	-6.87507E-3	1.25021E-5	9.99821E-1	-9.26471E-10
7.81189E-1	-7.14476E-3	7.52164E-6	1.00007E+0	2.24792E-9
7.81844E-1	-7.68415E-3	8.30802E-6	9.99916E-1	1.57377E-9
7.82500E-1	-7.95385E-3	9.74972E-6	9.99986E-1	2.43524E-9
7.83155E-1	-7.41446E-3	3.85186E-6	9.99967E-1	1.34605E-9
7.83811E-1	-6.87507E-3	1.10604E-5	1.00005E+0	2.73428E-9
7.84466E-1	-6.60537E-3	9.88078E-6	1.00004E+0	1.18345E-9
7.85121E-1	-5.52658E-3	8.70121E-6	1.00001E+0	2.41337E-9
7.85777E-1	-6.60537E-3	1.25021E-5	9.99916E-1	1.90562E-9
7.86432E-1	-7.68415E-3	1.04050E-5	1.00002E+0	2.72667E-9
7.87087E-1	-7.41446E-3	1.10604E-5	1.00005E+0	1.48677E-9
7.87743E-1	-6.06598E-3	2.23318E-5	1.00001E+0	2.89354E-9
7.88398E-1	-8.49324E-3	-1.12855E-6	1.00001E+0	1.77535E-9
7.89053E-1	-5.52658E-3	1.56476E-5	1.00003E+0	1.03655E-9
7.89709E-1	-6.33567E-3	7.91483E-6	9.99950E-1	2.29641E-9
7.90364E-1	-8.76294E-3	7.91483E-6	1.00003E+0	2.54506E-9
7.91020E-1	-7.41446E-3	9.61866E-6	9.99921E-1	2.33968E-9
7.91675E-1	-7.68415E-3	7.52164E-6	1.00007E+0	7.72211E-10
7.92330E-1	-7.41446E-3	1.06672E-5	1.00000E+0	2.13382E-9
7.92986E-1	-7.95385E-3	9.09440E-6	1.00003E+0	2.14808E-9
7.93641E-1	-5.52658E-3	3.45867E-6	9.99976E-1	2.60449E-9
7.94296E-1	-6.60537E-3	4.24505E-6	9.99954E-1	1.44684E-9
7.94952E-1	-6.06598E-3	1.05361E-5	1.00002E+0	2.26836E-9
7.95607E-1	-7.95385E-3	1.05361E-5	9.99942E-1	1.79912E-9
7.96262E-1	-6.06598E-3	1.26331E-5	1.00008E+0	1.30421E-9
7.96918E-1	-6.33567E-3	7.91483E-6	1.00000E+0	1.43210E-9
7.97573E-1	-7.95385E-3	7.39058E-6	1.00002E+0	3.55771E-9
7.98228E-1	-7.41446E-3	1.01429E-5	9.99935E-1	1.68882E-9
7.98884E-1	-7.68415E-3	8.96334E-6	9.99954E-1	1.66886E-9
7.99539E-1	-6.33567E-3	9.35653E-6	7.36008E-1	5.77582E-7
8.00195E-1	1.99427E+0	8.96334E-6	1.00537E+0	5.17151E-8
8.00850E-1	1.99319E+0	1.00118E-5	1.00007E+0	4.21141E-9
8.01505E-1	1.99238E+0	1.56476E-5	9.99969E-1	2.78325E-9
8.02161E-1	1.99184E+0	1.69582E-5	9.99969E-1	3.08324E-9
8.02816E-1	1.99157E+0	9.61866E-6	9.99971E-1	2.24222E-9
8.03471E-1	1.99265E+0	1.14535E-5	9.99997E-1	1.87757E-9
8.04127E-1	1.99292E+0	9.22547E-6	1.00004E+0	1.16016E-9
8.04782E-1	1.99238E+0	7.65270E-6	9.99990E-1	2.05918E-9
8.05437E-1	1.99373E+0	1.04050E-5	1.00007E+0	2.40861E-9
8.06093E-1	1.99238E+0	4.24505E-6	1.00000E+0	1.92036E-9
8.06748E-1	1.99184E+0	7.12845E-6	9.99921E-1	2.14713E-9
8.07404E-1	1.99184E+0	1.39438E-5	1.00004E+0	1.99690E-9
8.08059E-1	1.99211E+0	1.26331E-5	9.99986E-1	8.26885E-10
8.08714E-1	1.99346E+0	1.02740E-5	9.99999E-1	3.12032E-9
8.09370E-1	1.99157E+0	1.02740E-5	9.99927E-1	2.74920E-10
8.10025E-1	1.99130E+0	7.12845E-6	1.00009E+0	1.53146E-9
8.10680E-1	1.99211E+0	1.35506E-5	9.99986E-1	1.74255E-9
8.11336E-1	1.99184E+0	9.74972E-6	9.99980E-1	1.65697E-9
8.11991E-1	1.99184E+0	5.81781E-6	1.00002E+0	2.01829E-9
8.12646E-1	1.99427E+0	1.06672E-5	9.99961E-1	2.14285E-9
8.13302E-1	1.99373E+0	1.11914E-5	1.00002E+0	8.50656E-10
8.13957E-1	1.99211E+0	3.58973E-6	9.99988E-1	2.45425E-9
8.14612E-1	1.99130E+0	1.14535E-5	1.00009E+0	1.30991E-9
8.15268E-1	1.99265E+0	9.35653E-6	9.99967E-1	1.99167E-9
8.15923E-1	1.99238E+0	1.06672E-5	1.00001E+0	1.57520E-9
8.16579E-1	1.99265E+0	9.22547E-6	9.99973E-1	6.36716E-10
8.17234E-1	1.99184E+0	7.52164E-6	9.99967E-1	2.90495E-9
8.17889E-1	1.99157E+0	1.61718E-5	1.00006E+0	4.56531E-10
8.18545E-1	1.99373E+0	1.42059E-5	9.99961E-1	2.85646E-9
8.19200E-1	1.99238E+0	9.61866E-6	1.00001E+0	1.44398E-9
8.19855E-1	1.99211E+0	1.62378E-6	9.99906E-1	9.23396E-10
8.20511E-1	1.99319E+0	8.17696E-6	1.00002E+0	2.22748E-9
8.21166E-1	1.99157E+0	1.09293E-5	1.00009E+0	5.98682E-10
8.21821E-1	1.99265E+0	9.35653E-6	9.99997E-1	1.78914E-9
8.22477E-1	1.99130E+0	1.01429E-5	1.00004E+0	2.36440E-9
8.23132E-1	1.99238E+0	9.88078E-6	9.99914E-1	1.72353E-9
8.23788E-1	1.99050E+0	1.31574E-5	1.00000E+0	2.15379E-9
8.24443E-1	1.99184E+0	8.70121E-6	1.00005E+0	1.41356E-9
8.25098E-1	1.99211E+0	-2.96344E-6	9.99910E-1	9.63806E-10
8.25754E-1	1.99292E+0	1.05361E-5	1.00004E+0	2.32399E-9
8.26409E-1	1.99130E+0	6.99739E-6	9.99895E-1	9.69987E-10
8.27064E-1	1.99238E+0	1.04050E-5	1.00009E+0	1.69501E-9
8.27720E-1	1.99292E+0	1.25021E-5	1.00005E+0	2.27407E-9
8.28375E-1	1.99130E+0	1.11914E-5	1.00000E+0	7.28473E-10
8.29030E-1	1.99184E+0	1.04050E-5	1.00002E+0	2.31258E-9
8.29686E-1	1.99184E+0	1.09953E-6	9.99942E-1	2.12289E-9
8.30341E-1	1.99238E+0	7.91483E-6	1.00006E+0	1.61846E-9
8.30996E-1	1.99157E+0	1.22399E-5	9.99963E-1	7.67933E-10
8.31652E-1	1.99238E+0	8.57015E-6	9.99999E-1	2.65441E-9
8.32307E-1	1.99265E+0	7.65270E-6	9.99986E-1	1.54953E-9
8.32963E-1	1.99104E+0	4.44211E-7	1.00002E+0	2.14048E-9
8.33618E-1	1.99023E+0	1.11914E-5	9.99978E-1	1.10976E-9
8.34273E-1	1.99023E+0	4.24505E-6	1.00003E+0	8.40672E-10
8.34929E-1	1.99211E+0	1.30263E-5	1.00002E+0	2.67295E-9
8.35584E-1	1.99238E+0	8.57015E-6	1.00001E+0	8.13098E-10
8.36239E-1	1.99050E+0	8.57015E-6	9.99952E-1	1.93700E-9
8.36895E-1	1.99319E+0	6.99739E-6	1.00007E+0	2.02780E-9
8.37550E-1	1.99238E+0	7.78377E-6	9.99925E-1	1.88803E-9
8.38205E-1	1.99157E+0	9.35653E-6	1.00000E+0	1.51387E-9
8.38861E-1	1.99211E+0	7.12845E-6	1.00007E+0	1.14019E-9
8.39516E-1	1.99130E+0	6.47313E-6	9.99946E-1	2.62018E-9
8.40172E-1	1.99481E+0	-4.14301E-6	1.00006E+0	1.16871E-9
8.40827E-1	1.99238E+0	1.43369E-5	9.99908E-1	2.07772E-9
8.41482E-1	1.99319E+0	1.01429E-5	9.99959E-1	1.47631E-9
8.42138E-1	1.99130E+0	9.09440E-6	1.00008E+0	7.80769E-10
8.42793E-1	1.99238E+0	1.19778E-5	9.99940E-1	1.95649E-9
8.43448E-1	1.99238E+0	8.30802E-6	1.00005E+0	2.49562E-9
8.44104E-1	1.99373E+0	1.02740E-5	9.99919E-1	8.32590E-10
8.44759E-1	1.99427E+0	1.01429E-5	1.00011E+0	1.35936E-9
8.45414E-1	1.99157E+0	1.28952E-5	9.99906E-1	1.90324E-9
8.46070E-1	1.99157E+0	9.22547E-6	1.00007E+0	1.83383E-9
8.46725E-1	1.99211E+0	6.86632E-6	9.99946E-1	1.40975E-9
8.47380E-1	1.99130E+0	1.05361E-5	1.00006E+0	1.58661E-9
8.48036E-1	1.99292E+0	1.26331E-5	9.99944E-1	2.27407E-9
8.48691E-1	1.99292E+0	8.70121E-6	1.00006E+0	1.25714E-9
8.49347E-1	1.99319E+0	1.02740E-5	1.00001E+0	2.75472E-9
8.50002E-1	1.99130E+0	1.11914E-5	1.00002E+0	8.10721E-10
8.50657E-1	1.98915E+0	1.11914E-5	9.99963E-1	2.34158E-9
8.51313E-1	1.99319E+0	1.00118E-5	9.99950E-1	1.43162E-9
8.51968E-1	1.99292E+0	9.88078E-6	9.99957E-1	1.36411E-9
8.52623E-1	1.99427E+0	9.88078E-6	1.00008E+0	1.54572E-9
8.53279E-1	1.99157E+0	1.07982E-5	9.99959E-1	2.89164E-9
8.53934E-1	1.99211E+0	8.96334E-6	1.00006E+0	3.31971E-10
8.54589E-1	1.99130E+0	8.83228E-6	9.99969E-1	1.97788E-9
8.55245E-1	1.99157E+0	1.36816E-5	9.99980E-1	2.21369E-9
8.55900E-1	1.99211E+0	1.25021E-5	1.00001E+0	1.73399E-9
8.56556E-1	1.99319E+0	1.32884E-5	1.00004E+0	1.53194E-9
8.57211E-1	1.99104E+0	1.00118E-5	9.99927E-1	1.71117E-9
8.57866E-1	1.99130E+0	8.96334E-6	1.00007E+0	1.91322E-9
8.58522E-1	1.99184E+0	8.83228E-6	9.99900E-1	1.23385E-9
8.59177E-1	1.99211E+0	1.01429E-5	1.00009E+0	1.44826E-9
8.59832E-1	1.99077E+0	1.11914E-5	1.00001E+0	1.38028E-9
8.60488E-1	1.99023E+0	9.22547E-6	9.99948E-1	2.72620E-9
8.61143E-1	1.99292E+0	1.10604E-5	1.00002E+0	9.09608E-10
8.61798E-1	1.99157E+0	1.07982E-5	9.99995E-1	1.44874E-9
8.62454E-1	1.99130E+0	1.47301E-5	1.00002E+0	1.84667E-9
8.63109E-1	1.99104E+0	7.25951E-6	9.99999E-1	1.88232E-9
8.63764E-1	1.99050E+0	8.17696E-6	1.00004E+0	2.19610E-9
8.64420E-1	1.99104E+0	4.50718E-6	9.99976E-1	8.21655E-10
8.65075E-1	1.99023E+0	8.96334E-6	1.00004E+0	2.00403E-9
8.65731E-1	1.99157E+0	1.39438E-5	9.99946E-1	1.41023E-9
8.66386E-1	1.99292E+0	-2.11107E-7	1.00004E+0	2.43334E-9
8.67041E-1	1.99130E+0	8.57015E-6	9.99948E-1	1.67123E-9
8.67697E-1	1.99157E+0	6.86632E-6	9.99980E-1	1.67266E-9
8.68352E-1	1.99265E+0	9.74972E-6	9.99992E-1	1.85237E-9
8.69007E-1	1.99211E+0	-4.73234E-7	1.00003E+0	1.68597E-9
8.69663E-1	1.99211E+0	1.18467E-5	1.00001E+0	1.41926E-9
8.70318E-1	1.99157E+0	9.88078E-6	1.00002E+0	1.11309E-9
8.70973E-1	1.99184E+0	7.39058E-6	9.99933E-1	2.06346E-9
8.71629E-1	1.99346E+0	6.60420E-6	1.00009E+0	1.69738E-9
8.72284E-1	1.99319E+0	2.60016E-5	9.99862E-1	1.66648E-9
8.72940E-1	1.99077E+0	1.63029E-5	1.00007E+0	2.39102E-9
8.73595E-1	1.99238E+0	1.13225E-5	9.99992E-1	1.36887E-9
8.74250E-1	1.99157E+0	1.01429E-5	1.00008E+0	6.65717E-10
8.74906E-1	1.99077E+0	6.21101E-6	9.99925E-1	2.92017E-9
8.75561E-1	1.99292E+0	8.43908E-6	9.99995E-1	9.59052E-10
8.76216E-1	1.99104E+0	1.04050E-5	9.99950E-1	1.64223E-9
8.76872E-1	1.99211E+0	6.34207E-6	1.00006E+0	1.97123E-9
8.77527E-1	1.99157E+0	1.35506E-5	1.00001E+0	1.82052E-9
8.78182E-1	1.99157E+0	7.52164E-6	1.00001E+0	1.68978E-9
8.78838E-1	1.99184E+0	5.42462E-6	1.00005E+0	1.68930E-9
8.79493E-1	1.99184E+0	1.51233E-5	1.27394E+0	-5.46486E-7
8.80148E-1	-6.06598E-3	9.22547E-6	9.94705E-1	-7.47609E-8
8.80804E-1	-5.79628E-3	1.07982E-5	9.99976E-1	5.82993E-10
8.81459E-1	-7.68415E-3	1.69582E-5	1.00008E+0	1.39739E-9
8.82115E-1	-7.41446E-3	1.15846E-5	9.99929E-1	2.74188E-9
8.82770E-1	-8.22355E-3	1.34195E-5	9.99982E-1	2.48944E-9
8.83425E-1	-8.76294E-3	1.15846E-5	1.00001E+0	8.61115E-10
8.84081E-1	-6.33567E-3	1.14535E-5	1.00001E+0	3.41556E-9
8.84736E-1	-7.68415E-3	1.04050E-5	1.00002E+0	1.10215E-9
8.85391E-1	-6.60537E-3	4.90037E-6	9.99992E-1	1.99072E-9
8.86047E-1	-7.68415E-3	1.31574E-5	1.00001E+0	2.36915E-9
8.86702E-1	-9.30233E-3	3.32761E-6	9.99946E-1	3.26390E-9
8.87357E-1	-7.14476E-3	8.04589E-6	1.00003E+0	1.53336E-9
8.88013E-1	-8.22355E-3	1.10604E-5	9.99992E-1	1.16063E-9
8.88668E-1	-7.68415E-3	1.13225E-5	1.00006E+0	2.12336E-9
8.89324E-1	-5.79628E-3	1.49272E-6	1.00000E+0	1.79865E-9
8.89979E-1	-6.33567E-3	1.18467E-5	1.00005E+0	2.65108E-9
8.90634E-1	-5.25689E-3	1.14535E-5	9.99849E-1	2.42335E-9
8.91290E-1	-6.60537E-3	1.21089E-5	1.00010E+0	1.58994E-9
8.91945E-1	-6.06598E-3	6.47313E-6	9.99995E-1	1.37790E-9
8.92600E-1	-7.14476E-3	8.57015E-6	9.99946E-1	2.63872E-9
8.93256E-1	-5.25689E-3	7.78377E-6	1.00000E+0	1.99500E-9
8.93911E-1	-7.95385E-3	6.21101E-6	1.00002E+0	1.36031E-9
8.94566E-1	-6.60537E-3	1.88591E-6	9.99971E-1	2.99148E-9
8.95222E-1	-6.60537E-3	1.25021E-5	1.00001E+0	1.73637E-9
8.95877E-1	-6.06598E-3	1.63029E-5	9.99976E-1	1.11119E-9
8.96532E-1	-7.68415E-3	8.70121E-6	1.00009E+0	2.23604E-9
8.97188E-1	-6.33567E-3	1.15846E-5	1.00000E+0	2.28976E-9
8.97843E-1	-6.06598E-3	2.14804E-6	9.99965E-1	2.26266E-9
8.98499E-1	-6.60537E-3	1.02740E-5	9.99948E-1	6.67143E-10
8.99154E-1	-6.87507E-3	8.57015E-6	9.68861E-1	5.22828E-8
8.99809E-1	1.99211E+0	1.00118E-5	7.62449E-1	5.73426E-7
9.00465E-1	1.99346E+0	1.07982E-5	1.00017E+0	7.98959E-9
9.01120E-1	1.99184E+0	-1.52174E-6	1.00010E+0	3.02904E-9
9.01775E-1	1.99346E+0	1.05361E-5	9.99959E-1	1.71402E-9
9.02431E-1	1.99265E+0	1.09293E-5	1.00002E+0	2.97960E-9
9.03086E-1	1.99104E+0	1.02740E-5	9.99973E-1	1.85998E-9
9.03741E-1	1.99373E+0	1.14535E-5	9.99986E-1	1.91275E-9
9.04397E-1	1.99211E+0	5.68675E-6	1.00001E+0	2.41004E-9
9.05052E-1	1.99211E+0	6.99739E-6	1.00000E+0	1.94508E-9
9.05708E-1	1.99265E+0	8.57015E-6	1.00002E+0	2.38912E-9
9.06363E-1	1.99130E+0	1.11914E-5	9.99963E-1	1.27901E-9
9.07018E-1	1.99238E+0	6.86632E-6	9.99952E-1	2.27312E-9
9.07674E-1	1.99184E+0	1.22399E-5	1.00004E+0	4.13743E-10
9.08329E-1	1.99400E+0	2.93442E-6	1.00008E+0	2.22177E-9
9.08984E-1	1.99211E+0	9.22547E-6	9.99976E-1	1.34177E-9
9.09640E-1	1.99211E+0	1.02740E-5	9.99978E-1	1.41165E-9
9.10295E-1	1.99346E+0	6.86632E-6	9.99908E-1	2.73143E-9
9.10950E-1	1.99319E+0	1.17157E-5	1.00004E+0	1.43352E-9
9.11606E-1	1.99211E+0	1.00118E-5	9.99963E-1	1.02181E-9
9.12261E-1	1.99373E+0	5.16250E-6	1.00014E+0	1.64984E-9
9.12916E-1	1.99211E+0	1.69582E-5	9.99908E-1	2.14998E-9
9.13572E-1	1.99319E+0	1.14535E-5	1.00001E+0	1.92131E-9
9.14227E-1	1.99157E+0	8.04589E-6	9.99944E-1	9.18641E-10
9.14883E-1	1.99211E+0	8.30802E-6	1.00013E+0	1.60182E-9
9.15538E-1	1.99292E+0	7.91483E-6	9.99881E-1	1.29327E-9
9.16193E-1	1.99562E+0	1.17157E-5	1.00008E+0	1.27331E-9
9.16849E-1	1.99265E+0	7.12845E-6	9.99940E-1	2.84933E-9
9.17504E-1	1.99346E+0	1.21089E-5	9.99992E-1	1.54239E-9
9.18159E-1	1.99346E+0	1.18467E-5	1.00012E+0	1.20247E-9
9.18815E-1	1.99130E+0	7.91483E-6	9.99876E-1	1.93509E-9
9.19470E-1	1.99104E+0	1.00118E-5	9.99980E-1	7.95507E-10
9.20125E-1	1.99157E+0	7.78377E-6	1.00005E+0	2.55599E-9
9.20781E-1	1.99238E+0	1.34195E-5	9.99967E-1	7.89802E-10
9.21436E-1	1.99238E+0	9.74972E-6	1.00004E+0	1.54049E-9
9.22092E-1	1.99184E+0	7.91483E-6	9.99967E-1	1.89183E-9
9.22747E-1	1.99292E+0	8.96334E-6	1.00004E+0	2.78800E-9
9.23402E-1	1.99184E+0	2.01037E-5	9.99927E-1	6.66668E-10
9.24058E-1	1.99346E+0	8.30802E-6	1.00015E+0	1.75776E-9
9.24713E-1	1.99238E+0	7.39058E-6	9.99965E-1	2.01782E-9
9.25368E-1	1.99319E+0	8.96334E-6	1.00002E+0	1.35555E-9
9.26024E-1	1.99373E+0	6.73526E-6	9.99961E-1	2.09769E-9
9.26679E-1	1.99508E+0	2.67229E-6	1.00006E+0	1.62274E-9
9.27334E-1	1.99050E+0	1.80067E-5	9.99891E-1	1.67076E-9
9.27990E-1	1.99130E+0	9.22547E-6	1.00005E+0	1.40738E-9
9.28645E-1	1.99211E+0	9.88078E-6	9.99980E-1	1.35841E-9
9.29300E-1	1.99211E+0	5.81781E-6	1.00001E+0	2.25790E-9
9.29956E-1	1.99157E+0	8.70121E-6	9.99929E-1	1.80340E-9
9.30611E-1	1.99319E+0	9.48759E-6	1.00002E+0	1.36031E-9
9.31267E-1	1.99346E+0	1.28952E-5	9.99995E-1	1.47679E-9
9.31922E-1	1.99292E+0	9.74972E-6	1.00002E+0	2.33302E-9
9.32577E-1	1.99104E+0	1.10604E-5	1.00002E+0	1.37999E-10
9.33233E-1	1.99184E+0	1.15846E-5	1.00006E+0	2.47042E-9
9.33888E-1	1.99157E+0	7.91483E-6	9.99885E-1	1.79627E-9
9.34543E-1	1.99211E+0	9.74972E-6	1.00009E+0	4.33711E-10
9.35199E-1	1.99238E+0	1.31574E-5	9.99965E-1	2.78134E-9
9.35854E-1	1.99211E+0	1.28952E-5	9.99938E-1	1.31704E-9
9.36509E-1	1.99157E+0	1.23710E-5	1.00006E+0	1.14922E-9
9.37165E-1	1.99184E+0	1.00118E-5	1.00007E+0	2.37438E-9
9.37820E-1	1.99157E+0	6.86632E-6	9.99923E-1	1.48154E-9
9.38476E-1	1.99346E+0	1.17157E-5	1.00008E+0	2.13192E-9
9.39131E-1	1.99319E+0	7.91483E-6	9.99938E-1	1.23812E-9
9.39786E-1	1.99346E+0	2.65258E-5	9.99995E-1	2.24412E-9
9.40442E-1	1.99346E+0	7.25951E-6	1.00001E+0	9.45265E-10
9.41097E-1	1.99400E+0	6.86632E-6	9.99978E-1	1.75586E-9
9.41752E-1	1.99157E+0	1.19778E-5	9.99963E-1	2.61305E-9
9.42408E-1	1.99238E+0	7.25951E-6	1.00009E+0	7.47965E-10
9.43063E-1	1.99481E+0	4.37612E-6	9.99946E-1	1.92749E-9
9.43718E-1	1.99265E+0	1.43369E-5	1.00006E+0	1.37933E-9
9.44374E-1	1.99157E+0	-1.65281E-6	9.99931E-1	2.28073E-9
9.45029E-1	1.99130E+0	7.65270E-6	9.99995E-1	2.00070E-9
9.45684E-1	1.99319E+0	2.80335E-6	1.00002E+0	4.57007E-10
9.46340E-1	1.99157E+0	9.09440E-6	9.99976E-1	1.74492E-9
9.46995E-1	1.99373E+0	1.15846E-5	9.99963E-1	1.30563E-9
9.47651E-1	1.99238E+0	1.13225E-5	1.00003E+0	2.19325E-9
9.48306E-1	1.99454E+0	3.19654E-6	9.99971E-1	1.73922E-9
9.48961E-1	1.99265E+0	7.78377E-6	1.00001E+0	1.94080E-9
9.49617E-1	1.99292E+0	7.12845E-6	9.99946E-1	1.42544E-9
9.50272E-1	1.99130E+0	1.31574E-5	1.00012E+0	1.30896E-9
9.50927E-1	1.99211E+0	9.35653E-6	9.99973E-1	1.87519E-9
9.51583E-1	1.99346E+0	4.11399E-6	9.99976E-1	2.32161E-9
9.52238E-1	1.99184E+0	1.01429E-5	1.00003E+0	1.01563E-9
9.52893E-1	1.99319E+0	9.09440E-6	1.00004E+0	1.73114E-9
9.53549E-1	1.99104E+0	1.31574E-5	9.99904E-1	1.59231E-9
9.54204E-1	1.99184E+0	1.32884E-5	1.00006E+0	2.19135E-9
9.54860E-1	1.99292E+0	1.04050E-5	9.99965E-1	2.33350E-9
9.55515E-1	1.99265E+0	7.52164E-6	1.00003E+0	1.20722E-9
9.56170E-1	1.99319E+0	1.72203E-5	1.00001E+0	1.33701E-9
9.56826E-1	1.99184E+0	9.74972E-6	1.00001E+0	1.07648E-9
9.57481E-1	1.99184E+0	1.02740E-5	9.99952E-1	2.51939E-9
9.58136E-1	1.99265E+0	1.05361E-5	9.99986E-1	1.19771E-9
9.58792E-1	1.99319E+0	7.12845E-6	1.00003E+0	1.26237E-9
9.59447E-1	1.99130E+0	7.12845E-6	9.99971E-1	1.84001E-9
9.60102E-1	1.99157E+0	1.04050E-5	1.00002E+0	1.63605E-9
9.60758E-1	1.99157E+0	9.48759E-6	1.00000E+0	1.67123E-9
9.61413E-1	1.99211E+0	8.96334E-6	9.99984E-1	2.52604E-9
9.62068E-1	1.99400E+0	4.11399E-6	1.00000E+0	2.02257E-9
9.62724E-1	1.99265E+0	1.28952E-5	1.00006E+0	1.26903E-9
9.63379E-1	1.99292E+0	1.42059E-5	9.99887E-1	1.67932E-9
9.64035E-1	1.99184E+0	1.02740E-5	1.00003E+0	1.50056E-9
9.64690E-1	1.99130E+0	6.73526E-6	9.99997E-1	2.20133E-9
9.65345E-1	1.99157E+0	9.68465E-7	1.00007E+0	9.33379E-10
9.66001E-1	1.99211E+0	1.01429E-5	9.99971E-1	8.23557E-10
9.66656E-1	1.99184E+0	1.55165E-5	1.00005E+0	1.67171E-9
9.67311E-1	1.99292E+0	9.68465E-7	9.99933E-1	2.97009E-9
9.67967E-1	1.99346E+0	9.22547E-6	9.99997E-1	1.59422E-9
9.68622E-1	1.99211E+0	8.57015E-6	1.00004E+0	1.78771E-9
9.69277E-1	1.99238E+0	1.39438E-5	1.00005E+0	1.15588E-9
9.69933E-1	1.99238E+0	6.60420E-6	9.99912E-1	2.33064E-9
9.70588E-1	1.99104E+0	9.22547E-6	1.00001E+0	1.62987E-9
9.71244E-1	1.99292E+0	7.91483E-6	9.99997E-1	8.72050E-10
9.71899E-1	1.99211E+0	9.61866E-6	1.00005E+0	1.51007E-9
9.72554E-1	1.99104E+0	1.36166E-6	1.00001E+0	1.71973E-9
9.73210E-1	1.99211E+0	9.74972E-6	1.00003E+0	1.65459E-9
9.73865E-1	1.99130E+0	1.39438E-5	9.99923E-1	2.73285E-9
9.74520E-1	1.99211E+0	2.67229E-6	1.00001E+0	4.31334E-10
9.75176E-1	1.99104E+0	1.18467E-5	9.99967E-1	2.17661E-9
9.75831E-1	1.99211E+0	8.04589E-6	1.00011E+0	1.78819E-9
9.76486E-1	1.99157E+0	1.05361E-5	9.99842E-1	1.38170E-9
9.77142E-1	1.99346E+0	9.22547E-6	1.00007E+0	2.20371E-9
9.77797E-1	1.99265E+0	1.26331E-5	1.00003E+0	1.41593E-9
9.78452E-1	1.99184E+0	8.43908E-6	9.99982E-1	1.84048E-9
9.79108E-1	1.99157E+0	6.86632E-6	1.01156E+0	-1.10363E-8
9.79763E-1	-7.95385E-3	6.47313E-6	1.25273E+0	-5.94873E-7
9.80419E-1	-5.25689E-3	6.73526E-6	9.99813E-1	9.35757E-10
9.81074E-1	-5.79628E-3	2.29871E-5	9.99978E-1	2.18992E-9
9.81729E-1	-5.52658E-3	1.07982E-5	1.00001E+0	2.05347E-9
9.82385E-1	-6.33567E-3	1.05361E-5	1.00005E+0	1.60087E-9
9.83040E-1	-8.22355E-3	2.39046E-5	1.00001E+0	2.13525E-9
9.83695E-1	-7.41446E-3	1.02740E-5	1.00002E+0	2.56883E-9
9.84351E-1	-6.60537E-3	1.32884E-5	9.99973E-1	3.08894E-9
9.85006E-1	-7.14476E-3	1.06672E-5	1.00003E+0	1.25809E-9
9.85661E-1	-7.68415E-3	1.02740E-5	9.99988E-1	2.17185E-9
9.86317E-1	-7.68415E-3	9.88078E-6	1.00001E+0	3.28719E-9
9.86972E-1	-6.60537E-3	3.45867E-6	9.99973E-1	2.43714E-9
9.87628E-1	-7.68415E-3	1.09293E-5	1.00005E+0	1.52576E-9
9.88283E-1	-6.87507E-3	9.74972E-6	9.99963E-1	1.78248E-9
9.88938E-1	-6.06598E-3	-4.73234E-7	1.00002E+0	2.08580E-9
9.89594E-1	-4.98719E-3	8.17696E-6	9.99914E-1	2.08675E-9
9.90249E-1	-6.33567E-3	9.22547E-6	1.00000E+0	2.68151E-9
9.90904E-1	-3.90841E-3	4.11399E-6	1.00008E+0	1.14637E-9
9.91560E-1	-6.06598E-3	2.42978E-5	1.00004E+0	2.83507E-9
9.92215E-1	-8.22355E-3	1.17157E-5	9.99851E-1	2.15854E-9
9.92870E-1	-5.52658E-3	8.83228E-6	1.00009E+0	2.40576E-9
9.93526E-1	-5.79628E-3	1.01429E-5	9.99969E-1	2.05965E-9
9.94181E-1	-5.79628E-3	3.06548E-6	9.99999E-1	2.12289E-9
9.94836E-1	-7.14476E-3	1.25021E-5	1.00003E+0	8.21180E-10
9.95492E-1	-7.68415E-3	-4.66727E-6	1.00005E+0	1.69738E-9
9.96147E-1	-6.33567E-3	6.73526E-6	9.99963E-1	2.04919E-9
9.96803E-1	-4.17810E-3	1.18467E-5	9.99976E-1	3.17072E-9
9.97458E-1	-6.33567E-3	1.30263E-5	9.99885E-1	9.47167E-10
9.98113E-1	-7.68415E-3	1.02740E-5	1.00015E+0	1.42639E-9
9.98769E-1	-5.52658E-3	1.15846E-5	9.99997E-1	3.00765E-9
9.99424E-1	-7.14476E-3	1.72203E-5	7.43459E-1	4.94968E-7
