## Header ##
[General info]
User	Giorgos_Psaltakis
Device	Sample
Cell area (cm2)	1
Test	Pulsed
Date	2024-03-03
Time	04:09:07
Temperature	21.35
Note	

[Acquisition Settings]
Amplitude (V)	2.500
Frequency (Hz)	5.0
DC Offset (V)	1.300
Duty Cycle (%)	60
Phase (°)	0
Cycles	2

## Data ##
Time (s)	DC Channel Voltage (V)	DC Channel Current (A)	Pulse Channel Voltage (V)	Pulse Channel Current (A)
0.00000E+0	0.00000E+0	0.00000E+0	0.00000E+0	0.00000E+0
0.00000E+0	0.00000E+0	0.00000E+0	0.00000E+0	0.00000E+0
0.00000E+0	0.00000E+0	0.00000E+0	0.00000E+0	0.00000E+0
0.00000E+0	0.00000E+0	0.00000E+0	0.00000E+0	0.00000E+0
0.00000E+0	0.00000E+0	0.00000E+0	0.00000E+0	0.00000E+0
0.00000E+0	0.00000E+0	0.00000E+0	0.00000E+0	0.00000E+0
0.00000E+0	0.00000E+0	0.00000E+0	0.00000E+0	0.00000E+0
0.00000E+0	0.00000E+0	0.00000E+0	0.00000E+0	0.00000E+0
0.00000E+0	0.00000E+0	0.00000E+0	0.00000E+0	0.00000E+0
0.00000E+0	0.00000E+0	0.00000E+0	0.00000E+0	0.00000E+0
0.00000E+0	0.00000E+0	0.00000E+0	0.00000E+0	0.00000E+0
0.00000E+0	0.00000E+0	0.00000E+0	0.00000E+0	0.00000E+0
0.00000E+0	0.00000E+0	0.00000E+0	0.00000E+0	0.00000E+0
0.00000E+0	0.00000E+0	0.00000E+0	0.00000E+0	0.00000E+0
0.00000E+0	0.00000E+0	0.00000E+0	0.00000E+0	0.00000E+0
0.00000E+0	0.00000E+0	0.00000E+0	0.00000E+0	0.00000E+0
0.00000E+0	0.00000E+0	0.00000E+0	0.00000E+0	0.00000E+0
0.00000E+0	0.00000E+0	0.00000E+0	0.00000E+0	0.00000E+0
0.00000E+0	0.00000E+0	0.00000E+0	0.00000E+0	0.00000E+0
0.00000E+0	0.00000E+0	0.00000E+0	0.00000E+0	0.00000E+0
0.00000E+0	0.00000E+0	0.00000E+0	0.00000E+0	0.00000E+0
0.00000E+0	0.00000E+0	0.00000E+0	0.00000E+0	0.00000E+0
0.00000E+0	0.00000E+0	0.00000E+0	0.00000E+0	0.00000E+0
0.00000E+0	0.00000E+0	0.00000E+0	0.00000E+0	0.00000E+0
0.00000E+0	0.00000E+0	0.00000E+0	0.00000E+0	0.00000E+0
0.00000E+0	0.00000E+0	0.00000E+0	0.00000E+0	0.00000E+0
0.00000E+0	0.00000E+0	0.00000E+0	0.00000E+0	0.00000E+0
0.00000E+0	0.00000E+0	0.00000E+0	0.00000E+0	0.00000E+0
0.00000E+0	0.00000E+0	0.00000E+0	0.00000E+0	0.00000E+0
0.00000E+0	0.00000E+0	0.00000E+0	0.00000E+0	0.00000E+0
0.00000E+0	0.00000E+0	0.00000E+0	0.00000E+0	0.00000E+0
0.00000E+0	0.00000E+0	0.00000E+0	0.00000E+0	0.00000E+0
0.00000E+0	0.00000E+0	0.00000E+0	0.00000E+0	0.00000E+0
0.00000E+0	0.00000E+0	0.00000E+0	0.00000E+0	0.00000E+0
0.00000E+0	0.00000E+0	0.00000E+0	0.00000E+0	0.00000E+0
0.00000E+0	0.00000E+0	0.00000E+0	0.00000E+0	0.00000E+0
0.00000E+0	0.00000E+0	0.00000E+0	0.00000E+0	0.00000E+0
0.00000E+0	0.00000E+0	0.00000E+0	0.00000E+0	0.00000E+0
0.00000E+0	0.00000E+0	0.00000E+0	0.00000E+0	0.00000E+0
0.00000E+0	0.00000E+0	0.00000E+0	0.00000E+0	0.00000E+0
0.00000E+0	0.00000E+0	0.00000E+0	0.00000E+0	0.00000E+0
0.00000E+0	0.00000E+0	0.00000E+0	0.00000E+0	0.00000E+0
0.00000E+0	0.00000E+0	0.00000E+0	0.00000E+0	0.00000E+0
0.00000E+0	0.00000E+0	0.00000E+0	0.00000E+0	0.00000E+0
0.00000E+0	0.00000E+0	0.00000E+0	0.00000E+0	0.00000E+0
0.00000E+0	0.00000E+0	0.00000E+0	0.00000E+0	0.00000E+0
0.00000E+0	0.00000E+0	0.00000E+0	0.00000E+0	0.00000E+0
0.00000E+0	0.00000E+0	0.00000E+0	0.00000E+0	0.00000E+0
0.00000E+0	0.00000E+0	0.00000E+0	0.00000E+0	0.00000E+0
0.00000E+0	0.00000E+0	0.00000E+0	0.00000E+0	0.00000E+0
0.00000E+0	0.00000E+0	0.00000E+0	0.00000E+0	0.00000E+0
0.00000E+0	0.00000E+0	0.00000E+0	0.00000E+0	0.00000E+0
0.00000E+0	0.00000E+0	0.00000E+0	0.00000E+0	0.00000E+0
0.00000E+0	0.00000E+0	0.00000E+0	0.00000E+0	0.00000E+0
0.00000E+0	0.00000E+0	0.00000E+0	0.00000E+0	0.00000E+0
0.00000E+0	0.00000E+0	0.00000E+0	0.00000E+0	0.00000E+0
0.00000E+0	0.00000E+0	0.00000E+0	0.00000E+0	0.00000E+0
0.00000E+0	0.00000E+0	0.00000E+0	0.00000E+0	0.00000E+0
0.00000E+0	0.00000E+0	0.00000E+0	0.00000E+0	0.00000E+0
0.00000E+0	0.00000E+0	0.00000E+0	0.00000E+0	0.00000E+0
0.00000E+0	0.00000E+0	0.00000E+0	0.00000E+0	0.00000E+0
0.00000E+0	0.00000E+0	0.00000E+0	0.00000E+0	0.00000E+0
0.00000E+0	0.00000E+0	0.00000E+0	0.00000E+0	0.00000E+0
0.00000E+0	0.00000E+0	0.00000E+0	0.00000E+0	0.00000E+0
0.00000E+0	0.00000E+0	0.00000E+0	0.00000E+0	0.00000E+0
0.00000E+0	0.00000E+0	0.00000E+0	0.00000E+0	0.00000E+0
0.00000E+0	0.00000E+0	0.00000E+0	0.00000E+0	0.00000E+0
0.00000E+0	0.00000E+0	0.00000E+0	0.00000E+0	0.00000E+0
0.00000E+0	0.00000E+0	0.00000E+0	0.00000E+0	0.00000E+0
0.00000E+0	0.00000E+0	0.00000E+0	0.00000E+0	0.00000E+0
0.00000E+0	0.00000E+0	0.00000E+0	0.00000E+0	0.00000E+0
0.00000E+0	0.00000E+0	0.00000E+0	0.00000E+0	0.00000E+0
0.00000E+0	0.00000E+0	0.00000E+0	0.00000E+0	0.00000E+0
0.00000E+0	0.00000E+0	0.00000E+0	0.00000E+0	0.00000E+0
0.00000E+0	0.00000E+0	0.00000E+0	0.00000E+0	0.00000E+0
0.00000E+0	0.00000E+0	0.00000E+0	0.00000E+0	0.00000E+0
0.00000E+0	0.00000E+0	0.00000E+0	0.00000E+0	0.00000E+0
0.00000E+0	0.00000E+0	0.00000E+0	0.00000E+0	0.00000E+0
0.00000E+0	0.00000E+0	0.00000E+0	0.00000E+0	0.00000E+0
0.00000E+0	0.00000E+0	0.00000E+0	0.00000E+0	0.00000E+0
0.00000E+0	0.00000E+0	0.00000E+0	0.00000E+0	0.00000E+0
0.00000E+0	0.00000E+0	0.00000E+0	0.00000E+0	0.00000E+0
0.00000E+0	0.00000E+0	0.00000E+0	0.00000E+0	0.00000E+0
0.00000E+0	0.00000E+0	0.00000E+0	0.00000E+0	0.00000E+0
0.00000E+0	0.00000E+0	0.00000E+0	0.00000E+0	0.00000E+0
0.00000E+0	0.00000E+0	0.00000E+0	0.00000E+0	0.00000E+0
0.00000E+0	0.00000E+0	0.00000E+0	0.00000E+0	0.00000E+0
0.00000E+0	0.00000E+0	0.00000E+0	0.00000E+0	0.00000E+0
0.00000E+0	0.00000E+0	0.00000E+0	0.00000E+0	0.00000E+0
0.00000E+0	0.00000E+0	0.00000E+0	0.00000E+0	0.00000E+0
0.00000E+0	0.00000E+0	0.00000E+0	0.00000E+0	0.00000E+0
0.00000E+0	0.00000E+0	0.00000E+0	0.00000E+0	0.00000E+0
0.00000E+0	0.00000E+0	0.00000E+0	0.00000E+0	0.00000E+0
0.00000E+0	0.00000E+0	0.00000E+0	0.00000E+0	0.00000E+0
0.00000E+0	0.00000E+0	0.00000E+0	0.00000E+0	0.00000E+0
0.00000E+0	0.00000E+0	0.00000E+0	0.00000E+0	0.00000E+0
0.00000E+0	0.00000E+0	0.00000E+0	0.00000E+0	0.00000E+0
0.00000E+0	0.00000E+0	0.00000E+0	0.00000E+0	0.00000E+0
0.00000E+0	0.00000E+0	0.00000E+0	0.00000E+0	0.00000E+0
0.00000E+0	0.00000E+0	0.00000E+0	0.00000E+0	0.00000E+0
0.00000E+0	0.00000E+0	0.00000E+0	0.00000E+0	0.00000E+0
0.00000E+0	0.00000E+0	0.00000E+0	0.00000E+0	0.00000E+0
0.00000E+0	0.00000E+0	0.00000E+0	0.00000E+0	0.00000E+0
0.00000E+0	0.00000E+0	0.00000E+0	0.00000E+0	0.00000E+0
0.00000E+0	0.00000E+0	0.00000E+0	0.00000E+0	0.00000E+0
0.00000E+0	0.00000E+0	0.00000E+0	0.00000E+0	0.00000E+0
0.00000E+0	0.00000E+0	0.00000E+0	0.00000E+0	0.00000E+0
0.00000E+0	0.00000E+0	0.00000E+0	0.00000E+0	0.00000E+0
0.00000E+0	0.00000E+0	0.00000E+0	0.00000E+0	0.00000E+0
0.00000E+0	0.00000E+0	0.00000E+0	0.00000E+0	0.00000E+0
0.00000E+0	0.00000E+0	0.00000E+0	0.00000E+0	0.00000E+0
0.00000E+0	0.00000E+0	0.00000E+0	0.00000E+0	0.00000E+0
0.00000E+0	0.00000E+0	0.00000E+0	0.00000E+0	0.00000E+0
0.00000E+0	0.00000E+0	0.00000E+0	0.00000E+0	0.00000E+0
0.00000E+0	0.00000E+0	0.00000E+0	0.00000E+0	0.00000E+0
0.00000E+0	0.00000E+0	0.00000E+0	0.00000E+0	0.00000E+0
0.00000E+0	0.00000E+0	0.00000E+0	0.00000E+0	0.00000E+0
0.00000E+0	0.00000E+0	0.00000E+0	0.00000E+0	0.00000E+0
0.00000E+0	0.00000E+0	0.00000E+0	0.00000E+0	0.00000E+0
0.00000E+0	0.00000E+0	0.00000E+0	0.00000E+0	0.00000E+0
0.00000E+0	0.00000E+0	0.00000E+0	0.00000E+0	0.00000E+0
0.00000E+0	0.00000E+0	0.00000E+0	0.00000E+0	0.00000E+0
0.00000E+0	0.00000E+0	0.00000E+0	0.00000E+0	0.00000E+0
0.00000E+0	0.00000E+0	0.00000E+0	0.00000E+0	0.00000E+0
0.00000E+0	0.00000E+0	0.00000E+0	0.00000E+0	0.00000E+0
0.00000E+0	0.00000E+0	0.00000E+0	0.00000E+0	0.00000E+0
0.00000E+0	0.00000E+0	0.00000E+0	0.00000E+0	0.00000E+0
0.00000E+0	0.00000E+0	0.00000E+0	0.00000E+0	0.00000E+0
0.00000E+0	0.00000E+0	0.00000E+0	0.00000E+0	0.00000E+0
0.00000E+0	0.00000E+0	0.00000E+0	0.00000E+0	0.00000E+0
0.00000E+0	0.00000E+0	0.00000E+0	0.00000E+0	0.00000E+0
0.00000E+0	0.00000E+0	0.00000E+0	0.00000E+0	0.00000E+0
0.00000E+0	0.00000E+0	0.00000E+0	0.00000E+0	0.00000E+0
0.00000E+0	0.00000E+0	0.00000E+0	0.00000E+0	0.00000E+0
0.00000E+0	0.00000E+0	0.00000E+0	0.00000E+0	0.00000E+0
0.00000E+0	0.00000E+0	0.00000E+0	0.00000E+0	0.00000E+0
0.00000E+0	0.00000E+0	0.00000E+0	0.00000E+0	0.00000E+0
0.00000E+0	0.00000E+0	0.00000E+0	0.00000E+0	0.00000E+0
0.00000E+0	0.00000E+0	0.00000E+0	0.00000E+0	0.00000E+0
0.00000E+0	0.00000E+0	0.00000E+0	0.00000E+0	0.00000E+0
0.00000E+0	0.00000E+0	0.00000E+0	0.00000E+0	0.00000E+0
0.00000E+0	0.00000E+0	0.00000E+0	0.00000E+0	0.00000E+0
0.00000E+0	0.00000E+0	0.00000E+0	0.00000E+0	0.00000E+0
0.00000E+0	0.00000E+0	0.00000E+0	0.00000E+0	0.00000E+0
0.00000E+0	0.00000E+0	0.00000E+0	0.00000E+0	0.00000E+0
0.00000E+0	0.00000E+0	0.00000E+0	0.00000E+0	0.00000E+0
0.00000E+0	0.00000E+0	0.00000E+0	0.00000E+0	0.00000E+0
0.00000E+0	0.00000E+0	0.00000E+0	0.00000E+0	0.00000E+0
0.00000E+0	0.00000E+0	0.00000E+0	0.00000E+0	0.00000E+0
0.00000E+0	0.00000E+0	0.00000E+0	0.00000E+0	0.00000E+0
0.00000E+0	0.00000E+0	0.00000E+0	0.00000E+0	0.00000E+0
0.00000E+0	0.00000E+0	0.00000E+0	0.00000E+0	0.00000E+0
0.00000E+0	0.00000E+0	0.00000E+0	0.00000E+0	0.00000E+0
0.00000E+0	0.00000E+0	0.00000E+0	0.00000E+0	0.00000E+0
0.00000E+0	0.00000E+0	0.00000E+0	0.00000E+0	0.00000E+0
0.00000E+0	0.00000E+0	0.00000E+0	0.00000E+0	0.00000E+0
0.00000E+0	0.00000E+0	0.00000E+0	0.00000E+0	0.00000E+0
0.00000E+0	0.00000E+0	0.00000E+0	0.00000E+0	0.00000E+0
0.00000E+0	0.00000E+0	0.00000E+0	0.00000E+0	0.00000E+0
0.00000E+0	0.00000E+0	0.00000E+0	0.00000E+0	0.00000E+0
0.00000E+0	0.00000E+0	0.00000E+0	0.00000E+0	0.00000E+0
0.00000E+0	0.00000E+0	0.00000E+0	0.00000E+0	0.00000E+0
0.00000E+0	0.00000E+0	0.00000E+0	0.00000E+0	0.00000E+0
0.00000E+0	0.00000E+0	0.00000E+0	0.00000E+0	0.00000E+0
0.00000E+0	0.00000E+0	0.00000E+0	0.00000E+0	0.00000E+0
0.00000E+0	0.00000E+0	0.00000E+0	0.00000E+0	0.00000E+0
0.00000E+0	0.00000E+0	0.00000E+0	0.00000E+0	0.00000E+0
0.00000E+0	0.00000E+0	0.00000E+0	0.00000E+0	0.00000E+0
0.00000E+0	0.00000E+0	0.00000E+0	0.00000E+0	0.00000E+0
0.00000E+0	0.00000E+0	0.00000E+0	0.00000E+0	0.00000E+0
0.00000E+0	0.00000E+0	0.00000E+0	0.00000E+0	0.00000E+0
0.00000E+0	0.00000E+0	0.00000E+0	0.00000E+0	0.00000E+0
0.00000E+0	0.00000E+0	0.00000E+0	0.00000E+0	0.00000E+0
0.00000E+0	0.00000E+0	0.00000E+0	0.00000E+0	0.00000E+0
0.00000E+0	0.00000E+0	0.00000E+0	0.00000E+0	0.00000E+0
0.00000E+0	0.00000E+0	0.00000E+0	0.00000E+0	0.00000E+0
0.00000E+0	0.00000E+0	0.00000E+0	0.00000E+0	0.00000E+0
0.00000E+0	0.00000E+0	0.00000E+0	0.00000E+0	0.00000E+0
0.00000E+0	0.00000E+0	0.00000E+0	0.00000E+0	0.00000E+0
0.00000E+0	0.00000E+0	0.00000E+0	0.00000E+0	0.00000E+0
0.00000E+0	0.00000E+0	0.00000E+0	0.00000E+0	0.00000E+0
0.00000E+0	0.00000E+0	0.00000E+0	0.00000E+0	0.00000E+0
0.00000E+0	0.00000E+0	0.00000E+0	0.00000E+0	0.00000E+0
0.00000E+0	0.00000E+0	0.00000E+0	0.00000E+0	0.00000E+0
0.00000E+0	0.00000E+0	0.00000E+0	0.00000E+0	0.00000E+0
0.00000E+0	0.00000E+0	0.00000E+0	0.00000E+0	0.00000E+0
0.00000E+0	0.00000E+0	0.00000E+0	0.00000E+0	0.00000E+0
0.00000E+0	0.00000E+0	0.00000E+0	0.00000E+0	0.00000E+0
0.00000E+0	0.00000E+0	0.00000E+0	0.00000E+0	0.00000E+0
0.00000E+0	0.00000E+0	0.00000E+0	0.00000E+0	0.00000E+0
0.00000E+0	0.00000E+0	0.00000E+0	0.00000E+0	0.00000E+0
0.00000E+0	0.00000E+0	0.00000E+0	0.00000E+0	0.00000E+0
0.00000E+0	0.00000E+0	0.00000E+0	0.00000E+0	0.00000E+0
0.00000E+0	0.00000E+0	0.00000E+0	0.00000E+0	0.00000E+0
0.00000E+0	0.00000E+0	0.00000E+0	0.00000E+0	0.00000E+0
0.00000E+0	0.00000E+0	0.00000E+0	0.00000E+0	0.00000E+0
0.00000E+0	0.00000E+0	0.00000E+0	0.00000E+0	0.00000E+0
0.00000E+0	0.00000E+0	0.00000E+0	0.00000E+0	0.00000E+0
0.00000E+0	0.00000E+0	0.00000E+0	0.00000E+0	0.00000E+0
0.00000E+0	0.00000E+0	0.00000E+0	0.00000E+0	0.00000E+0
0.00000E+0	0.00000E+0	0.00000E+0	0.00000E+0	0.00000E+0
0.00000E+0	0.00000E+0	0.00000E+0	0.00000E+0	0.00000E+0
0.00000E+0	0.00000E+0	0.00000E+0	0.00000E+0	0.00000E+0
0.00000E+0	0.00000E+0	0.00000E+0	0.00000E+0	0.00000E+0
0.00000E+0	0.00000E+0	0.00000E+0	0.00000E+0	0.00000E+0
0.00000E+0	0.00000E+0	0.00000E+0	0.00000E+0	0.00000E+0
0.00000E+0	0.00000E+0	0.00000E+0	0.00000E+0	0.00000E+0
0.00000E+0	0.00000E+0	0.00000E+0	0.00000E+0	0.00000E+0
0.00000E+0	0.00000E+0	0.00000E+0	0.00000E+0	0.00000E+0
0.00000E+0	0.00000E+0	0.00000E+0	0.00000E+0	0.00000E+0
0.00000E+0	0.00000E+0	0.00000E+0	0.00000E+0	0.00000E+0
0.00000E+0	0.00000E+0	0.00000E+0	0.00000E+0	0.00000E+0
0.00000E+0	0.00000E+0	0.00000E+0	0.00000E+0	0.00000E+0
0.00000E+0	0.00000E+0	0.00000E+0	0.00000E+0	0.00000E+0
0.00000E+0	0.00000E+0	0.00000E+0	0.00000E+0	0.00000E+0
0.00000E+0	0.00000E+0	0.00000E+0	0.00000E+0	0.00000E+0
0.00000E+0	0.00000E+0	0.00000E+0	0.00000E+0	0.00000E+0
0.00000E+0	0.00000E+0	0.00000E+0	0.00000E+0	0.00000E+0
0.00000E+0	0.00000E+0	0.00000E+0	0.00000E+0	0.00000E+0
0.00000E+0	0.00000E+0	0.00000E+0	0.00000E+0	0.00000E+0
0.00000E+0	0.00000E+0	0.00000E+0	0.00000E+0	0.00000E+0
0.00000E+0	0.00000E+0	0.00000E+0	0.00000E+0	0.00000E+0
0.00000E+0	0.00000E+0	0.00000E+0	0.00000E+0	0.00000E+0
0.00000E+0	0.00000E+0	0.00000E+0	0.00000E+0	0.00000E+0
0.00000E+0	0.00000E+0	0.00000E+0	0.00000E+0	0.00000E+0
0.00000E+0	0.00000E+0	0.00000E+0	0.00000E+0	0.00000E+0
0.00000E+0	0.00000E+0	0.00000E+0	0.00000E+0	0.00000E+0
0.00000E+0	0.00000E+0	0.00000E+0	0.00000E+0	0.00000E+0
0.00000E+0	0.00000E+0	0.00000E+0	0.00000E+0	0.00000E+0
0.00000E+0	0.00000E+0	0.00000E+0	0.00000E+0	0.00000E+0
0.00000E+0	0.00000E+0	0.00000E+0	0.00000E+0	0.00000E+0
0.00000E+0	0.00000E+0	0.00000E+0	0.00000E+0	0.00000E+0
0.00000E+0	0.00000E+0	0.00000E+0	0.00000E+0	0.00000E+0
0.00000E+0	0.00000E+0	0.00000E+0	0.00000E+0	0.00000E+0
0.00000E+0	0.00000E+0	0.00000E+0	0.00000E+0	0.00000E+0
0.00000E+0	0.00000E+0	0.00000E+0	0.00000E+0	0.00000E+0
0.00000E+0	0.00000E+0	0.00000E+0	0.00000E+0	0.00000E+0
0.00000E+0	0.00000E+0	0.00000E+0	0.00000E+0	0.00000E+0
0.00000E+0	0.00000E+0	0.00000E+0	0.00000E+0	0.00000E+0
0.00000E+0	0.00000E+0	0.00000E+0	0.00000E+0	0.00000E+0
0.00000E+0	0.00000E+0	0.00000E+0	0.00000E+0	0.00000E+0
0.00000E+0	0.00000E+0	0.00000E+0	0.00000E+0	0.00000E+0
0.00000E+0	0.00000E+0	0.00000E+0	0.00000E+0	0.00000E+0
0.00000E+0	0.00000E+0	0.00000E+0	0.00000E+0	0.00000E+0
0.00000E+0	0.00000E+0	0.00000E+0	0.00000E+0	0.00000E+0
0.00000E+0	0.00000E+0	0.00000E+0	0.00000E+0	0.00000E+0
0.00000E+0	0.00000E+0	0.00000E+0	0.00000E+0	0.00000E+0
0.00000E+0	0.00000E+0	0.00000E+0	0.00000E+0	0.00000E+0
0.00000E+0	0.00000E+0	0.00000E+0	0.00000E+0	0.00000E+0
0.00000E+0	0.00000E+0	0.00000E+0	0.00000E+0	0.00000E+0
0.00000E+0	0.00000E+0	0.00000E+0	0.00000E+0	0.00000E+0
0.00000E+0	0.00000E+0	0.00000E+0	0.00000E+0	0.00000E+0
0.00000E+0	0.00000E+0	0.00000E+0	0.00000E+0	0.00000E+0
0.00000E+0	0.00000E+0	0.00000E+0	0.00000E+0	0.00000E+0
0.00000E+0	0.00000E+0	0.00000E+0	0.00000E+0	0.00000E+0
0.00000E+0	0.00000E+0	0.00000E+0	0.00000E+0	0.00000E+0
0.00000E+0	0.00000E+0	0.00000E+0	0.00000E+0	0.00000E+0
0.00000E+0	0.00000E+0	0.00000E+0	0.00000E+0	0.00000E+0
0.00000E+0	0.00000E+0	0.00000E+0	0.00000E+0	0.00000E+0
0.00000E+0	0.00000E+0	0.00000E+0	0.00000E+0	0.00000E+0
0.00000E+0	0.00000E+0	0.00000E+0	0.00000E+0	0.00000E+0
0.00000E+0	0.00000E+0	0.00000E+0	0.00000E+0	0.00000E+0
0.00000E+0	0.00000E+0	0.00000E+0	0.00000E+0	0.00000E+0
0.00000E+0	0.00000E+0	0.00000E+0	0.00000E+0	0.00000E+0
0.00000E+0	0.00000E+0	0.00000E+0	0.00000E+0	0.00000E+0
0.00000E+0	0.00000E+0	0.00000E+0	0.00000E+0	0.00000E+0
0.00000E+0	0.00000E+0	0.00000E+0	0.00000E+0	0.00000E+0
0.00000E+0	0.00000E+0	0.00000E+0	0.00000E+0	0.00000E+0
0.00000E+0	0.00000E+0	0.00000E+0	0.00000E+0	0.00000E+0
0.00000E+0	0.00000E+0	0.00000E+0	0.00000E+0	0.00000E+0
0.00000E+0	0.00000E+0	0.00000E+0	0.00000E+0	0.00000E+0
0.00000E+0	0.00000E+0	0.00000E+0	0.00000E+0	0.00000E+0
0.00000E+0	0.00000E+0	0.00000E+0	0.00000E+0	0.00000E+0
0.00000E+0	0.00000E+0	0.00000E+0	0.00000E+0	0.00000E+0
0.00000E+0	0.00000E+0	0.00000E+0	0.00000E+0	0.00000E+0
0.00000E+0	0.00000E+0	0.00000E+0	0.00000E+0	0.00000E+0
0.00000E+0	0.00000E+0	0.00000E+0	0.00000E+0	0.00000E+0
0.00000E+0	0.00000E+0	0.00000E+0	0.00000E+0	0.00000E+0
0.00000E+0	0.00000E+0	0.00000E+0	0.00000E+0	0.00000E+0
0.00000E+0	0.00000E+0	0.00000E+0	0.00000E+0	0.00000E+0
0.00000E+0	0.00000E+0	0.00000E+0	0.00000E+0	0.00000E+0
0.00000E+0	0.00000E+0	0.00000E+0	0.00000E+0	0.00000E+0
0.00000E+0	0.00000E+0	0.00000E+0	0.00000E+0	0.00000E+0
0.00000E+0	0.00000E+0	0.00000E+0	0.00000E+0	0.00000E+0
0.00000E+0	0.00000E+0	0.00000E+0	0.00000E+0	0.00000E+0
0.00000E+0	0.00000E+0	0.00000E+0	0.00000E+0	0.00000E+0
0.00000E+0	0.00000E+0	0.00000E+0	0.00000E+0	0.00000E+0
0.00000E+0	0.00000E+0	0.00000E+0	0.00000E+0	0.00000E+0
0.00000E+0	0.00000E+0	0.00000E+0	0.00000E+0	0.00000E+0
0.00000E+0	0.00000E+0	0.00000E+0	0.00000E+0	0.00000E+0
0.00000E+0	0.00000E+0	0.00000E+0	0.00000E+0	0.00000E+0
0.00000E+0	0.00000E+0	0.00000E+0	0.00000E+0	0.00000E+0
0.00000E+0	0.00000E+0	0.00000E+0	0.00000E+0	0.00000E+0
0.00000E+0	0.00000E+0	0.00000E+0	0.00000E+0	0.00000E+0
0.00000E+0	0.00000E+0	0.00000E+0	0.00000E+0	0.00000E+0
0.00000E+0	0.00000E+0	0.00000E+0	0.00000E+0	0.00000E+0
0.00000E+0	0.00000E+0	0.00000E+0	0.00000E+0	0.00000E+0
0.00000E+0	0.00000E+0	0.00000E+0	0.00000E+0	0.00000E+0
0.00000E+0	0.00000E+0	0.00000E+0	0.00000E+0	0.00000E+0
0.00000E+0	0.00000E+0	0.00000E+0	0.00000E+0	0.00000E+0
0.00000E+0	0.00000E+0	0.00000E+0	0.00000E+0	0.00000E+0
0.00000E+0	0.00000E+0	0.00000E+0	0.00000E+0	0.00000E+0
0.00000E+0	0.00000E+0	0.00000E+0	0.00000E+0	0.00000E+0
0.00000E+0	0.00000E+0	0.00000E+0	0.00000E+0	0.00000E+0
0.00000E+0	0.00000E+0	0.00000E+0	0.00000E+0	0.00000E+0
0.00000E+0	0.00000E+0	0.00000E+0	0.00000E+0	0.00000E+0
0.00000E+0	0.00000E+0	0.00000E+0	0.00000E+0	0.00000E+0
0.00000E+0	0.00000E+0	0.00000E+0	0.00000E+0	0.00000E+0
0.00000E+0	0.00000E+0	0.00000E+0	0.00000E+0	0.00000E+0
0.00000E+0	0.00000E+0	0.00000E+0	0.00000E+0	0.00000E+0
0.00000E+0	0.00000E+0	0.00000E+0	0.00000E+0	0.00000E+0
0.00000E+0	0.00000E+0	0.00000E+0	0.00000E+0	0.00000E+0
0.00000E+0	0.00000E+0	0.00000E+0	0.00000E+0	0.00000E+0
0.00000E+0	0.00000E+0	0.00000E+0	0.00000E+0	0.00000E+0
0.00000E+0	0.00000E+0	0.00000E+0	0.00000E+0	0.00000E+0
0.00000E+0	0.00000E+0	0.00000E+0	0.00000E+0	0.00000E+0
0.00000E+0	0.00000E+0	0.00000E+0	0.00000E+0	0.00000E+0
0.00000E+0	0.00000E+0	0.00000E+0	0.00000E+0	0.00000E+0
0.00000E+0	0.00000E+0	0.00000E+0	0.00000E+0	0.00000E+0
0.00000E+0	0.00000E+0	0.00000E+0	0.00000E+0	0.00000E+0
0.00000E+0	0.00000E+0	0.00000E+0	0.00000E+0	0.00000E+0
0.00000E+0	0.00000E+0	0.00000E+0	0.00000E+0	0.00000E+0
0.00000E+0	0.00000E+0	0.00000E+0	0.00000E+0	0.00000E+0
0.00000E+0	0.00000E+0	0.00000E+0	0.00000E+0	0.00000E+0
0.00000E+0	0.00000E+0	0.00000E+0	0.00000E+0	0.00000E+0
0.00000E+0	0.00000E+0	0.00000E+0	0.00000E+0	0.00000E+0
0.00000E+0	0.00000E+0	0.00000E+0	0.00000E+0	0.00000E+0
0.00000E+0	0.00000E+0	0.00000E+0	0.00000E+0	0.00000E+0
0.00000E+0	0.00000E+0	0.00000E+0	0.00000E+0	0.00000E+0
0.00000E+0	0.00000E+0	0.00000E+0	0.00000E+0	0.00000E+0
0.00000E+0	0.00000E+0	0.00000E+0	0.00000E+0	0.00000E+0
0.00000E+0	0.00000E+0	0.00000E+0	0.00000E+0	0.00000E+0
0.00000E+0	0.00000E+0	0.00000E+0	0.00000E+0	0.00000E+0
0.00000E+0	0.00000E+0	0.00000E+0	0.00000E+0	0.00000E+0
0.00000E+0	0.00000E+0	0.00000E+0	0.00000E+0	0.00000E+0
0.00000E+0	0.00000E+0	0.00000E+0	0.00000E+0	0.00000E+0
0.00000E+0	0.00000E+0	0.00000E+0	0.00000E+0	0.00000E+0
0.00000E+0	0.00000E+0	0.00000E+0	0.00000E+0	0.00000E+0
0.00000E+0	0.00000E+0	0.00000E+0	0.00000E+0	0.00000E+0
0.00000E+0	0.00000E+0	0.00000E+0	0.00000E+0	0.00000E+0
0.00000E+0	0.00000E+0	0.00000E+0	0.00000E+0	0.00000E+0
0.00000E+0	0.00000E+0	0.00000E+0	0.00000E+0	0.00000E+0
0.00000E+0	0.00000E+0	0.00000E+0	0.00000E+0	0.00000E+0
0.00000E+0	0.00000E+0	0.00000E+0	0.00000E+0	0.00000E+0
0.00000E+0	0.00000E+0	0.00000E+0	0.00000E+0	0.00000E+0
0.00000E+0	0.00000E+0	0.00000E+0	0.00000E+0	0.00000E+0
0.00000E+0	0.00000E+0	0.00000E+0	0.00000E+0	0.00000E+0
0.00000E+0	0.00000E+0	0.00000E+0	0.00000E+0	0.00000E+0
0.00000E+0	0.00000E+0	0.00000E+0	0.00000E+0	0.00000E+0
0.00000E+0	0.00000E+0	0.00000E+0	0.00000E+0	0.00000E+0
0.00000E+0	0.00000E+0	0.00000E+0	0.00000E+0	0.00000E+0
0.00000E+0	0.00000E+0	0.00000E+0	0.00000E+0	0.00000E+0
0.00000E+0	0.00000E+0	0.00000E+0	0.00000E+0	0.00000E+0
0.00000E+0	0.00000E+0	0.00000E+0	0.00000E+0	0.00000E+0
0.00000E+0	0.00000E+0	0.00000E+0	0.00000E+0	0.00000E+0
0.00000E+0	0.00000E+0	0.00000E+0	0.00000E+0	0.00000E+0
0.00000E+0	0.00000E+0	0.00000E+0	0.00000E+0	0.00000E+0
0.00000E+0	0.00000E+0	0.00000E+0	0.00000E+0	0.00000E+0
0.00000E+0	0.00000E+0	0.00000E+0	0.00000E+0	0.00000E+0
0.00000E+0	0.00000E+0	0.00000E+0	0.00000E+0	0.00000E+0
0.00000E+0	0.00000E+0	0.00000E+0	0.00000E+0	0.00000E+0
0.00000E+0	0.00000E+0	0.00000E+0	0.00000E+0	0.00000E+0
0.00000E+0	0.00000E+0	0.00000E+0	0.00000E+0	0.00000E+0
0.00000E+0	0.00000E+0	0.00000E+0	0.00000E+0	0.00000E+0
0.00000E+0	0.00000E+0	0.00000E+0	0.00000E+0	0.00000E+0
0.00000E+0	0.00000E+0	0.00000E+0	0.00000E+0	0.00000E+0
0.00000E+0	0.00000E+0	0.00000E+0	0.00000E+0	0.00000E+0
0.00000E+0	0.00000E+0	0.00000E+0	0.00000E+0	0.00000E+0
0.00000E+0	0.00000E+0	0.00000E+0	0.00000E+0	0.00000E+0
0.00000E+0	0.00000E+0	0.00000E+0	0.00000E+0	0.00000E+0
0.00000E+0	0.00000E+0	0.00000E+0	0.00000E+0	0.00000E+0
0.00000E+0	0.00000E+0	0.00000E+0	0.00000E+0	0.00000E+0
0.00000E+0	0.00000E+0	0.00000E+0	0.00000E+0	0.00000E+0
0.00000E+0	0.00000E+0	0.00000E+0	0.00000E+0	0.00000E+0
0.00000E+0	0.00000E+0	0.00000E+0	0.00000E+0	0.00000E+0
0.00000E+0	0.00000E+0	0.00000E+0	0.00000E+0	0.00000E+0
0.00000E+0	0.00000E+0	0.00000E+0	0.00000E+0	0.00000E+0
0.00000E+0	0.00000E+0	0.00000E+0	0.00000E+0	0.00000E+0
0.00000E+0	0.00000E+0	0.00000E+0	0.00000E+0	0.00000E+0
0.00000E+0	0.00000E+0	0.00000E+0	0.00000E+0	0.00000E+0
0.00000E+0	0.00000E+0	0.00000E+0	0.00000E+0	0.00000E+0
0.00000E+0	0.00000E+0	0.00000E+0	0.00000E+0	0.00000E+0
0.00000E+0	0.00000E+0	0.00000E+0	0.00000E+0	0.00000E+0
0.00000E+0	0.00000E+0	0.00000E+0	0.00000E+0	0.00000E+0
0.00000E+0	0.00000E+0	0.00000E+0	0.00000E+0	0.00000E+0
0.00000E+0	0.00000E+0	0.00000E+0	0.00000E+0	0.00000E+0
0.00000E+0	0.00000E+0	0.00000E+0	0.00000E+0	0.00000E+0
0.00000E+0	0.00000E+0	0.00000E+0	0.00000E+0	0.00000E+0
0.00000E+0	0.00000E+0	0.00000E+0	0.00000E+0	0.00000E+0
0.00000E+0	0.00000E+0	0.00000E+0	0.00000E+0	0.00000E+0
0.00000E+0	0.00000E+0	0.00000E+0	0.00000E+0	0.00000E+0
0.00000E+0	0.00000E+0	0.00000E+0	0.00000E+0	0.00000E+0
0.00000E+0	0.00000E+0	0.00000E+0	0.00000E+0	0.00000E+0
0.00000E+0	0.00000E+0	0.00000E+0	0.00000E+0	0.00000E+0
0.00000E+0	0.00000E+0	0.00000E+0	0.00000E+0	0.00000E+0
0.00000E+0	0.00000E+0	0.00000E+0	0.00000E+0	0.00000E+0
0.00000E+0	0.00000E+0	0.00000E+0	0.00000E+0	0.00000E+0
0.00000E+0	0.00000E+0	0.00000E+0	0.00000E+0	0.00000E+0
0.00000E+0	0.00000E+0	0.00000E+0	0.00000E+0	0.00000E+0
0.00000E+0	0.00000E+0	0.00000E+0	0.00000E+0	0.00000E+0
0.00000E+0	0.00000E+0	0.00000E+0	0.00000E+0	0.00000E+0
0.00000E+0	0.00000E+0	0.00000E+0	0.00000E+0	0.00000E+0
0.00000E+0	0.00000E+0	0.00000E+0	0.00000E+0	0.00000E+0
0.00000E+0	0.00000E+0	0.00000E+0	0.00000E+0	0.00000E+0
0.00000E+0	0.00000E+0	0.00000E+0	0.00000E+0	0.00000E+0
0.00000E+0	0.00000E+0	0.00000E+0	0.00000E+0	0.00000E+0
0.00000E+0	0.00000E+0	0.00000E+0	0.00000E+0	0.00000E+0
0.00000E+0	0.00000E+0	0.00000E+0	0.00000E+0	0.00000E+0
0.00000E+0	0.00000E+0	0.00000E+0	0.00000E+0	0.00000E+0
0.00000E+0	0.00000E+0	0.00000E+0	0.00000E+0	0.00000E+0
0.00000E+0	0.00000E+0	0.00000E+0	0.00000E+0	0.00000E+0
0.00000E+0	0.00000E+0	0.00000E+0	0.00000E+0	0.00000E+0
0.00000E+0	0.00000E+0	0.00000E+0	0.00000E+0	0.00000E+0
0.00000E+0	0.00000E+0	0.00000E+0	0.00000E+0	0.00000E+0
0.00000E+0	0.00000E+0	0.00000E+0	0.00000E+0	0.00000E+0
0.00000E+0	0.00000E+0	0.00000E+0	0.00000E+0	0.00000E+0
0.00000E+0	0.00000E+0	0.00000E+0	0.00000E+0	0.00000E+0
0.00000E+0	0.00000E+0	0.00000E+0	0.00000E+0	0.00000E+0
0.00000E+0	0.00000E+0	0.00000E+0	0.00000E+0	0.00000E+0
0.00000E+0	0.00000E+0	0.00000E+0	0.00000E+0	0.00000E+0
0.00000E+0	0.00000E+0	0.00000E+0	0.00000E+0	0.00000E+0
0.00000E+0	0.00000E+0	0.00000E+0	0.00000E+0	0.00000E+0
0.00000E+0	0.00000E+0	0.00000E+0	0.00000E+0	0.00000E+0
0.00000E+0	0.00000E+0	0.00000E+0	0.00000E+0	0.00000E+0
0.00000E+0	0.00000E+0	0.00000E+0	0.00000E+0	0.00000E+0
0.00000E+0	0.00000E+0	0.00000E+0	0.00000E+0	0.00000E+0
0.00000E+0	0.00000E+0	0.00000E+0	0.00000E+0	0.00000E+0
0.00000E+0	0.00000E+0	0.00000E+0	0.00000E+0	0.00000E+0
0.00000E+0	0.00000E+0	0.00000E+0	0.00000E+0	0.00000E+0
0.00000E+0	0.00000E+0	0.00000E+0	0.00000E+0	0.00000E+0
0.00000E+0	0.00000E+0	0.00000E+0	0.00000E+0	0.00000E+0
0.00000E+0	0.00000E+0	0.00000E+0	0.00000E+0	0.00000E+0
0.00000E+0	0.00000E+0	0.00000E+0	0.00000E+0	0.00000E+0
0.00000E+0	0.00000E+0	0.00000E+0	0.00000E+0	0.00000E+0
0.00000E+0	0.00000E+0	0.00000E+0	0.00000E+0	0.00000E+0
0.00000E+0	0.00000E+0	0.00000E+0	0.00000E+0	0.00000E+0
0.00000E+0	0.00000E+0	0.00000E+0	0.00000E+0	0.00000E+0
0.00000E+0	0.00000E+0	0.00000E+0	0.00000E+0	0.00000E+0
0.00000E+0	0.00000E+0	0.00000E+0	0.00000E+0	0.00000E+0
0.00000E+0	0.00000E+0	0.00000E+0	0.00000E+0	0.00000E+0
0.00000E+0	0.00000E+0	0.00000E+0	0.00000E+0	0.00000E+0
0.00000E+0	0.00000E+0	0.00000E+0	0.00000E+0	0.00000E+0
0.00000E+0	0.00000E+0	0.00000E+0	0.00000E+0	0.00000E+0
0.00000E+0	0.00000E+0	0.00000E+0	0.00000E+0	0.00000E+0
0.00000E+0	0.00000E+0	0.00000E+0	0.00000E+0	0.00000E+0
0.00000E+0	0.00000E+0	0.00000E+0	0.00000E+0	0.00000E+0
0.00000E+0	0.00000E+0	0.00000E+0	0.00000E+0	0.00000E+0
0.00000E+0	0.00000E+0	0.00000E+0	0.00000E+0	0.00000E+0
0.00000E+0	0.00000E+0	0.00000E+0	0.00000E+0	0.00000E+0
0.00000E+0	0.00000E+0	0.00000E+0	0.00000E+0	0.00000E+0
0.00000E+0	0.00000E+0	0.00000E+0	0.00000E+0	0.00000E+0
0.00000E+0	0.00000E+0	0.00000E+0	0.00000E+0	0.00000E+0
0.00000E+0	0.00000E+0	0.00000E+0	0.00000E+0	0.00000E+0
0.00000E+0	0.00000E+0	0.00000E+0	0.00000E+0	0.00000E+0
0.00000E+0	0.00000E+0	0.00000E+0	0.00000E+0	0.00000E+0
0.00000E+0	0.00000E+0	0.00000E+0	0.00000E+0	0.00000E+0
0.00000E+0	0.00000E+0	0.00000E+0	0.00000E+0	0.00000E+0
0.00000E+0	0.00000E+0	0.00000E+0	0.00000E+0	0.00000E+0
0.00000E+0	0.00000E+0	0.00000E+0	0.00000E+0	0.00000E+0
0.00000E+0	0.00000E+0	0.00000E+0	0.00000E+0	0.00000E+0
0.00000E+0	0.00000E+0	0.00000E+0	0.00000E+0	0.00000E+0
0.00000E+0	0.00000E+0	0.00000E+0	0.00000E+0	0.00000E+0
0.00000E+0	0.00000E+0	0.00000E+0	0.00000E+0	0.00000E+0
0.00000E+0	0.00000E+0	0.00000E+0	0.00000E+0	0.00000E+0
0.00000E+0	0.00000E+0	0.00000E+0	0.00000E+0	0.00000E+0
0.00000E+0	0.00000E+0	0.00000E+0	0.00000E+0	0.00000E+0
0.00000E+0	0.00000E+0	0.00000E+0	0.00000E+0	0.00000E+0
0.00000E+0	0.00000E+0	0.00000E+0	0.00000E+0	0.00000E+0
0.00000E+0	0.00000E+0	0.00000E+0	0.00000E+0	0.00000E+0
0.00000E+0	0.00000E+0	0.00000E+0	0.00000E+0	0.00000E+0
0.00000E+0	0.00000E+0	0.00000E+0	0.00000E+0	0.00000E+0
0.00000E+0	0.00000E+0	0.00000E+0	0.00000E+0	0.00000E+0
0.00000E+0	0.00000E+0	0.00000E+0	0.00000E+0	0.00000E+0
0.00000E+0	0.00000E+0	0.00000E+0	0.00000E+0	0.00000E+0
0.00000E+0	0.00000E+0	0.00000E+0	0.00000E+0	0.00000E+0
0.00000E+0	0.00000E+0	0.00000E+0	0.00000E+0	0.00000E+0
0.00000E+0	0.00000E+0	0.00000E+0	0.00000E+0	0.00000E+0
0.00000E+0	0.00000E+0	0.00000E+0	0.00000E+0	0.00000E+0
0.00000E+0	0.00000E+0	0.00000E+0	0.00000E+0	0.00000E+0
0.00000E+0	0.00000E+0	0.00000E+0	0.00000E+0	0.00000E+0
0.00000E+0	0.00000E+0	0.00000E+0	0.00000E+0	0.00000E+0
0.00000E+0	0.00000E+0	0.00000E+0	0.00000E+0	0.00000E+0
0.00000E+0	0.00000E+0	0.00000E+0	0.00000E+0	0.00000E+0
0.00000E+0	0.00000E+0	0.00000E+0	0.00000E+0	0.00000E+0
0.00000E+0	0.00000E+0	0.00000E+0	0.00000E+0	0.00000E+0
0.00000E+0	0.00000E+0	0.00000E+0	0.00000E+0	0.00000E+0
0.00000E+0	0.00000E+0	0.00000E+0	0.00000E+0	0.00000E+0
0.00000E+0	0.00000E+0	0.00000E+0	0.00000E+0	0.00000E+0
0.00000E+0	0.00000E+0	0.00000E+0	0.00000E+0	0.00000E+0
0.00000E+0	0.00000E+0	0.00000E+0	0.00000E+0	0.00000E+0
0.00000E+0	0.00000E+0	0.00000E+0	0.00000E+0	0.00000E+0
0.00000E+0	0.00000E+0	0.00000E+0	0.00000E+0	0.00000E+0
0.00000E+0	0.00000E+0	0.00000E+0	0.00000E+0	0.00000E+0
0.00000E+0	0.00000E+0	0.00000E+0	0.00000E+0	0.00000E+0
0.00000E+0	0.00000E+0	0.00000E+0	0.00000E+0	0.00000E+0
0.00000E+0	0.00000E+0	0.00000E+0	0.00000E+0	0.00000E+0
0.00000E+0	0.00000E+0	0.00000E+0	0.00000E+0	0.00000E+0
0.00000E+0	0.00000E+0	0.00000E+0	0.00000E+0	0.00000E+0
0.00000E+0	0.00000E+0	0.00000E+0	0.00000E+0	0.00000E+0
0.00000E+0	0.00000E+0	0.00000E+0	0.00000E+0	0.00000E+0
0.00000E+0	0.00000E+0	0.00000E+0	0.00000E+0	0.00000E+0
0.00000E+0	0.00000E+0	0.00000E+0	0.00000E+0	0.00000E+0
0.00000E+0	0.00000E+0	0.00000E+0	0.00000E+0	0.00000E+0
0.00000E+0	0.00000E+0	0.00000E+0	0.00000E+0	0.00000E+0
0.00000E+0	0.00000E+0	0.00000E+0	0.00000E+0	0.00000E+0
0.00000E+0	0.00000E+0	0.00000E+0	0.00000E+0	0.00000E+0
0.00000E+0	0.00000E+0	0.00000E+0	0.00000E+0	0.00000E+0
0.00000E+0	0.00000E+0	0.00000E+0	0.00000E+0	0.00000E+0
0.00000E+0	0.00000E+0	0.00000E+0	0.00000E+0	0.00000E+0
0.00000E+0	0.00000E+0	0.00000E+0	0.00000E+0	0.00000E+0
0.00000E+0	0.00000E+0	0.00000E+0	0.00000E+0	0.00000E+0
0.00000E+0	0.00000E+0	0.00000E+0	0.00000E+0	0.00000E+0
0.00000E+0	0.00000E+0	0.00000E+0	0.00000E+0	0.00000E+0
0.00000E+0	0.00000E+0	0.00000E+0	0.00000E+0	0.00000E+0
0.00000E+0	0.00000E+0	0.00000E+0	0.00000E+0	0.00000E+0
0.00000E+0	0.00000E+0	0.00000E+0	0.00000E+0	0.00000E+0
0.00000E+0	0.00000E+0	0.00000E+0	0.00000E+0	0.00000E+0
0.00000E+0	0.00000E+0	0.00000E+0	0.00000E+0	0.00000E+0
0.00000E+0	0.00000E+0	0.00000E+0	0.00000E+0	0.00000E+0
0.00000E+0	0.00000E+0	0.00000E+0	0.00000E+0	0.00000E+0
0.00000E+0	0.00000E+0	0.00000E+0	0.00000E+0	0.00000E+0
0.00000E+0	0.00000E+0	0.00000E+0	0.00000E+0	0.00000E+0
0.00000E+0	0.00000E+0	0.00000E+0	0.00000E+0	0.00000E+0
0.00000E+0	0.00000E+0	0.00000E+0	0.00000E+0	0.00000E+0
0.00000E+0	0.00000E+0	0.00000E+0	0.00000E+0	0.00000E+0
0.00000E+0	0.00000E+0	0.00000E+0	0.00000E+0	0.00000E+0
0.00000E+0	0.00000E+0	0.00000E+0	0.00000E+0	0.00000E+0
0.00000E+0	0.00000E+0	0.00000E+0	0.00000E+0	0.00000E+0
0.00000E+0	0.00000E+0	0.00000E+0	0.00000E+0	0.00000E+0
0.00000E+0	0.00000E+0	0.00000E+0	0.00000E+0	0.00000E+0
0.00000E+0	0.00000E+0	0.00000E+0	0.00000E+0	0.00000E+0
0.00000E+0	0.00000E+0	0.00000E+0	0.00000E+0	0.00000E+0
0.00000E+0	0.00000E+0	0.00000E+0	0.00000E+0	0.00000E+0
0.00000E+0	0.00000E+0	0.00000E+0	0.00000E+0	0.00000E+0
0.00000E+0	0.00000E+0	0.00000E+0	0.00000E+0	0.00000E+0
0.00000E+0	0.00000E+0	0.00000E+0	0.00000E+0	0.00000E+0
0.00000E+0	0.00000E+0	0.00000E+0	0.00000E+0	0.00000E+0
0.00000E+0	0.00000E+0	0.00000E+0	0.00000E+0	0.00000E+0
0.00000E+0	0.00000E+0	0.00000E+0	0.00000E+0	0.00000E+0
0.00000E+0	0.00000E+0	0.00000E+0	0.00000E+0	0.00000E+0
0.00000E+0	0.00000E+0	0.00000E+0	0.00000E+0	0.00000E+0
0.00000E+0	0.00000E+0	0.00000E+0	0.00000E+0	0.00000E+0
0.00000E+0	0.00000E+0	0.00000E+0	0.00000E+0	0.00000E+0
0.00000E+0	0.00000E+0	0.00000E+0	0.00000E+0	0.00000E+0
0.00000E+0	0.00000E+0	0.00000E+0	0.00000E+0	0.00000E+0
0.00000E+0	0.00000E+0	0.00000E+0	0.00000E+0	0.00000E+0
0.00000E+0	0.00000E+0	0.00000E+0	0.00000E+0	0.00000E+0
0.00000E+0	0.00000E+0	0.00000E+0	0.00000E+0	0.00000E+0
0.00000E+0	0.00000E+0	0.00000E+0	0.00000E+0	0.00000E+0
0.00000E+0	0.00000E+0	0.00000E+0	0.00000E+0	0.00000E+0
0.00000E+0	0.00000E+0	0.00000E+0	0.00000E+0	0.00000E+0
0.00000E+0	0.00000E+0	0.00000E+0	0.00000E+0	0.00000E+0
0.00000E+0	0.00000E+0	0.00000E+0	0.00000E+0	0.00000E+0
0.00000E+0	0.00000E+0	0.00000E+0	0.00000E+0	0.00000E+0
0.00000E+0	0.00000E+0	0.00000E+0	0.00000E+0	0.00000E+0
0.00000E+0	0.00000E+0	0.00000E+0	0.00000E+0	0.00000E+0
0.00000E+0	0.00000E+0	0.00000E+0	0.00000E+0	0.00000E+0
0.00000E+0	0.00000E+0	0.00000E+0	0.00000E+0	0.00000E+0
0.00000E+0	0.00000E+0	0.00000E+0	0.00000E+0	0.00000E+0
0.00000E+0	0.00000E+0	0.00000E+0	0.00000E+0	0.00000E+0
0.00000E+0	0.00000E+0	0.00000E+0	0.00000E+0	0.00000E+0
0.00000E+0	0.00000E+0	0.00000E+0	0.00000E+0	0.00000E+0
0.00000E+0	0.00000E+0	0.00000E+0	0.00000E+0	0.00000E+0
0.00000E+0	0.00000E+0	0.00000E+0	0.00000E+0	0.00000E+0
0.00000E+0	0.00000E+0	0.00000E+0	0.00000E+0	0.00000E+0
0.00000E+0	0.00000E+0	0.00000E+0	0.00000E+0	0.00000E+0
0.00000E+0	0.00000E+0	0.00000E+0	0.00000E+0	0.00000E+0
0.00000E+0	0.00000E+0	0.00000E+0	0.00000E+0	0.00000E+0
0.00000E+0	0.00000E+0	0.00000E+0	0.00000E+0	0.00000E+0
0.00000E+0	0.00000E+0	0.00000E+0	0.00000E+0	0.00000E+0
0.00000E+0	0.00000E+0	0.00000E+0	0.00000E+0	0.00000E+0
0.00000E+0	0.00000E+0	0.00000E+0	0.00000E+0	0.00000E+0
0.00000E+0	0.00000E+0	0.00000E+0	0.00000E+0	0.00000E+0
0.00000E+0	0.00000E+0	0.00000E+0	0.00000E+0	0.00000E+0
0.00000E+0	0.00000E+0	0.00000E+0	0.00000E+0	0.00000E+0
0.00000E+0	0.00000E+0	0.00000E+0	0.00000E+0	0.00000E+0
0.00000E+0	0.00000E+0	0.00000E+0	0.00000E+0	0.00000E+0
0.00000E+0	0.00000E+0	0.00000E+0	0.00000E+0	0.00000E+0
0.00000E+0	0.00000E+0	0.00000E+0	0.00000E+0	0.00000E+0
0.00000E+0	0.00000E+0	0.00000E+0	0.00000E+0	0.00000E+0
0.00000E+0	0.00000E+0	0.00000E+0	0.00000E+0	0.00000E+0
0.00000E+0	0.00000E+0	0.00000E+0	0.00000E+0	0.00000E+0
0.00000E+0	0.00000E+0	0.00000E+0	0.00000E+0	0.00000E+0
0.00000E+0	0.00000E+0	0.00000E+0	0.00000E+0	0.00000E+0
0.00000E+0	0.00000E+0	0.00000E+0	0.00000E+0	0.00000E+0
0.00000E+0	0.00000E+0	0.00000E+0	0.00000E+0	0.00000E+0
0.00000E+0	0.00000E+0	0.00000E+0	0.00000E+0	0.00000E+0
0.00000E+0	0.00000E+0	0.00000E+0	0.00000E+0	0.00000E+0
0.00000E+0	0.00000E+0	0.00000E+0	0.00000E+0	0.00000E+0
0.00000E+0	0.00000E+0	0.00000E+0	0.00000E+0	0.00000E+0
0.00000E+0	0.00000E+0	0.00000E+0	0.00000E+0	0.00000E+0
0.00000E+0	0.00000E+0	0.00000E+0	0.00000E+0	0.00000E+0
0.00000E+0	0.00000E+0	0.00000E+0	0.00000E+0	0.00000E+0
0.00000E+0	0.00000E+0	0.00000E+0	0.00000E+0	0.00000E+0
0.00000E+0	0.00000E+0	0.00000E+0	0.00000E+0	0.00000E+0
0.00000E+0	0.00000E+0	0.00000E+0	0.00000E+0	0.00000E+0
0.00000E+0	0.00000E+0	0.00000E+0	0.00000E+0	0.00000E+0
0.00000E+0	0.00000E+0	0.00000E+0	0.00000E+0	0.00000E+0
0.00000E+0	0.00000E+0	0.00000E+0	0.00000E+0	0.00000E+0
0.00000E+0	0.00000E+0	0.00000E+0	0.00000E+0	0.00000E+0
0.00000E+0	0.00000E+0	0.00000E+0	0.00000E+0	0.00000E+0
0.00000E+0	0.00000E+0	0.00000E+0	0.00000E+0	0.00000E+0
0.00000E+0	0.00000E+0	0.00000E+0	0.00000E+0	0.00000E+0
0.00000E+0	0.00000E+0	0.00000E+0	0.00000E+0	0.00000E+0
0.00000E+0	0.00000E+0	0.00000E+0	0.00000E+0	0.00000E+0
0.00000E+0	0.00000E+0	0.00000E+0	0.00000E+0	0.00000E+0
0.00000E+0	0.00000E+0	0.00000E+0	0.00000E+0	0.00000E+0
0.00000E+0	0.00000E+0	0.00000E+0	0.00000E+0	0.00000E+0
0.00000E+0	0.00000E+0	0.00000E+0	0.00000E+0	0.00000E+0
0.00000E+0	0.00000E+0	0.00000E+0	0.00000E+0	0.00000E+0
0.00000E+0	0.00000E+0	0.00000E+0	0.00000E+0	0.00000E+0
