## Header ##
[General info]
User	Giorgos_Psaltakis
Device	Sample
Cell area (cm2)	1
Test	Pulsed
Date	2024-03-03
Time	04:18:23
Temperature	21.34
Note	

[Acquisition Settings]
Amplitude (V)	2.500
Frequency (Hz)	1.2
DC Offset (V)	1.250
Duty Cycle (%)	50
Phase (°)	0
Cycles	1

## Data ##
Time (s)	DC Channel Voltage (V)	DC Channel Current (A)	Pulse Channel Voltage (V)	Pulse Channel Current (A)
0.00000E+0	2.49267E+0	8.30802E-6	2.51253E+0	-2.07498E-7
6.55360E-4	2.49132E+0	1.05361E-5	2.49997E+0	-1.44584E-8
1.31072E-3	2.49065E+0	2.06280E-5	2.49989E+0	-8.04021E-9
1.96608E-3	2.49065E+0	1.25021E-5	2.50000E+0	-4.49832E-9
2.62144E-3	2.49065E+0	1.07982E-5	2.49998E+0	-3.33353E-9
3.27680E-3	2.48998E+0	7.78377E-6	2.50009E+0	-1.36433E-9
3.93216E-3	2.48998E+0	8.43908E-6	2.49999E+0	-1.96223E-10
4.58752E-3	2.49334E+0	9.09440E-6	2.49992E+0	6.79504E-10
5.24288E-3	2.49334E+0	1.51233E-5	2.49995E+0	2.08343E-9
5.89824E-3	2.49132E+0	1.09293E-5	2.50006E+0	2.02257E-9
6.55360E-3	2.48796E+0	-5.19152E-6	2.49997E+0	4.19382E-9
7.20896E-3	2.49199E+0	1.11914E-5	2.50002E+0	3.01906E-9
7.86432E-3	2.49065E+0	9.48759E-6	2.49996E+0	4.94784E-9
8.51968E-3	2.49065E+0	1.10604E-5	2.50006E+0	3.78306E-9
9.17504E-3	2.49199E+0	1.14535E-5	2.50000E+0	5.25687E-9
9.83040E-3	2.48998E+0	-1.39068E-6	2.49994E+0	4.93596E-9
1.04858E-2	2.48930E+0	1.01429E-5	2.50004E+0	5.74227E-9
1.11411E-2	2.48863E+0	1.91863E-5	2.50005E+0	4.59128E-9
1.17965E-2	2.49132E+0	1.32884E-5	2.50001E+0	5.70899E-9
1.24518E-2	2.49132E+0	1.72203E-5	2.50002E+0	6.42545E-9
1.31072E-2	2.49065E+0	9.22547E-6	2.49992E+0	5.70044E-9
1.37626E-2	2.49065E+0	9.61866E-6	2.50009E+0	6.13877E-9
1.44179E-2	2.49132E+0	1.28952E-5	2.49994E+0	6.69407E-9
1.50733E-2	2.48998E+0	1.15846E-5	2.49999E+0	6.37934E-9
1.57286E-2	2.49132E+0	1.21089E-5	2.49997E+0	6.86046E-9
1.63840E-2	2.48998E+0	8.43908E-6	2.49998E+0	6.06984E-9
1.70394E-2	2.49199E+0	7.52164E-6	2.50005E+0	6.31563E-9
1.76947E-2	2.49468E+0	1.04050E-5	2.49996E+0	6.71071E-9
1.83501E-2	2.49065E+0	1.70893E-5	2.50004E+0	7.55886E-9
1.90054E-2	2.48998E+0	1.00118E-5	2.50003E+0	5.39949E-9
1.96608E-2	2.49401E+0	1.10604E-5	2.50002E+0	7.96202E-9
2.03162E-2	2.49132E+0	6.34207E-6	2.49990E+0	6.82243E-9
2.09715E-2	2.48998E+0	3.72080E-6	2.50003E+0	8.13317E-9
2.16269E-2	2.48930E+0	1.81378E-5	2.49996E+0	7.44904E-9
2.22822E-2	2.49468E+0	8.43908E-6	2.50004E+0	7.26172E-9
2.29376E-2	2.49132E+0	2.22008E-5	2.50006E+0	6.60659E-9
2.35930E-2	2.49065E+0	1.06672E-5	2.49992E+0	1.08939E-8
2.42483E-2	2.48998E+0	1.17157E-5	2.49985E+0	2.16561E-8
2.49037E-2	2.49065E+0	9.74972E-6	2.49987E+0	4.51334E-8
2.55590E-2	2.49132E+0	6.99739E-6	2.49974E+0	9.25505E-8
2.62144E-2	2.49065E+0	9.88078E-6	2.50003E+0	1.13269E-7
2.68698E-2	2.48930E+0	1.15846E-5	2.50005E+0	1.10678E-7
2.75251E-2	2.49199E+0	1.18467E-5	2.50000E+0	9.63339E-8
2.81805E-2	2.49199E+0	8.96334E-6	2.50001E+0	8.71778E-8
2.88358E-2	2.49132E+0	1.25021E-5	2.50013E+0	7.75771E-8
2.94912E-2	2.49065E+0	9.88078E-6	2.50003E+0	6.45677E-8
3.01466E-2	2.49065E+0	1.07982E-5	2.50000E+0	5.80106E-8
3.08019E-2	2.48863E+0	1.02740E-5	2.50008E+0	5.31870E-8
3.14573E-2	2.49199E+0	5.68675E-6	2.50002E+0	4.48453E-8
3.21126E-2	2.49132E+0	7.39058E-6	2.49995E+0	4.31542E-8
3.27680E-2	2.48930E+0	1.04050E-5	2.50010E+0	3.90998E-8
3.34234E-2	2.49065E+0	1.10604E-5	2.49997E+0	3.90056E-8
3.40787E-2	2.48863E+0	1.51233E-5	2.50000E+0	3.31765E-8
3.47341E-2	2.49065E+0	8.70121E-6	2.49995E+0	3.19889E-8
3.53894E-2	2.48998E+0	1.07982E-5	2.50004E+0	2.87375E-8
3.60448E-2	2.49132E+0	-2.04600E-6	2.50010E+0	2.99122E-8
3.67002E-2	2.49132E+0	1.28952E-5	2.49995E+0	2.74115E-8
3.73555E-2	2.48729E+0	1.04050E-5	2.50001E+0	2.60147E-8
3.80109E-2	2.48796E+0	8.43908E-6	2.50000E+0	2.81708E-8
3.86662E-2	2.48930E+0	1.07982E-5	2.50007E+0	2.59643E-8
3.93216E-2	2.49065E+0	8.57015E-6	2.50006E+0	2.51209E-8
3.99770E-2	2.49334E+0	9.22547E-6	2.49987E+0	2.52041E-8
4.06323E-2	2.49267E+0	1.38127E-5	2.50002E+0	2.19665E-8
4.12877E-2	2.49199E+0	7.65270E-6	2.50001E+0	2.34503E-8
4.19430E-2	2.48998E+0	1.09293E-5	2.49996E+0	2.25556E-8
4.25984E-2	2.48930E+0	7.78377E-6	2.50003E+0	2.22874E-8
4.32538E-2	2.48863E+0	5.03143E-6	2.50008E+0	2.16551E-8
4.39091E-2	2.48998E+0	1.30263E-5	2.50000E+0	2.12406E-8
4.45645E-2	2.49132E+0	2.41016E-6	2.49996E+0	2.17103E-8
4.52198E-2	2.49065E+0	6.47313E-6	2.50001E+0	2.15382E-8
4.58752E-2	2.48796E+0	5.81781E-6	2.49992E+0	2.03358E-8
4.65306E-2	2.48930E+0	1.06672E-5	2.50003E+0	1.94173E-8
4.71859E-2	2.48998E+0	1.45991E-5	2.50000E+0	2.05845E-8
4.78413E-2	2.49401E+0	1.04050E-5	2.49999E+0	1.91482E-8
4.84966E-2	2.49065E+0	8.37401E-7	2.50001E+0	1.91140E-8
4.91520E-2	2.48998E+0	4.50718E-6	2.50002E+0	1.93954E-8
4.98074E-2	2.48662E+0	1.82084E-7	2.50003E+0	2.01271E-8
5.04627E-2	2.48796E+0	1.11914E-5	2.49992E+0	1.83714E-8
5.11181E-2	2.48930E+0	1.26331E-5	2.50003E+0	1.84741E-8
5.17734E-2	2.49267E+0	1.26331E-5	2.49996E+0	1.82383E-8
5.24288E-2	2.48998E+0	8.04589E-6	2.50004E+0	1.83747E-8
5.30842E-2	2.49065E+0	8.30802E-6	2.50001E+0	1.73911E-8
5.37395E-2	2.49199E+0	1.11914E-5	2.50000E+0	1.66822E-8
5.43949E-2	2.48930E+0	1.13225E-5	2.50000E+0	1.65614E-8
5.50502E-2	2.49334E+0	7.78377E-6	2.50000E+0	1.70716E-8
5.57056E-2	2.48998E+0	1.01429E-5	2.50004E+0	1.80809E-8
5.63610E-2	2.48998E+0	1.19778E-5	2.50000E+0	1.67878E-8
5.70163E-2	2.49132E+0	8.30802E-6	2.49999E+0	1.66618E-8
5.76717E-2	2.48863E+0	1.15846E-5	2.50005E+0	1.59643E-8
5.83270E-2	2.49132E+0	1.15846E-5	2.49999E+0	1.58032E-8
5.89824E-2	2.49267E+0	1.31574E-5	2.49995E+0	1.67440E-8
5.96378E-2	2.49401E+0	9.88078E-6	2.49993E+0	1.62643E-8
6.02931E-2	2.49401E+0	5.68675E-6	2.50002E+0	1.69784E-8
6.09485E-2	2.49065E+0	9.09440E-6	2.49997E+0	1.56116E-8
6.16038E-2	2.49199E+0	1.11914E-5	2.50009E+0	1.58379E-8
6.22592E-2	2.49065E+0	7.52164E-6	2.49997E+0	1.61236E-8
6.29146E-2	2.48863E+0	1.09293E-5	2.49996E+0	1.53196E-8
6.35699E-2	2.49132E+0	8.96334E-6	2.50004E+0	1.65800E-8
6.42253E-2	2.49334E+0	9.09440E-6	2.50003E+0	1.63641E-8
6.48806E-2	2.49132E+0	1.64340E-5	2.49992E+0	1.45186E-8
6.55360E-2	2.48998E+0	1.13225E-5	2.50000E+0	1.56653E-8
6.61914E-2	2.49065E+0	8.43908E-6	2.50012E+0	1.47986E-8
6.68467E-2	2.49065E+0	1.27642E-5	2.49999E+0	1.54513E-8
6.75021E-2	2.48998E+0	1.77446E-5	2.49993E+0	1.53125E-8
6.81574E-2	2.49267E+0	-4.79833E-6	2.50006E+0	1.61526E-8
6.88128E-2	2.48930E+0	1.06672E-5	2.50000E+0	1.41011E-8
6.94682E-2	2.49065E+0	7.12845E-6	2.49998E+0	1.49579E-8
7.01235E-2	2.48796E+0	2.25939E-5	2.49996E+0	1.62096E-8
7.07789E-2	2.48998E+0	1.30263E-5	2.50009E+0	1.47748E-8
7.14342E-2	2.49065E+0	9.09440E-6	2.49993E+0	1.54152E-8
7.20896E-2	2.49199E+0	9.22547E-6	2.50002E+0	1.45552E-8
7.27450E-2	2.49199E+0	4.90037E-6	2.49993E+0	1.55502E-8
7.34003E-2	2.49401E+0	8.43908E-6	2.50004E+0	1.36733E-8
7.40557E-2	2.48998E+0	1.34195E-5	2.50004E+0	1.60371E-8
7.47110E-2	2.49065E+0	5.75274E-7	2.49995E+0	1.40099E-8
7.53664E-2	2.48729E+0	9.48759E-6	2.50003E+0	1.44059E-8
7.60218E-2	2.49199E+0	1.01429E-5	2.49995E+0	1.56900E-8
7.66771E-2	2.48998E+0	1.25021E-5	2.50003E+0	1.50130E-8
7.73325E-2	2.49199E+0	8.04589E-6	2.49999E+0	1.44943E-8
7.79878E-2	2.48863E+0	8.83228E-6	2.49992E+0	1.42970E-8
7.86432E-2	2.49065E+0	1.02740E-5	2.50009E+0	1.48304E-8
7.92986E-2	2.49132E+0	1.47301E-5	2.50002E+0	1.50933E-8
7.99539E-2	2.48998E+0	7.91483E-6	2.50001E+0	1.35886E-8
8.06093E-2	2.49334E+0	6.60420E-6	2.50001E+0	1.49940E-8
8.12646E-2	2.49065E+0	1.45991E-5	2.50001E+0	1.44705E-8
8.19200E-2	2.49267E+0	1.13225E-5	2.49998E+0	1.49445E-8
8.25754E-2	2.49199E+0	7.52164E-6	2.49998E+0	1.55897E-8
8.32307E-2	2.48662E+0	1.05361E-5	2.49998E+0	1.33466E-8
8.38861E-2	2.48863E+0	1.10604E-5	2.50001E+0	1.53615E-8
8.45414E-2	2.49132E+0	9.74972E-6	2.50004E+0	1.46436E-8
8.51968E-2	2.49065E+0	1.35506E-5	2.49996E+0	1.48466E-8
8.58522E-2	2.49132E+0	1.02740E-5	2.50002E+0	1.48033E-8
8.65075E-2	2.48998E+0	9.48759E-6	2.49999E+0	1.31826E-8
8.71629E-2	2.49132E+0	1.65650E-5	2.50002E+0	1.49588E-8
8.78182E-2	2.49199E+0	6.99739E-6	2.49998E+0	1.47853E-8
8.84736E-2	2.49199E+0	1.00118E-5	2.49995E+0	1.49412E-8
8.91290E-2	2.48930E+0	1.01429E-5	2.50010E+0	1.41791E-8
8.97843E-2	2.48930E+0	6.73526E-6	2.49989E+0	1.37798E-8
9.04397E-2	2.49334E+0	8.70121E-6	2.49999E+0	1.39737E-8
9.10950E-2	2.49065E+0	1.57786E-5	2.50003E+0	1.45124E-8
9.17504E-2	2.48930E+0	6.86632E-6	2.50008E+0	1.56881E-8
9.24058E-2	2.48998E+0	-2.57025E-6	2.49991E+0	1.40408E-8
9.30611E-2	2.49065E+0	1.22399E-5	2.50002E+0	1.37151E-8
9.37165E-2	2.48930E+0	8.57015E-6	2.50009E+0	1.49117E-8
9.43718E-2	2.48729E+0	1.07982E-5	2.49996E+0	1.42642E-8
9.50272E-2	2.49065E+0	9.09440E-6	2.50004E+0	1.49830E-8
9.56826E-2	2.49468E+0	8.96334E-6	2.49991E+0	1.47967E-8
9.63379E-2	2.48998E+0	4.44211E-7	2.49998E+0	1.44667E-8
9.69933E-2	2.49065E+0	1.49272E-6	2.50004E+0	1.43331E-8
9.76486E-2	2.49199E+0	1.11914E-5	2.49995E+0	1.43660E-8
9.83040E-2	2.49132E+0	1.76135E-5	2.50005E+0	1.35763E-8
9.89594E-2	2.48796E+0	6.47313E-6	2.50004E+0	1.45694E-8
9.96147E-2	2.48863E+0	8.30802E-6	2.49997E+0	1.39856E-8
1.00270E-1	2.49065E+0	1.21089E-5	2.49996E+0	1.49103E-8
1.00925E-1	2.48796E+0	7.39058E-6	2.50004E+0	1.54746E-8
1.01581E-1	2.49334E+0	1.00118E-5	2.50004E+0	1.26259E-8
1.02236E-1	2.49132E+0	4.63824E-6	2.49997E+0	1.46208E-8
1.02892E-1	2.48998E+0	7.78377E-6	2.50003E+0	1.52616E-8
1.03547E-1	2.48930E+0	9.22547E-6	2.49994E+0	1.41891E-8
1.04202E-1	2.49132E+0	7.78377E-6	2.49998E+0	1.43427E-8
1.04858E-1	2.49065E+0	1.27642E-5	2.50001E+0	1.40393E-8
1.05513E-1	2.48863E+0	1.86620E-5	2.49995E+0	1.45271E-8
1.06168E-1	2.49065E+0	4.11399E-6	2.50004E+0	1.46412E-8
1.06824E-1	2.49132E+0	1.18467E-5	2.50005E+0	1.46783E-8
1.07479E-1	2.48998E+0	1.99727E-5	2.50001E+0	1.31536E-8
1.08134E-1	2.49401E+0	1.17157E-5	2.49992E+0	1.50078E-8
1.08790E-1	2.48863E+0	1.43369E-5	2.50005E+0	1.41368E-8
1.09445E-1	2.48594E+0	8.96334E-6	2.50000E+0	1.47529E-8
1.10100E-1	2.49199E+0	8.30802E-6	2.50006E+0	1.42024E-8
1.10756E-1	2.49065E+0	1.31574E-5	2.49998E+0	1.37560E-8
1.11411E-1	2.48998E+0	8.83228E-6	2.49991E+0	1.44896E-8
1.12067E-1	2.49065E+0	1.05361E-5	2.50010E+0	1.53311E-8
1.12722E-1	2.49065E+0	1.18467E-5	2.49994E+0	1.40341E-8
1.13377E-1	2.48729E+0	8.43908E-6	2.50002E+0	1.44339E-8
1.14033E-1	2.49401E+0	1.98416E-5	2.50003E+0	1.33110E-8
1.14688E-1	2.49065E+0	9.88078E-6	2.49994E+0	1.47567E-8
1.15343E-1	2.48998E+0	1.10604E-5	2.49999E+0	1.45870E-8
1.15999E-1	2.49267E+0	1.28952E-5	2.50005E+0	1.35230E-8
1.16654E-1	2.49132E+0	1.13225E-5	2.49994E+0	1.50477E-8
1.17309E-1	2.48930E+0	9.88078E-6	2.50002E+0	1.44011E-8
1.17965E-1	2.49267E+0	1.10604E-5	2.50002E+0	1.35682E-8
1.18620E-1	2.48930E+0	1.07982E-5	2.49994E+0	1.46165E-8
1.19276E-1	2.49065E+0	1.11914E-5	2.50007E+0	1.51333E-8
1.19931E-1	2.49267E+0	8.83228E-6	2.49994E+0	1.32468E-8
1.20586E-1	2.48863E+0	4.76931E-6	2.50003E+0	1.52474E-8
1.21242E-1	2.49132E+0	4.90037E-6	2.50001E+0	1.33856E-8
1.21897E-1	2.48930E+0	1.25021E-5	2.50000E+0	1.52350E-8
1.22552E-1	2.48863E+0	5.94888E-6	2.50002E+0	1.26017E-8
1.23208E-1	2.49065E+0	1.18467E-5	2.50006E+0	1.53843E-8
1.23863E-1	2.49199E+0	2.02348E-5	2.49992E+0	1.45899E-8
1.24518E-1	2.49132E+0	3.45867E-6	2.49997E+0	1.41644E-8
1.25174E-1	2.49065E+0	1.28952E-5	2.50002E+0	1.44216E-8
1.25829E-1	2.49065E+0	7.39058E-6	2.50004E+0	1.41468E-8
1.26484E-1	2.48930E+0	1.43369E-5	2.49996E+0	1.40593E-8
1.27140E-1	2.49065E+0	1.40748E-5	2.49994E+0	1.45552E-8
1.27795E-1	2.48729E+0	1.22399E-5	2.50012E+0	1.31104E-8
1.28451E-1	2.49334E+0	6.99739E-6	2.49996E+0	1.56895E-8
1.29106E-1	2.48930E+0	9.61866E-6	2.49998E+0	1.42105E-8
1.29761E-1	2.49065E+0	-4.14301E-6	2.50003E+0	1.44073E-8
1.30417E-1	2.49199E+0	9.74972E-6	2.50003E+0	1.44720E-8
1.31072E-1	2.48998E+0	1.07982E-5	2.50000E+0	1.32406E-8
1.31727E-1	2.49334E+0	9.88078E-6	2.50003E+0	1.47734E-8
1.32383E-1	2.49065E+0	5.55569E-6	2.49996E+0	1.46702E-8
1.33038E-1	2.49334E+0	6.73526E-6	2.49999E+0	1.47439E-8
1.33693E-1	2.49132E+0	1.06672E-5	2.49991E+0	1.31493E-8
1.34349E-1	2.48796E+0	1.06672E-5	2.50011E+0	1.50748E-8
1.35004E-1	2.48662E+0	1.18467E-5	2.49995E+0	1.35007E-8
1.35660E-1	2.48863E+0	1.22399E-5	2.50002E+0	1.47163E-8
1.36315E-1	2.49065E+0	1.00118E-5	2.50002E+0	1.42737E-8
1.36970E-1	2.48796E+0	1.48612E-5	2.50002E+0	1.50548E-8
1.37626E-1	2.49132E+0	1.09293E-5	2.49991E+0	1.37322E-8
1.38281E-1	2.49267E+0	1.14535E-5	2.50010E+0	1.45618E-8
1.38936E-1	2.49267E+0	1.17157E-5	2.49997E+0	1.38444E-8
1.39592E-1	2.49132E+0	1.40748E-5	2.49998E+0	1.44511E-8
1.40247E-1	2.48863E+0	9.48759E-6	2.50003E+0	1.49212E-8
1.40902E-1	2.48998E+0	7.91483E-6	2.49994E+0	1.34080E-8
1.41558E-1	2.49132E+0	2.80335E-6	2.50002E+0	1.49773E-8
1.42213E-1	2.49065E+0	1.53855E-5	2.50010E+0	1.37978E-8
1.42868E-1	2.48863E+0	7.65270E-6	2.49995E+0	1.44472E-8
1.43524E-1	2.49065E+0	8.57015E-6	2.50007E+0	1.45590E-8
1.44179E-1	2.48930E+0	8.83228E-6	2.49994E+0	1.46403E-8
1.44835E-1	2.49065E+0	7.78377E-6	2.49997E+0	1.37479E-8
1.45490E-1	2.48998E+0	8.37401E-7	2.49993E+0	1.44125E-8
1.46145E-1	2.49065E+0	9.22547E-6	2.50006E+0	1.52079E-8
1.46801E-1	2.49065E+0	1.52544E-5	2.49999E+0	1.41610E-8
1.47456E-1	2.49065E+0	8.17696E-6	2.50009E+0	1.37213E-8
1.48111E-1	2.48998E+0	1.23710E-5	2.49995E+0	1.36324E-8
1.48767E-1	2.48998E+0	1.17157E-5	2.49996E+0	1.55112E-8
1.49422E-1	2.49334E+0	1.60408E-5	2.49998E+0	1.44544E-8
1.50077E-1	2.49132E+0	8.70121E-6	2.50006E+0	1.38130E-8
1.50733E-1	2.49267E+0	2.03659E-5	2.49995E+0	1.53277E-8
1.51388E-1	2.49065E+0	8.57015E-6	2.50002E+0	1.38905E-8
1.52044E-1	2.48998E+0	1.36816E-5	2.49999E+0	1.30291E-8
1.52699E-1	2.48998E+0	1.18467E-5	2.50005E+0	1.60694E-8
1.53354E-1	2.49065E+0	8.43908E-6	2.49995E+0	1.41059E-8
1.54010E-1	2.49334E+0	8.30802E-6	2.49997E+0	1.36343E-8
1.54665E-1	2.49267E+0	5.03143E-6	2.50005E+0	1.42091E-8
1.55320E-1	2.49199E+0	1.15846E-5	2.50002E+0	1.53776E-8
1.55976E-1	2.49065E+0	1.00118E-5	2.49999E+0	1.33871E-8
1.56631E-1	2.49199E+0	1.78757E-5	2.49999E+0	1.54176E-8
1.57286E-1	2.49065E+0	1.36816E-5	2.49998E+0	1.44273E-8
1.57942E-1	2.48998E+0	7.39058E-6	2.50000E+0	1.37393E-8
1.58597E-1	2.49132E+0	1.75485E-6	2.50000E+0	1.41316E-8
1.59252E-1	2.48863E+0	9.74972E-6	2.50006E+0	1.43431E-8
1.59908E-1	2.49132E+0	9.09440E-6	2.49999E+0	1.39300E-8
1.60563E-1	2.49132E+0	1.02740E-5	2.49993E+0	1.51756E-8
1.61219E-1	2.48594E+0	1.43369E-5	2.50008E+0	1.38639E-8
1.61874E-1	2.48930E+0	9.74972E-6	2.49993E+0	1.52051E-8
1.62529E-1	2.48863E+0	1.10604E-5	2.49995E+0	1.46697E-8
1.63185E-1	2.49267E+0	1.17157E-5	2.50002E+0	1.28375E-8
1.63840E-1	2.48930E+0	8.96334E-6	2.50001E+0	1.52935E-8
1.64495E-1	2.48930E+0	9.74972E-6	2.50006E+0	1.38630E-8
1.65151E-1	2.49065E+0	6.34207E-6	2.49998E+0	1.43194E-8
1.65806E-1	2.48998E+0	9.61866E-6	2.49992E+0	1.47838E-8
1.66461E-1	2.49267E+0	7.78377E-6	2.50012E+0	1.46617E-8
1.67117E-1	2.49132E+0	9.22547E-6	2.49994E+0	1.46940E-8
1.67772E-1	2.48930E+0	3.58973E-6	2.49997E+0	1.36357E-8
1.68428E-1	2.48863E+0	1.13225E-5	2.50005E+0	1.47900E-8
1.69083E-1	2.48998E+0	1.55165E-5	2.49993E+0	1.33138E-8
1.69738E-1	2.48998E+0	9.88078E-6	2.50009E+0	1.49612E-8
1.70394E-1	2.49267E+0	7.25951E-6	2.49998E+0	1.43621E-8
1.71049E-1	2.49065E+0	1.07982E-5	2.50003E+0	1.38444E-8
1.71704E-1	2.49132E+0	1.69582E-5	2.49993E+0	1.52070E-8
1.72360E-1	2.49065E+0	5.55569E-6	2.50005E+0	1.48157E-8
1.73015E-1	2.49132E+0	1.21089E-5	2.49994E+0	1.39961E-8
1.73670E-1	2.49065E+0	5.29356E-6	2.50003E+0	1.35069E-8
1.74326E-1	2.48930E+0	-1.25961E-6	2.50002E+0	1.47634E-8
1.74981E-1	2.48863E+0	1.83999E-5	2.49999E+0	1.50715E-8
1.75636E-1	2.49132E+0	1.09293E-5	2.49996E+0	1.39438E-8
1.76292E-1	2.49334E+0	1.17157E-5	2.49999E+0	1.40702E-8
1.76947E-1	2.49065E+0	8.83228E-6	2.50006E+0	1.52417E-8
1.77603E-1	2.48998E+0	9.61866E-6	2.50001E+0	1.31926E-8
1.78258E-1	2.48930E+0	1.02740E-5	2.50004E+0	1.52830E-8
1.78913E-1	2.48930E+0	1.34195E-5	2.49995E+0	1.40641E-8
1.79569E-1	2.48863E+0	1.91863E-5	2.50005E+0	1.50087E-8
1.80224E-1	2.49132E+0	7.65270E-6	2.49993E+0	1.35981E-8
1.80879E-1	2.48930E+0	8.30802E-6	2.49996E+0	1.53525E-8
1.81535E-1	2.49065E+0	7.12845E-6	2.49999E+0	1.47534E-8
1.82190E-1	2.49132E+0	8.70121E-6	2.50010E+0	1.30966E-8
1.82845E-1	2.48998E+0	1.25021E-5	2.49994E+0	1.55383E-8
1.83501E-1	2.48998E+0	9.88078E-6	2.50002E+0	1.45209E-8
1.84156E-1	2.49065E+0	-3.22557E-6	2.50004E+0	1.36162E-8
1.84812E-1	2.48930E+0	8.96334E-6	2.50002E+0	1.47800E-8
1.85467E-1	2.48796E+0	2.63948E-5	2.49995E+0	1.35054E-8
1.86122E-1	2.49132E+0	9.88078E-6	2.50004E+0	1.47762E-8
1.86778E-1	2.49267E+0	1.02740E-5	2.49996E+0	1.43698E-8
1.87433E-1	2.49065E+0	9.48759E-6	2.50002E+0	1.47701E-8
1.88088E-1	2.48863E+0	6.21101E-6	2.50000E+0	1.44035E-8
1.88744E-1	2.48930E+0	4.63824E-6	2.49996E+0	1.49683E-8
1.89399E-1	2.48998E+0	8.96334E-6	2.49997E+0	1.39580E-8
1.90054E-1	2.48930E+0	1.04050E-5	2.49998E+0	1.49897E-8
1.90710E-1	2.49199E+0	9.88078E-6	2.50005E+0	1.39637E-8
1.91365E-1	2.49132E+0	9.22547E-6	2.50011E+0	1.45528E-8
1.92020E-1	2.48863E+0	1.01429E-5	2.49998E+0	1.46013E-8
1.92676E-1	2.48998E+0	9.88078E-6	2.50000E+0	1.45357E-8
1.93331E-1	2.49132E+0	1.10604E-5	2.49994E+0	1.53082E-8
1.93987E-1	2.49132E+0	9.35653E-6	2.49993E+0	1.41145E-8
1.94642E-1	2.48998E+0	1.13225E-5	2.50004E+0	1.51599E-8
1.95297E-1	2.48863E+0	8.17696E-6	2.50002E+0	1.33847E-8
1.95953E-1	2.48662E+0	1.55165E-5	2.50002E+0	1.43160E-8
1.96608E-1	2.48998E+0	1.64340E-5	2.49995E+0	1.42870E-8
1.97263E-1	2.48930E+0	1.28952E-5	2.50002E+0	1.57780E-8
1.97919E-1	2.48930E+0	9.74972E-6	2.50001E+0	1.36305E-8
1.98574E-1	2.48729E+0	1.17157E-5	2.49994E+0	1.52569E-8
1.99229E-1	2.48796E+0	9.35653E-6	2.50004E+0	1.46550E-8
1.99885E-1	2.49132E+0	8.83228E-6	2.50001E+0	1.38183E-8
2.00540E-1	2.48863E+0	9.22547E-6	2.50001E+0	1.42737E-8
2.01196E-1	2.49132E+0	9.09440E-6	2.50000E+0	1.44558E-8
2.01851E-1	2.48863E+0	1.01429E-5	2.49995E+0	1.46640E-8
2.02506E-1	2.49334E+0	7.39058E-6	2.49996E+0	1.55455E-8
2.03162E-1	2.49065E+0	7.65270E-6	2.50004E+0	1.35639E-8
2.03817E-1	2.48998E+0	1.15846E-5	2.50006E+0	1.49574E-8
2.04472E-1	2.49065E+0	6.86632E-6	2.50001E+0	1.48561E-8
2.05128E-1	2.49132E+0	1.21089E-5	2.50005E+0	1.42176E-8
2.05783E-1	2.48930E+0	6.60420E-6	2.49989E+0	1.50534E-8
2.06438E-1	2.48930E+0	1.70893E-5	2.50002E+0	1.37160E-8
2.07094E-1	2.49199E+0	1.45991E-5	2.50004E+0	1.52108E-8
2.07749E-1	2.49199E+0	8.17696E-6	2.49995E+0	1.43897E-8
2.08404E-1	2.48796E+0	1.06672E-5	2.49998E+0	1.45999E-8
2.09060E-1	2.48998E+0	1.06672E-5	2.50008E+0	1.51328E-8
2.09715E-1	2.49065E+0	8.96334E-6	2.50002E+0	1.45575E-8
2.10371E-1	2.49199E+0	1.01429E-5	2.49992E+0	1.42557E-8
2.11026E-1	2.48998E+0	1.15846E-5	2.50000E+0	1.51276E-8
2.11681E-1	2.49132E+0	1.94484E-5	2.49999E+0	1.45571E-8
2.12337E-1	2.48662E+0	1.02740E-5	2.50000E+0	1.35677E-8
2.12992E-1	2.49199E+0	6.60420E-6	2.50005E+0	1.46702E-8
2.13647E-1	2.48998E+0	2.15454E-5	2.49995E+0	1.54756E-8
2.14303E-1	2.49199E+0	7.91483E-6	2.49996E+0	1.44030E-8
2.14958E-1	2.49199E+0	1.23059E-6	2.50001E+0	1.48975E-8
2.15613E-1	2.48998E+0	1.04050E-5	2.50000E+0	1.49764E-8
2.16269E-1	2.49132E+0	8.70121E-6	2.50008E+0	1.37289E-8
2.16924E-1	2.48796E+0	9.09440E-6	2.49997E+0	1.42286E-8
2.17580E-1	2.49199E+0	1.18467E-5	2.49998E+0	1.50135E-8
2.18235E-1	2.48930E+0	6.99739E-6	2.49996E+0	1.53624E-8
2.18890E-1	2.48796E+0	1.10604E-5	2.50003E+0	1.51937E-8
2.19546E-1	2.49065E+0	9.09440E-6	2.50006E+0	1.43498E-8
2.20201E-1	2.48863E+0	9.09440E-6	2.49998E+0	1.42095E-8
2.20856E-1	2.48796E+0	1.28952E-5	2.49997E+0	1.43702E-8
2.21512E-1	2.48863E+0	1.21089E-5	2.49996E+0	1.42623E-8
2.22167E-1	2.49132E+0	7.12845E-6	2.50014E+0	1.51889E-8
2.22822E-1	2.48998E+0	9.88078E-6	2.49999E+0	1.49265E-8
2.23478E-1	2.49199E+0	1.02740E-5	2.49996E+0	1.34669E-8
2.24133E-1	2.48998E+0	6.47313E-6	2.49993E+0	1.64298E-8
2.24788E-1	2.48930E+0	7.06338E-7	2.50000E+0	1.50948E-8
2.25444E-1	2.48796E+0	3.06548E-6	2.50003E+0	1.45209E-8
2.26099E-1	2.49334E+0	8.57015E-6	2.50004E+0	1.43341E-8
2.26755E-1	2.48796E+0	1.15846E-5	2.49996E+0	1.39314E-8
2.27410E-1	2.49065E+0	3.72080E-6	2.50005E+0	1.40693E-8
2.28065E-1	2.48930E+0	1.44680E-5	2.50004E+0	1.53724E-8
2.28721E-1	2.49199E+0	8.96334E-6	2.49997E+0	1.44216E-8
2.29376E-1	2.49065E+0	9.35653E-6	2.49995E+0	1.63737E-8
2.30031E-1	2.48662E+0	1.45991E-5	2.50004E+0	1.41924E-8
2.30687E-1	2.48930E+0	2.29871E-5	2.49997E+0	1.50544E-8
2.31342E-1	2.49267E+0	1.89242E-5	2.49996E+0	1.38553E-8
2.31997E-1	2.49132E+0	1.39438E-5	2.50010E+0	1.48813E-8
2.32653E-1	2.48930E+0	7.12845E-6	2.49990E+0	1.52788E-8
2.33308E-1	2.48930E+0	1.00118E-5	2.50000E+0	1.36999E-8
2.33964E-1	2.48998E+0	2.08901E-5	2.50006E+0	1.49317E-8
2.34619E-1	2.48998E+0	1.09293E-5	2.49998E+0	1.57100E-8
2.35274E-1	2.49334E+0	1.13225E-5	2.50003E+0	1.42366E-8
2.35930E-1	2.49267E+0	2.67229E-6	2.49998E+0	1.42918E-8
2.36585E-1	2.48863E+0	1.34195E-5	2.50001E+0	1.48756E-8
2.37240E-1	2.48863E+0	8.43908E-6	2.50002E+0	1.56125E-8
2.37896E-1	2.48998E+0	1.01429E-5	2.49996E+0	1.50491E-8
2.38551E-1	2.48796E+0	1.64340E-5	2.50002E+0	1.47420E-8
2.39206E-1	2.49199E+0	1.06672E-5	2.50005E+0	1.41610E-8
2.39862E-1	2.49132E+0	8.57015E-6	2.49993E+0	1.51547E-8
2.40517E-1	2.48930E+0	5.94888E-6	2.50006E+0	1.51851E-8
2.41172E-1	2.49065E+0	3.06548E-6	2.50000E+0	1.34327E-8
2.41828E-1	2.48594E+0	1.19778E-5	2.49998E+0	1.61050E-8
2.42483E-1	2.49199E+0	1.31574E-5	2.50000E+0	1.49350E-8
2.43139E-1	2.49065E+0	8.57015E-6	2.49987E+0	1.38729E-8
2.43794E-1	2.49065E+0	8.96334E-6	2.50002E+0	1.44796E-8
2.44449E-1	2.49065E+0	8.83228E-6	2.50007E+0	1.61359E-8
2.45105E-1	2.49132E+0	7.39058E-6	2.50006E+0	1.46479E-8
2.45760E-1	2.49199E+0	-1.39068E-6	2.49993E+0	1.46246E-8
2.46415E-1	2.48863E+0	8.70121E-6	2.50003E+0	1.49926E-8
2.47071E-1	2.49065E+0	9.61866E-6	2.50007E+0	1.40498E-8
2.47726E-1	2.49132E+0	7.52164E-6	2.49998E+0	1.48670E-8
2.48381E-1	2.49065E+0	1.13225E-5	2.49997E+0	1.58393E-8
2.49037E-1	2.48930E+0	1.40748E-5	2.49993E+0	1.41568E-8
2.49692E-1	2.49065E+0	1.00118E-5	2.50000E+0	1.43797E-8
2.50348E-1	2.49065E+0	7.65270E-6	2.50003E+0	1.57870E-8
2.51003E-1	2.48930E+0	9.88078E-6	2.49996E+0	1.36195E-8
2.51658E-1	2.49132E+0	1.00118E-5	2.50004E+0	1.47853E-8
2.52314E-1	2.48998E+0	8.04589E-6	2.49998E+0	1.57599E-8
2.52969E-1	2.49199E+0	5.81781E-6	2.50003E+0	1.43916E-8
2.53624E-1	2.48930E+0	7.39058E-6	2.50001E+0	1.45604E-8
2.54280E-1	2.49132E+0	7.78377E-6	2.50008E+0	1.55802E-8
2.54935E-1	2.49199E+0	7.65270E-6	2.49983E+0	1.47449E-8
2.55590E-1	2.49132E+0	1.04050E-5	2.50008E+0	1.55602E-8
2.56246E-1	2.48998E+0	5.10203E-8	2.50007E+0	1.47625E-8
2.56901E-1	2.48998E+0	4.11399E-6	2.49989E+0	1.40355E-8
2.57556E-1	2.49199E+0	1.35506E-5	2.50003E+0	1.53035E-8
2.58212E-1	2.49065E+0	1.56476E-5	2.49999E+0	1.39828E-8
2.58867E-1	2.48863E+0	1.26331E-5	2.50000E+0	1.52155E-8
2.59523E-1	2.49199E+0	1.22399E-5	2.49998E+0	1.57257E-8
2.60178E-1	2.49065E+0	1.02740E-5	2.50010E+0	1.40279E-8
2.60833E-1	2.49199E+0	5.81781E-6	2.49994E+0	1.59120E-8
2.61489E-1	2.48998E+0	-1.39068E-6	2.50000E+0	1.45271E-8
2.62144E-1	2.48796E+0	1.06672E-5	2.49999E+0	1.47772E-8
2.62799E-1	2.49199E+0	1.11914E-5	2.50003E+0	1.45575E-8
2.63455E-1	2.48863E+0	-1.65281E-6	2.50004E+0	1.49460E-8
2.64110E-1	2.48930E+0	7.06338E-7	2.49993E+0	1.62553E-8
2.64765E-1	2.48863E+0	1.86620E-5	2.50000E+0	1.36072E-8
2.65421E-1	2.48998E+0	1.28952E-5	2.50003E+0	1.52070E-8
2.66076E-1	2.49065E+0	3.72080E-6	2.50000E+0	1.47006E-8
2.66732E-1	2.49065E+0	9.88078E-6	2.50000E+0	1.54214E-8
2.67387E-1	2.48998E+0	2.41016E-6	2.50001E+0	1.50910E-8
2.68042E-1	2.48930E+0	1.27642E-5	2.50002E+0	1.45076E-8
2.68698E-1	2.48796E+0	1.17157E-5	2.49987E+0	1.53829E-8
2.69353E-1	2.49199E+0	9.09440E-6	2.50005E+0	1.50796E-8
2.70008E-1	2.48930E+0	2.63948E-5	2.50003E+0	1.56306E-8
2.70664E-1	2.48998E+0	1.02740E-5	2.49997E+0	1.43408E-8
2.71319E-1	2.48729E+0	4.11399E-6	2.50010E+0	1.47972E-8
2.71974E-1	2.48998E+0	1.23059E-6	2.49995E+0	1.44610E-8
2.72630E-1	2.48930E+0	7.52164E-6	2.50006E+0	1.52916E-8
2.73285E-1	2.49065E+0	1.70893E-5	2.49993E+0	1.56786E-8
2.73940E-1	2.48930E+0	2.12833E-5	2.49999E+0	1.53439E-8
2.74596E-1	2.49065E+0	1.26331E-5	2.50002E+0	1.33956E-8
2.75251E-1	2.48863E+0	3.58973E-6	2.50002E+0	1.57185E-8
2.75907E-1	2.49065E+0	1.07982E-5	2.49997E+0	1.58921E-8
2.76562E-1	2.49065E+0	8.96334E-6	2.49998E+0	1.50967E-8
2.77217E-1	2.49065E+0	8.04589E-6	2.49999E+0	1.44311E-8
2.77873E-1	2.49132E+0	9.09440E-6	2.50004E+0	1.46669E-8
2.78528E-1	2.48998E+0	-3.09450E-6	2.49991E+0	1.49521E-8
2.79183E-1	2.48998E+0	8.04589E-6	2.50003E+0	1.58982E-8
2.79839E-1	2.48863E+0	6.21101E-6	2.50003E+0	1.50263E-8
2.80494E-1	2.48998E+0	8.30802E-6	2.50003E+0	1.52003E-8
2.81149E-1	2.48796E+0	2.80335E-6	2.49998E+0	1.41777E-8
2.81805E-1	2.49065E+0	1.85310E-5	2.49993E+0	1.55854E-8
2.82460E-1	2.49065E+0	1.06672E-5	2.50015E+0	1.52345E-8
2.83116E-1	2.49132E+0	1.21089E-5	2.49999E+0	1.48889E-8
2.83771E-1	2.49065E+0	8.17696E-6	2.49991E+0	1.48922E-8
2.84426E-1	2.48863E+0	1.09293E-5	2.50003E+0	1.48903E-8
2.85082E-1	2.49199E+0	8.17696E-6	2.49996E+0	1.60256E-8
2.85737E-1	2.48796E+0	1.18467E-5	2.50009E+0	1.46873E-8
2.86392E-1	2.48998E+0	1.13225E-5	2.50000E+0	1.46764E-8
2.87048E-1	2.48930E+0	8.43908E-6	2.49994E+0	1.57195E-8
2.87703E-1	2.49065E+0	9.09440E-6	2.49999E+0	1.47777E-8
2.88358E-1	2.49132E+0	8.83228E-6	2.50003E+0	1.60585E-8
2.89014E-1	2.48998E+0	1.09293E-5	2.50000E+0	1.40859E-8
2.89669E-1	2.48998E+0	1.40748E-5	2.50007E+0	1.52474E-8
2.90324E-1	2.48930E+0	8.96334E-6	2.49989E+0	1.52902E-8
2.90980E-1	2.48930E+0	1.09293E-5	2.50000E+0	1.47182E-8
2.91635E-1	2.48796E+0	6.60420E-6	2.49995E+0	1.51685E-8
2.92291E-1	2.48998E+0	1.14535E-5	2.50008E+0	1.60119E-8
2.92946E-1	2.49199E+0	5.03143E-6	2.49997E+0	1.35924E-8
2.93601E-1	2.48930E+0	9.09440E-6	2.50001E+0	1.53667E-8
2.94257E-1	2.49132E+0	9.61866E-6	2.50004E+0	1.61621E-8
2.94912E-1	2.49199E+0	8.57015E-6	2.50003E+0	1.43374E-8
2.95567E-1	2.49199E+0	1.15846E-5	2.50003E+0	1.52322E-8
2.96223E-1	2.49065E+0	1.28952E-5	2.49992E+0	1.64260E-8
2.96878E-1	2.49199E+0	2.19386E-5	2.50006E+0	1.46450E-8
2.97533E-1	2.49065E+0	1.18467E-5	2.49991E+0	1.45129E-8
2.98189E-1	2.48998E+0	7.78377E-6	2.50003E+0	1.53263E-8
2.98844E-1	2.48998E+0	1.82084E-7	2.49996E+0	1.57528E-8
2.99500E-1	2.49132E+0	1.06672E-5	2.49999E+0	1.42499E-8
3.00155E-1	2.49065E+0	3.98293E-6	2.50008E+0	1.49289E-8
3.00810E-1	2.49065E+0	-4.73234E-7	2.49998E+0	1.52345E-8
3.01466E-1	2.48796E+0	9.22547E-6	2.49999E+0	1.62662E-8
3.02121E-1	2.49199E+0	2.01697E-6	2.50003E+0	1.55921E-8
3.02776E-1	2.48930E+0	1.10604E-5	2.50006E+0	1.49517E-8
3.03432E-1	2.48796E+0	1.53855E-5	2.49997E+0	1.44858E-8
3.04087E-1	2.48998E+0	9.61866E-6	2.49998E+0	1.52364E-8
3.04742E-1	2.48998E+0	1.04050E-5	2.49996E+0	1.63589E-8
3.05398E-1	2.48998E+0	7.12845E-6	2.49996E+0	1.54632E-8
3.06053E-1	2.48796E+0	-1.91493E-6	2.50006E+0	1.39856E-8
3.06708E-1	2.49132E+0	1.28952E-5	2.49996E+0	1.52241E-8
3.07364E-1	2.49132E+0	9.61866E-6	2.49997E+0	1.57960E-8
3.08019E-1	2.49132E+0	9.35653E-6	2.50004E+0	1.57551E-8
3.08675E-1	2.48998E+0	8.57015E-6	2.50007E+0	1.45937E-8
3.09330E-1	2.49065E+0	8.04589E-6	2.49990E+0	1.55436E-8
3.09985E-1	2.49199E+0	1.02740E-5	2.50006E+0	1.55084E-8
3.10641E-1	2.48998E+0	8.04589E-6	2.49994E+0	1.56463E-8
3.11296E-1	2.49199E+0	1.53855E-5	2.49999E+0	1.52322E-8
3.11951E-1	2.49132E+0	1.10604E-5	2.50003E+0	1.52231E-8
3.12607E-1	2.49199E+0	6.07994E-6	2.50004E+0	1.53168E-8
3.13262E-1	2.48998E+0	1.07982E-5	2.50007E+0	1.43441E-8
3.13917E-1	2.48729E+0	1.05361E-5	2.49997E+0	1.50662E-8
3.14573E-1	2.49065E+0	3.06548E-6	2.49999E+0	1.54713E-8
3.15228E-1	2.48998E+0	1.01429E-5	2.50002E+0	1.58198E-8
3.15884E-1	2.48998E+0	1.07982E-5	2.50000E+0	1.48875E-8
3.16539E-1	2.48863E+0	6.07994E-6	2.49989E+0	1.56344E-8
3.17194E-1	2.48998E+0	9.35653E-6	2.50003E+0	1.59867E-8
3.17850E-1	2.49199E+0	6.07994E-6	2.49999E+0	1.42923E-8
3.18505E-1	2.49065E+0	2.10212E-5	2.50008E+0	1.56310E-8
3.19160E-1	2.48930E+0	1.48612E-5	2.50001E+0	1.52160E-8
3.19816E-1	2.49199E+0	1.21089E-5	2.50005E+0	1.55350E-8
3.20471E-1	2.48863E+0	8.04589E-6	2.49988E+0	1.54005E-8
3.21126E-1	2.48930E+0	7.65270E-6	2.50004E+0	1.59082E-8
3.21782E-1	2.48930E+0	1.14535E-5	2.49997E+0	1.54841E-8
3.22437E-1	2.48998E+0	1.85310E-5	2.50003E+0	1.41663E-8
3.23092E-1	2.49065E+0	9.22547E-6	2.49993E+0	1.63004E-8
3.23748E-1	2.48796E+0	1.11914E-5	2.50002E+0	1.44881E-8
3.24403E-1	2.48662E+0	1.02740E-5	2.50000E+0	1.51295E-8
3.25059E-1	2.49065E+0	4.90037E-6	2.49997E+0	1.61027E-8
3.25714E-1	2.48998E+0	3.72080E-6	2.50013E+0	1.51124E-8
3.26369E-1	2.48930E+0	9.35653E-6	2.49992E+0	1.58702E-8
3.27025E-1	2.49065E+0	9.61866E-6	2.50001E+0	1.44335E-8
3.27680E-1	2.49065E+0	1.07982E-5	2.50003E+0	1.64797E-8
3.28335E-1	2.48863E+0	1.49923E-5	2.50000E+0	1.55455E-8
3.28991E-1	2.48930E+0	8.43908E-6	2.50000E+0	1.49398E-8
3.29646E-1	2.48998E+0	7.65270E-6	2.49995E+0	1.49217E-8
3.30301E-1	2.49199E+0	1.27642E-5	2.49999E+0	1.60998E-8
3.30957E-1	2.48863E+0	1.74825E-5	2.49999E+0	1.52374E-8
3.31612E-1	2.48863E+0	6.21101E-6	2.50002E+0	1.58588E-8
3.32268E-1	2.48863E+0	1.21089E-5	2.49998E+0	1.39133E-8
3.32923E-1	2.49065E+0	1.32884E-5	2.50000E+0	1.65957E-8
3.33578E-1	2.49132E+0	-1.25961E-6	2.50008E+0	1.40265E-8
3.34234E-1	2.48998E+0	1.34195E-5	2.49999E+0	1.56852E-8
3.34889E-1	2.49065E+0	6.99739E-6	2.50005E+0	1.54399E-8
3.35544E-1	2.49065E+0	8.30802E-6	2.49992E+0	1.60280E-8
3.36200E-1	2.49132E+0	1.05361E-5	2.50002E+0	1.53815E-8
3.36855E-1	2.48930E+0	9.22547E-6	2.49993E+0	1.49826E-8
3.37510E-1	2.48998E+0	-2.11107E-7	2.50003E+0	1.46355E-8
3.38166E-1	2.49132E+0	9.22547E-6	2.50008E+0	1.59843E-8
3.38821E-1	2.48863E+0	4.76931E-6	2.50001E+0	1.47021E-8
3.39476E-1	2.48930E+0	1.69582E-5	2.49991E+0	1.63014E-8
3.40132E-1	2.49065E+0	1.22399E-5	2.50002E+0	1.53230E-8
3.40787E-1	2.48930E+0	-2.70131E-6	2.49997E+0	1.54337E-8
3.41443E-1	2.48998E+0	9.09440E-6	2.50008E+0	1.46270E-8
3.42098E-1	2.49199E+0	5.94888E-6	2.49998E+0	1.62553E-8
3.42753E-1	2.48998E+0	8.96334E-6	2.50003E+0	1.49003E-8
3.43409E-1	2.48729E+0	1.04050E-5	2.49995E+0	1.48628E-8
3.44064E-1	2.48863E+0	5.68675E-6	2.50001E+0	1.59638E-8
3.44719E-1	2.48998E+0	1.22399E-5	2.49991E+0	1.50629E-8
3.45375E-1	2.49267E+0	1.09293E-5	2.50005E+0	1.61987E-8
3.46030E-1	2.48930E+0	-2.57025E-6	2.50002E+0	1.51086E-8
3.46685E-1	2.48460E+0	2.49531E-5	2.49994E+0	1.47515E-8
3.47341E-1	2.49267E+0	9.74972E-6	2.50011E+0	1.56496E-8
3.47996E-1	2.49065E+0	9.22547E-6	2.49991E+0	1.56962E-8
3.48652E-1	2.48998E+0	1.28952E-5	2.50009E+0	1.47934E-8
3.49307E-1	2.48998E+0	8.83228E-6	2.49993E+0	1.51818E-8
3.49962E-1	2.48930E+0	-8.00432E-8	2.49998E+0	1.58849E-8
3.50618E-1	2.48998E+0	1.09293E-5	2.49999E+0	1.54052E-8
3.51273E-1	2.49065E+0	1.27642E-5	2.50009E+0	1.57594E-8
3.51928E-1	2.49199E+0	1.06672E-5	2.49987E+0	1.47401E-8
3.52584E-1	2.48998E+0	4.24505E-6	2.50003E+0	1.63737E-8
3.53239E-1	2.49199E+0	1.68271E-5	2.50010E+0	1.42381E-8
3.53894E-1	2.48930E+0	1.21089E-5	2.49995E+0	1.57699E-8
3.54550E-1	2.49267E+0	1.07982E-5	2.49995E+0	1.50244E-8
3.55205E-1	2.49132E+0	6.34207E-6	2.50004E+0	1.63004E-8
3.55860E-1	2.48796E+0	1.11914E-5	2.50008E+0	1.50144E-8
3.56516E-1	2.48863E+0	7.91483E-6	2.49990E+0	1.54385E-8
3.57171E-1	2.49334E+0	1.00118E-5	2.50003E+0	1.51594E-8
3.57827E-1	2.49065E+0	1.01429E-5	2.50000E+0	1.50515E-8
3.58482E-1	2.49334E+0	1.19778E-5	2.49994E+0	1.62320E-8
3.59137E-1	2.49199E+0	9.74972E-6	2.50007E+0	1.54884E-8
3.59793E-1	2.48863E+0	8.30802E-6	2.49994E+0	1.52925E-8
3.60448E-1	2.49132E+0	4.50718E-6	2.50003E+0	1.59762E-8
3.61103E-1	2.49401E+0	8.96334E-6	2.50001E+0	1.50201E-8
3.61759E-1	2.48930E+0	8.43908E-6	2.50011E+0	1.47159E-8
3.62414E-1	2.48930E+0	8.96334E-6	2.49984E+0	1.59558E-8
3.63069E-1	2.49199E+0	9.35653E-6	2.50008E+0	1.59824E-8
3.63725E-1	2.49132E+0	7.65270E-6	2.49998E+0	1.37251E-8
3.64380E-1	2.48729E+0	4.76931E-6	2.50002E+0	1.56886E-8
3.65036E-1	2.48930E+0	6.73526E-6	2.50004E+0	1.63080E-8
3.65691E-1	2.49132E+0	-3.74982E-6	2.49995E+0	1.45309E-8
3.66346E-1	2.48863E+0	2.42978E-5	2.49988E+0	1.59358E-8
3.67002E-1	2.48594E+0	1.23710E-5	2.50006E+0	1.62938E-8
3.67657E-1	2.48863E+0	1.05361E-5	2.50006E+0	1.47586E-8
3.68312E-1	2.49199E+0	1.04050E-5	2.49996E+0	1.56871E-8
3.68968E-1	2.48998E+0	8.83228E-6	2.50000E+0	1.59477E-8
3.69623E-1	2.49065E+0	1.11914E-5	2.50008E+0	1.44539E-8
3.70278E-1	2.48930E+0	9.48759E-6	2.50000E+0	1.57585E-8
3.70934E-1	2.49199E+0	7.78377E-6	2.49992E+0	1.59253E-8
3.71589E-1	2.49065E+0	8.83228E-6	2.50006E+0	1.57147E-8
3.72244E-1	2.48796E+0	1.01429E-5	2.50001E+0	1.45723E-8
3.72900E-1	2.48729E+0	9.74972E-6	2.50002E+0	1.57309E-8
3.73555E-1	2.48863E+0	1.60408E-5	2.49989E+0	1.56677E-8
3.74211E-1	2.48863E+0	-1.65281E-6	2.49999E+0	1.53743E-8
3.74866E-1	2.49065E+0	5.75274E-7	2.50002E+0	1.55117E-8
3.75521E-1	2.48998E+0	2.10212E-5	2.50001E+0	1.53653E-8
3.76177E-1	2.48930E+0	7.52164E-6	2.50006E+0	1.61331E-8
3.76832E-1	2.49334E+0	7.06338E-7	2.49990E+0	1.52312E-8
3.77487E-1	2.49132E+0	1.36816E-5	2.50008E+0	1.54737E-8
3.78143E-1	2.49132E+0	1.02740E-5	2.49995E+0	1.57138E-8
3.78798E-1	2.48796E+0	1.01429E-5	2.50006E+0	1.45480E-8
3.79453E-1	2.48863E+0	8.30802E-6	2.50005E+0	1.60608E-8
3.80109E-1	2.49132E+0	1.00118E-5	2.49998E+0	1.56396E-8
3.80764E-1	2.49199E+0	9.09440E-6	2.49996E+0	1.53044E-8
3.81420E-1	2.49334E+0	1.40748E-5	2.49997E+0	1.50933E-8
3.82075E-1	2.49468E+0	1.14535E-5	2.49999E+0	1.66637E-8
3.82730E-1	2.48930E+0	1.00118E-5	2.50006E+0	1.53201E-8
3.83386E-1	2.48662E+0	1.88591E-6	2.49999E+0	1.56068E-8
3.84041E-1	2.48863E+0	1.18467E-5	2.49998E+0	1.55783E-8
3.84696E-1	2.48998E+0	1.01429E-5	2.49999E+0	1.47900E-8
3.85352E-1	2.48998E+0	5.68675E-6	2.50007E+0	1.60551E-8
3.86007E-1	2.49132E+0	1.01429E-5	2.49995E+0	1.56144E-8
3.86662E-1	2.48796E+0	9.74972E-6	2.49998E+0	1.56620E-8
3.87318E-1	2.48998E+0	6.07994E-6	2.49999E+0	1.55326E-8
3.87973E-1	2.49199E+0	1.14535E-5	2.49999E+0	1.59805E-8
3.88628E-1	2.48863E+0	8.70121E-6	2.49996E+0	1.45908E-8
3.89284E-1	2.49267E+0	2.42978E-5	2.50005E+0	1.49027E-8
3.89939E-1	2.49065E+0	1.15846E-5	2.50001E+0	1.52840E-8
3.90595E-1	2.48662E+0	8.57015E-6	2.50002E+0	1.74609E-8
3.91250E-1	2.48998E+0	1.15846E-5	2.50000E+0	1.43683E-8
3.91905E-1	2.49065E+0	3.85186E-6	2.49993E+0	1.60566E-8
3.92561E-1	2.48998E+0	7.78377E-6	2.50007E+0	1.53106E-8
3.93216E-1	2.49065E+0	-2.04600E-6	2.50001E+0	1.60366E-8
3.93871E-1	2.48930E+0	1.00118E-5	2.49997E+0	1.61169E-8
3.94527E-1	2.49065E+0	1.02740E-5	2.49993E+0	1.42842E-8
3.95182E-1	2.48930E+0	4.90037E-6	2.50003E+0	1.61573E-8
3.95837E-1	2.49065E+0	3.06548E-6	2.50008E+0	1.60090E-8
3.96493E-1	2.48930E+0	9.09440E-6	2.49999E+0	1.47724E-8
3.97148E-1	2.49132E+0	1.65650E-5	2.49999E+0	1.51827E-8
3.97804E-1	2.49199E+0	2.14804E-6	2.50006E+0	1.59272E-8
3.98459E-1	2.49065E+0	1.28952E-5	2.49993E+0	1.53158E-8
3.99114E-1	2.49132E+0	9.35653E-6	2.50006E+0	1.67202E-8
3.99770E-1	-8.26125E-3	-2.04600E-6	2.41824E+0	1.63807E-7
4.00425E-1	-1.09497E-2	9.48759E-6	2.49888E+0	-3.14168E-7
4.01080E-1	-8.93336E-3	1.01429E-5	2.49942E+0	-1.05024E-7
4.01736E-1	-1.02776E-2	6.73526E-6	2.49980E+0	-5.71066E-8
4.02391E-1	-9.60547E-3	9.74972E-6	2.49969E+0	-5.96024E-9
4.03046E-1	-6.91703E-3	5.81781E-6	2.49988E+0	1.65034E-8
4.03702E-1	-9.60547E-3	2.32493E-5	2.50007E+0	1.73616E-8
4.04357E-1	-1.09497E-2	8.57015E-6	2.50000E+0	1.89790E-8
4.05012E-1	-8.26125E-3	8.04589E-6	2.49993E+0	1.94330E-8
4.05668E-1	-7.58914E-3	1.70893E-5	2.49996E+0	1.95395E-8
4.06323E-1	-1.02776E-2	1.07982E-5	2.50015E+0	1.86471E-8
4.06979E-1	-1.09497E-2	9.48759E-6	2.49988E+0	1.99659E-8
4.07634E-1	-1.22939E-2	1.04050E-5	2.50002E+0	1.84360E-8
4.08289E-1	-8.26125E-3	8.70121E-6	2.50011E+0	1.95566E-8
4.08945E-1	-9.60547E-3	6.47313E-6	2.49989E+0	1.92419E-8
4.09600E-1	-9.60547E-3	1.21089E-5	2.50004E+0	1.82154E-8
4.10255E-1	-8.93336E-3	3.19654E-6	2.50001E+0	1.96289E-8
4.10911E-1	-8.93336E-3	9.22547E-6	2.50000E+0	1.81185E-8
4.11566E-1	-9.60547E-3	9.22547E-6	2.49997E+0	2.00962E-8
4.12221E-1	-7.58914E-3	5.94888E-6	2.50003E+0	1.88140E-8
4.12877E-1	-1.16218E-2	1.04050E-5	2.49998E+0	1.79887E-8
4.13532E-1	-6.24492E-3	1.31574E-5	2.50009E+0	1.90451E-8
4.14188E-1	-1.09497E-2	9.35653E-6	2.49989E+0	1.89961E-8
4.14843E-1	-9.60547E-3	5.16250E-6	2.49995E+0	1.84066E-8
4.15498E-1	-7.58914E-3	7.78377E-6	2.50007E+0	1.99526E-8
4.16154E-1	-6.91703E-3	6.60420E-6	2.49998E+0	1.73673E-8
4.16809E-1	-1.02776E-2	1.17157E-5	2.49996E+0	1.90189E-8
4.17464E-1	-8.26125E-3	1.02740E-5	2.50015E+0	1.88073E-8
4.18120E-1	-9.60547E-3	6.99739E-6	2.49996E+0	1.89167E-8
4.18775E-1	-1.09497E-2	1.09293E-5	2.49997E+0	1.76706E-8
4.19430E-1	-7.58914E-3	6.07994E-6	2.49994E+0	1.98585E-8
4.20086E-1	-9.60547E-3	7.52164E-6	2.50012E+0	1.74576E-8
4.20741E-1	-1.22939E-2	1.17157E-5	2.49989E+0	1.91492E-8
4.21396E-1	-7.58914E-3	1.11914E-5	2.50010E+0	1.80481E-8
4.22052E-1	-8.93336E-3	1.04050E-5	2.49990E+0	1.86928E-8
4.22707E-1	-1.09497E-2	1.56476E-5	2.50003E+0	1.75765E-8
4.23363E-1	-1.02776E-2	4.24505E-6	2.49995E+0	1.92652E-8
4.24018E-1	-9.60547E-3	1.00118E-5	2.50001E+0	1.85749E-8
4.24673E-1	-6.91703E-3	1.07982E-5	2.50001E+0	1.80562E-8
4.25329E-1	-8.93336E-3	7.78377E-6	2.50000E+0	1.78033E-8
4.25984E-1	-9.60547E-3	8.57015E-6	2.50003E+0	1.86386E-8
4.26639E-1	-1.02776E-2	7.78377E-6	2.50001E+0	1.89105E-8
4.27295E-1	-1.02776E-2	1.11914E-5	2.50003E+0	1.76221E-8
4.27950E-1	-7.58914E-3	1.45991E-5	2.50002E+0	1.82696E-8
4.28605E-1	-1.16218E-2	8.43908E-6	2.49998E+0	1.74462E-8
4.29261E-1	-1.16218E-2	8.57015E-6	2.49997E+0	1.83386E-8
4.29916E-1	-1.09497E-2	1.53855E-5	2.49993E+0	1.89233E-8
4.30572E-1	-8.93336E-3	6.34207E-6	2.50001E+0	1.80010E-8
4.31227E-1	-8.93336E-3	3.98293E-6	2.49999E+0	1.75760E-8
4.31882E-1	-9.60547E-3	8.83228E-6	2.50005E+0	1.89300E-8
4.32538E-1	-1.02776E-2	6.47313E-6	2.50001E+0	1.83514E-8
4.33193E-1	-6.91703E-3	2.02348E-5	2.49998E+0	1.83547E-8
4.33848E-1	-1.22939E-2	8.43908E-6	2.50008E+0	1.77177E-8
4.34504E-1	-8.26125E-3	6.99739E-6	2.49998E+0	1.75888E-8
4.35159E-1	-8.26125E-3	2.06280E-5	2.49990E+0	1.89176E-8
4.35814E-1	-1.22939E-2	1.00118E-5	2.50005E+0	1.76069E-8
4.36470E-1	-8.26125E-3	8.96334E-6	2.49992E+0	1.80776E-8
4.37125E-1	-6.91703E-3	1.36816E-5	2.50012E+0	1.79948E-8
4.37780E-1	-9.60547E-3	8.17696E-6	2.49999E+0	1.79635E-8
4.38436E-1	-8.93336E-3	8.57015E-6	2.50001E+0	1.85839E-8
4.39091E-1	-9.60547E-3	1.53855E-5	2.49997E+0	1.79578E-8
4.39747E-1	-8.26125E-3	1.52544E-5	2.50000E+0	1.88611E-8
4.40402E-1	-9.60547E-3	1.76135E-5	2.49999E+0	1.64735E-8
4.41057E-1	-8.93336E-3	6.07994E-6	2.49995E+0	1.88078E-8
4.41713E-1	-1.09497E-2	7.52164E-6	2.50000E+0	1.75213E-8
4.42368E-1	-8.93336E-3	1.19778E-5	2.50007E+0	1.89001E-8
4.43023E-1	-8.93336E-3	1.19778E-5	2.50004E+0	1.72888E-8
4.43679E-1	-8.93336E-3	9.61866E-6	2.49995E+0	1.83700E-8
4.44334E-1	-7.58914E-3	9.35653E-6	2.49996E+0	1.86253E-8
4.44989E-1	-9.60547E-3	8.57015E-6	2.50005E+0	1.70293E-8
4.45645E-1	-8.93336E-3	1.11914E-5	2.49989E+0	1.83333E-8
4.46300E-1	-6.91703E-3	8.04589E-6	2.50008E+0	1.72133E-8
4.46956E-1	-1.09497E-2	6.73526E-6	2.49998E+0	1.91986E-8
4.47611E-1	-8.93336E-3	1.17157E-5	2.50006E+0	1.79473E-8
4.48266E-1	-8.26125E-3	1.10604E-5	2.49986E+0	1.74310E-8
4.48922E-1	-1.02776E-2	-6.37109E-6	2.50009E+0	1.75779E-8
4.49577E-1	-1.02776E-2	4.24505E-6	2.50004E+0	1.93284E-8
4.50232E-1	-8.26125E-3	7.39058E-6	2.49997E+0	1.66061E-8
4.50888E-1	-7.58914E-3	9.61866E-6	2.50010E+0	1.82392E-8
4.51543E-1	-1.22939E-2	2.80335E-6	2.49987E+0	1.84593E-8
4.52198E-1	-1.02776E-2	1.78757E-5	2.50007E+0	1.77971E-8
4.52854E-1	-1.09497E-2	1.47301E-5	2.49996E+0	1.73069E-8
4.53509E-1	-9.60547E-3	8.04589E-6	2.50001E+0	1.76183E-8
4.54164E-1	-8.93336E-3	1.13225E-5	2.50001E+0	1.91264E-8
4.54820E-1	-8.93336E-3	7.91483E-6	2.50003E+0	1.68172E-8
4.55475E-1	-9.60547E-3	1.86620E-5	2.49997E+0	1.84874E-8
4.56131E-1	-8.93336E-3	9.48759E-6	2.50004E+0	1.83386E-8
4.56786E-1	-8.93336E-3	1.01429E-5	2.49993E+0	1.78118E-8
4.57441E-1	-1.09497E-2	1.88591E-6	2.50010E+0	1.73426E-8
4.58097E-1	-9.60547E-3	1.49923E-5	2.49993E+0	1.70839E-8
4.58752E-1	-9.60547E-3	9.22547E-6	2.49995E+0	1.86804E-8
4.59407E-1	-1.02776E-2	9.48759E-6	2.50005E+0	1.76202E-8
4.60063E-1	-9.60547E-3	1.86620E-5	2.50006E+0	1.82996E-8
4.60718E-1	-9.60547E-3	1.02740E-5	2.49989E+0	1.68805E-8
4.61373E-1	-1.09497E-2	1.36816E-5	2.50012E+0	1.83557E-8
4.62029E-1	-8.93336E-3	1.04050E-5	2.49995E+0	1.68453E-8
4.62684E-1	-8.93336E-3	1.38127E-5	2.50002E+0	1.91501E-8
4.63340E-1	-6.91703E-3	1.02740E-5	2.49996E+0	1.67507E-8
4.63995E-1	-9.60547E-3	1.01429E-5	2.50000E+0	1.76811E-8
4.64650E-1	-6.91703E-3	1.36816E-5	2.49999E+0	1.84883E-8
4.65306E-1	-6.24492E-3	1.07982E-5	2.49994E+0	1.73069E-8
4.65961E-1	-8.93336E-3	5.81781E-6	2.50008E+0	1.86961E-8
4.66616E-1	-8.93336E-3	1.40748E-5	2.49995E+0	1.67093E-8
4.67272E-1	-8.26125E-3	8.57015E-6	2.50003E+0	1.75489E-8
4.67927E-1	-9.60547E-3	1.42059E-5	2.50000E+0	1.85173E-8
4.68582E-1	-6.91703E-3	1.31574E-5	2.50004E+0	1.80990E-8
4.69238E-1	-8.93336E-3	8.57015E-6	2.50003E+0	1.77519E-8
4.69893E-1	-4.90069E-3	9.61866E-6	2.50001E+0	1.71106E-8
4.70548E-1	-9.60547E-3	6.60420E-6	2.50002E+0	1.75812E-8
4.71204E-1	-8.26125E-3	9.48759E-6	2.49995E+0	1.79492E-8
4.71859E-1	-7.58914E-3	1.09293E-5	2.49997E+0	1.70331E-8
4.72515E-1	-1.16218E-2	9.74972E-6	2.50004E+0	1.83443E-8
4.73170E-1	-8.93336E-3	9.22547E-6	2.49998E+0	1.75727E-8
4.73825E-1	-1.02776E-2	1.31574E-5	2.50002E+0	1.83067E-8
4.74481E-1	-9.60547E-3	9.61866E-6	2.49993E+0	1.73820E-8
4.75136E-1	-8.93336E-3	1.17157E-5	2.50002E+0	1.74771E-8
4.75791E-1	-5.57280E-3	6.34207E-6	2.50003E+0	1.75480E-8
4.76447E-1	-1.36381E-2	8.57015E-6	2.50001E+0	1.81018E-8
4.77102E-1	-8.93336E-3	4.50718E-6	2.50003E+0	1.81565E-8
4.77757E-1	-8.93336E-3	8.83228E-6	2.49990E+0	1.72522E-8
4.78413E-1	-8.93336E-3	7.91483E-6	2.50007E+0	1.85611E-8
4.79068E-1	-8.26125E-3	1.05361E-5	2.49995E+0	1.77329E-8
4.79724E-1	-8.93336E-3	5.42462E-6	2.49997E+0	1.72946E-8
4.80379E-1	-8.93336E-3	5.68675E-6	2.50001E+0	1.83457E-8
4.81034E-1	-8.93336E-3	1.43369E-5	2.50004E+0	1.75703E-8
4.81690E-1	-8.26125E-3	4.50718E-6	2.50003E+0	1.71087E-8
4.82345E-1	-1.29660E-2	1.27642E-5	2.49989E+0	1.83785E-8
4.83000E-1	-9.60547E-3	1.04050E-5	2.50013E+0	1.78874E-8
4.83656E-1	-8.93336E-3	8.57015E-6	2.50005E+0	1.71795E-8
4.84311E-1	-8.93336E-3	1.25021E-5	2.49985E+0	1.75655E-8
4.84966E-1	-1.09497E-2	6.34207E-6	2.50001E+0	1.83486E-8
4.85622E-1	-8.93336E-3	1.13225E-5	2.49999E+0	1.78974E-8
4.86277E-1	-7.58914E-3	1.06672E-5	2.50008E+0	1.64754E-8
4.86932E-1	-6.24492E-3	8.43908E-6	2.49998E+0	1.82963E-8
4.87588E-1	-6.91703E-3	9.35653E-6	2.50002E+0	1.75132E-8
4.88243E-1	-8.26125E-3	8.83228E-6	2.49992E+0	1.83291E-8
4.88899E-1	-7.58914E-3	1.88591E-6	2.50004E+0	1.83348E-8
4.89554E-1	-8.26125E-3	7.78377E-6	2.50002E+0	1.67797E-8
4.90209E-1	-1.02776E-2	9.88078E-6	2.49999E+0	1.85050E-8
4.90865E-1	-6.91703E-3	7.39058E-6	2.49997E+0	1.81313E-8
4.91520E-1	-1.16218E-2	1.21089E-5	2.49999E+0	1.76958E-8
4.92175E-1	-5.57280E-3	1.04050E-5	2.50000E+0	1.65229E-8
4.92831E-1	-8.26125E-3	9.35653E-6	2.50007E+0	1.83010E-8
4.93486E-1	-1.16218E-2	9.88078E-6	2.49999E+0	1.85649E-8
4.94141E-1	-7.58914E-3	9.74972E-6	2.49999E+0	1.76896E-8
4.94797E-1	-8.93336E-3	1.10604E-5	2.50000E+0	1.67835E-8
4.95452E-1	-1.02776E-2	1.31574E-5	2.49998E+0	1.82026E-8
4.96108E-1	-8.93336E-3	6.86632E-6	2.50005E+0	1.80153E-8
4.96763E-1	-6.24492E-3	1.01429E-5	2.49999E+0	1.78232E-8
4.97418E-1	-1.09497E-2	8.83228E-6	2.49998E+0	1.68776E-8
4.98074E-1	-8.26125E-3	7.78377E-6	2.50003E+0	1.83994E-8
4.98729E-1	-8.93336E-3	1.11914E-5	2.49999E+0	1.64317E-8
4.99384E-1	-1.16218E-2	1.39438E-5	2.50006E+0	1.83913E-8
5.00040E-1	-7.58914E-3	5.03143E-6	2.49993E+0	1.83933E-8
5.00695E-1	-4.90069E-3	2.12833E-5	2.50006E+0	1.73240E-8
5.01350E-1	-8.93336E-3	8.83228E-6	2.49988E+0	1.80029E-8
5.02006E-1	-8.26125E-3	1.18467E-5	2.49995E+0	1.73155E-8
5.02661E-1	-9.60547E-3	1.04050E-5	2.50005E+0	1.79872E-8
5.03316E-1	-9.60547E-3	1.15846E-5	2.50001E+0	1.70644E-8
5.03972E-1	-4.90069E-3	-4.73234E-7	2.50002E+0	1.82226E-8
5.04627E-1	-9.60547E-3	1.09293E-5	2.50004E+0	1.79896E-8
5.05283E-1	-7.58914E-3	1.07982E-5	2.49997E+0	1.69000E-8
5.05938E-1	-9.60547E-3	6.34207E-6	2.50002E+0	1.85387E-8
5.06593E-1	-8.26125E-3	6.73526E-6	2.49994E+0	1.63223E-8
5.07249E-1	-5.57280E-3	9.35653E-6	2.49999E+0	1.85083E-8
5.07904E-1	-1.02776E-2	5.75274E-7	2.50005E+0	1.77533E-8
5.08559E-1	-7.58914E-3	8.43908E-6	2.49997E+0	1.75489E-8
5.09215E-1	-8.26125E-3	7.52164E-6	2.50001E+0	1.76164E-8
5.09870E-1	-8.93336E-3	-4.14301E-6	2.49996E+0	1.80666E-8
5.10525E-1	-8.93336E-3	1.51233E-5	2.50002E+0	1.72646E-8
5.11181E-1	-7.58914E-3	1.25021E-5	2.50005E+0	1.79953E-8
5.11836E-1	-6.24492E-3	9.35653E-6	2.49997E+0	1.71667E-8
5.12492E-1	-9.60547E-3	1.32884E-5	2.50006E+0	1.72689E-8
5.13147E-1	-1.09497E-2	7.91483E-6	2.49999E+0	1.80153E-8
5.13802E-1	-5.57280E-3	1.70893E-5	2.50000E+0	1.87037E-8
5.14458E-1	-1.22939E-2	1.06672E-5	2.49996E+0	1.79440E-8
5.15113E-1	-9.60547E-3	9.74972E-6	2.49999E+0	1.77224E-8
5.15768E-1	-6.91703E-3	1.53855E-5	2.50006E+0	1.70996E-8
5.16424E-1	-5.57280E-3	8.43908E-6	2.49989E+0	1.76169E-8
5.17079E-1	-9.60547E-3	8.43908E-6	2.50007E+0	1.68429E-8
5.17734E-1	-9.60547E-3	1.05361E-5	2.50001E+0	1.78684E-8
5.18390E-1	-6.24492E-3	7.25951E-6	2.50001E+0	1.90950E-8
5.19045E-1	-6.91703E-3	8.83228E-6	2.50001E+0	1.71643E-8
5.19700E-1	-8.93336E-3	1.74825E-5	2.49999E+0	1.67478E-8
5.20356E-1	-9.60547E-3	7.12845E-6	2.49992E+0	1.85544E-8
5.21011E-1	-8.93336E-3	1.19778E-5	2.50004E+0	1.76720E-8
5.21667E-1	-6.91703E-3	1.01429E-5	2.50006E+0	1.81646E-8
5.22322E-1	-7.58914E-3	8.57015E-6	2.49988E+0	1.77201E-8
5.22977E-1	-1.09497E-2	6.21101E-6	2.50002E+0	1.69152E-8
5.23633E-1	-8.26125E-3	9.88078E-6	2.49999E+0	1.82877E-8
5.24288E-1	-7.58914E-3	1.98416E-5	2.50004E+0	1.68477E-8
5.24943E-1	-6.24492E-3	1.31574E-5	2.50001E+0	1.87741E-8
5.25599E-1	-8.26125E-3	1.38127E-5	2.50004E+0	1.69042E-8
5.26254E-1	-7.58914E-3	9.35653E-6	2.50001E+0	1.72109E-8
5.26909E-1	-6.91703E-3	6.73526E-6	2.50000E+0	1.78731E-8
5.27565E-1	-8.26125E-3	6.60420E-6	2.50003E+0	1.84322E-8
5.28220E-1	-7.58914E-3	1.01429E-5	2.49993E+0	1.85882E-8
5.28876E-1	-7.58914E-3	5.94888E-6	2.50005E+0	1.60642E-8
5.29531E-1	-1.02776E-2	1.27642E-5	2.49998E+0	1.87265E-8
5.30186E-1	-8.26125E-3	1.31574E-5	2.49992E+0	1.74567E-8
5.30842E-1	-7.58914E-3	1.77446E-5	2.50001E+0	1.78750E-8
5.31497E-1	-4.90069E-3	1.30263E-5	2.50006E+0	1.82815E-8
5.32152E-1	-8.26125E-3	9.35653E-6	2.49998E+0	1.66066E-8
5.32808E-1	-8.93336E-3	6.21101E-6	2.50003E+0	1.84360E-8
5.33463E-1	-8.26125E-3	6.99739E-6	2.49992E+0	1.63375E-8
5.34118E-1	-8.93336E-3	7.52164E-6	2.50004E+0	1.89956E-8
5.34774E-1	-1.02776E-2	8.83228E-6	2.50003E+0	1.71224E-8
5.35429E-1	-6.91703E-3	2.07591E-5	2.49990E+0	1.80395E-8
5.36084E-1	-9.60547E-3	5.94888E-6	2.50009E+0	1.79378E-8
5.36740E-1	-1.09497E-2	2.28561E-5	2.50003E+0	1.70169E-8
5.37395E-1	-1.16218E-2	8.17696E-6	2.49990E+0	1.88891E-8
5.38051E-1	-8.93336E-3	1.22399E-5	2.50003E+0	1.71928E-8
5.38706E-1	-1.16218E-2	1.00118E-5	2.50007E+0	1.78565E-8
5.39361E-1	-8.26125E-3	8.04589E-6	2.50000E+0	1.67987E-8
5.40017E-1	-8.93336E-3	1.60408E-5	2.50000E+0	1.86362E-8
5.40672E-1	-1.16218E-2	9.09440E-6	2.49999E+0	1.77229E-8
5.41327E-1	-5.57280E-3	1.19778E-5	2.49997E+0	1.78498E-8
5.41983E-1	-6.91703E-3	1.25021E-5	2.49998E+0	1.79135E-8
5.42638E-1	-7.58914E-3	8.83228E-6	2.49998E+0	1.72708E-8
5.43293E-1	-6.91703E-3	2.14144E-5	2.49998E+0	1.65548E-8
5.43949E-1	-8.93336E-3	8.30802E-6	2.50006E+0	1.88273E-8
5.44604E-1	-8.93336E-3	1.05361E-5	2.49999E+0	1.73140E-8
5.45260E-1	-1.09497E-2	1.15846E-5	2.50000E+0	1.82468E-8
5.45915E-1	-9.60547E-3	1.09293E-5	2.50000E+0	1.70464E-8
5.46570E-1	-8.93336E-3	8.70121E-6	2.49998E+0	1.76364E-8
5.47226E-1	-1.02776E-2	2.07591E-5	2.50009E+0	1.81522E-8
5.47881E-1	-8.26125E-3	1.18467E-5	2.49997E+0	1.70820E-8
5.48536E-1	-9.60547E-3	1.17157E-5	2.49998E+0	1.75332E-8
5.49192E-1	-8.26125E-3	1.06672E-5	2.49996E+0	1.85901E-8
5.49847E-1	-6.91703E-3	1.14535E-5	2.50004E+0	1.70663E-8
5.50502E-1	-6.91703E-3	1.09293E-5	2.49992E+0	1.75884E-8
5.51158E-1	-6.24492E-3	1.10604E-5	2.50003E+0	1.77776E-8
5.51813E-1	-6.24492E-3	1.09293E-5	2.50000E+0	1.86804E-8
5.52468E-1	-6.91703E-3	9.35653E-6	2.50000E+0	1.76226E-8
5.53124E-1	-8.26125E-3	9.61866E-6	2.50004E+0	1.70663E-8
5.53779E-1	-7.58914E-3	1.05361E-5	2.49998E+0	1.83947E-8
5.54435E-1	-7.58914E-3	9.48759E-6	2.50008E+0	1.80690E-8
5.55090E-1	-6.24492E-3	3.32761E-6	2.49991E+0	1.71624E-8
5.55745E-1	-1.02776E-2	3.06548E-6	2.49997E+0	1.75175E-8
5.56401E-1	-6.24492E-3	7.78377E-6	2.50001E+0	1.80918E-8
5.57056E-1	-1.09497E-2	1.10604E-5	2.50003E+0	1.78056E-8
5.57711E-1	-7.58914E-3	4.24505E-6	2.50000E+0	1.69831E-8
5.58367E-1	-8.26125E-3	9.35653E-6	2.50006E+0	1.71167E-8
5.59022E-1	-6.91703E-3	1.10604E-5	2.49995E+0	1.88691E-8
5.59677E-1	-6.24492E-3	7.65270E-6	2.50004E+0	1.68786E-8
5.60333E-1	-9.60547E-3	8.37401E-7	2.49995E+0	1.90194E-8
5.60988E-1	-7.58914E-3	8.83228E-6	2.50000E+0	1.68971E-8
5.61644E-1	-7.58914E-3	8.70121E-6	2.50000E+0	1.83695E-8
5.62299E-1	-6.24492E-3	9.09440E-6	2.50008E+0	1.73079E-8
5.62954E-1	-8.93336E-3	9.48759E-6	2.49991E+0	1.70635E-8
5.63610E-1	-8.26125E-3	1.34195E-5	2.50002E+0	1.79644E-8
5.64265E-1	-1.09497E-2	1.23710E-5	2.49996E+0	1.83923E-8
5.64920E-1	-8.26125E-3	9.48759E-6	2.50001E+0	1.70564E-8
5.65576E-1	-8.93336E-3	1.00118E-5	2.50010E+0	1.77077E-8
5.66231E-1	-7.58914E-3	1.13225E-5	2.49995E+0	1.72023E-8
5.66886E-1	-8.93336E-3	1.28952E-5	2.50004E+0	1.83828E-8
5.67542E-1	-8.93336E-3	1.09293E-5	2.50000E+0	1.83153E-8
5.68197E-1	-6.91703E-3	1.89242E-5	2.49996E+0	1.69812E-8
5.68852E-1	-1.02776E-2	7.52164E-6	2.49990E+0	1.84227E-8
5.69508E-1	-1.16218E-2	2.19386E-5	2.50010E+0	1.68500E-8
5.70163E-1	-8.26125E-3	1.18467E-5	2.49990E+0	1.88059E-8
5.70819E-1	-8.26125E-3	7.25951E-6	2.50005E+0	1.77353E-8
5.71474E-1	-8.93336E-3	6.73526E-6	2.50000E+0	1.81998E-8
5.72129E-1	-1.09497E-2	1.07982E-5	2.50006E+0	1.67844E-8
5.72785E-1	-6.91703E-3	9.35653E-6	2.50000E+0	1.81365E-8
5.73440E-1	-1.16218E-2	1.17157E-5	2.50007E+0	1.77243E-8
5.74095E-1	-8.26125E-3	1.39438E-5	2.49997E+0	1.70312E-8
5.74751E-1	-9.60547E-3	1.04050E-5	2.49996E+0	1.86172E-8
5.75406E-1	-9.60547E-3	1.23710E-5	2.49994E+0	1.79982E-8
5.76061E-1	-8.26125E-3	5.42462E-6	2.50004E+0	1.68058E-8
5.76717E-1	-9.60547E-3	8.70121E-6	2.49997E+0	1.88012E-8
5.77372E-1	-9.60547E-3	9.88078E-6	2.50001E+0	1.81631E-8
5.78028E-1	-7.58914E-3	9.35653E-6	2.49999E+0	1.62139E-8
5.78683E-1	-8.26125E-3	1.11914E-5	2.50004E+0	1.91012E-8
5.79338E-1	-8.26125E-3	9.88078E-6	2.49998E+0	1.74657E-8
5.79994E-1	-9.60547E-3	7.12845E-6	2.50000E+0	1.67730E-8
5.80649E-1	-7.58914E-3	6.99739E-6	2.49999E+0	1.81565E-8
5.81304E-1	-6.24492E-3	9.48759E-6	2.50003E+0	1.83856E-8
5.81960E-1	-7.58914E-3	1.44680E-5	2.49995E+0	1.75480E-8
5.82615E-1	-6.91703E-3	6.73526E-6	2.50008E+0	1.81822E-8
5.83270E-1	-8.26125E-3	1.51233E-5	2.49994E+0	1.65324E-8
5.83926E-1	-6.24492E-3	7.52164E-6	2.50002E+0	1.80766E-8
5.84581E-1	-8.93336E-3	5.03143E-6	2.50006E+0	1.79991E-8
5.85236E-1	-7.58914E-3	1.55165E-5	2.49988E+0	1.74353E-8
5.85892E-1	-9.60547E-3	1.35506E-5	2.50010E+0	1.85378E-8
5.86547E-1	-6.24492E-3	9.74972E-6	2.49999E+0	1.77695E-8
5.87203E-1	-8.93336E-3	1.38127E-5	2.49998E+0	1.75789E-8
5.87858E-1	-7.58914E-3	9.48759E-6	2.49998E+0	1.85207E-8
5.88513E-1	-8.26125E-3	1.95795E-5	2.50003E+0	1.63313E-8
5.89169E-1	-8.26125E-3	9.88078E-6	2.50003E+0	1.90826E-8
5.89824E-1	-9.60547E-3	1.45991E-5	2.49995E+0	1.80861E-8
5.90479E-1	-1.16218E-2	8.83228E-6	2.49996E+0	1.75432E-8
5.91135E-1	-9.60547E-3	1.32884E-5	2.50003E+0	1.74039E-8
5.91790E-1	-8.93336E-3	1.27642E-5	2.49995E+0	1.83514E-8
5.92445E-1	-1.02776E-2	8.96334E-6	2.50007E+0	1.70654E-8
5.93101E-1	-8.93336E-3	7.25951E-6	2.50000E+0	1.85430E-8
5.93756E-1	-7.58914E-3	1.06672E-5	2.49995E+0	1.76464E-8
5.94412E-1	-8.26125E-3	9.88078E-6	2.50013E+0	1.70102E-8
5.95067E-1	-8.93336E-3	5.42462E-6	2.49996E+0	1.82083E-8
5.95722E-1	-6.24492E-3	1.17157E-5	2.49993E+0	1.74823E-8
5.96378E-1	-7.58914E-3	8.70121E-6	2.49999E+0	1.78323E-8
5.97033E-1	-4.90069E-3	9.09440E-6	2.50006E+0	1.69199E-8
5.97688E-1	-9.60547E-3	1.01429E-5	2.49995E+0	1.82478E-8
5.98344E-1	-1.02776E-2	9.74972E-6	2.50002E+0	1.89932E-8
5.98999E-1	-8.93336E-3	1.39438E-5	2.49995E+0	1.73720E-8
5.99654E-1	-8.26125E-3	2.27250E-5	2.50007E+0	1.69798E-8
6.00310E-1	-1.02776E-2	8.83228E-6	2.50000E+0	1.73345E-8
6.00965E-1	-8.26125E-3	9.22547E-6	2.50003E+0	1.83034E-8
6.01620E-1	-8.93336E-3	7.25951E-6	2.49997E+0	1.88254E-8
6.02276E-1	-8.93336E-3	9.74972E-6	2.49993E+0	1.71263E-8
6.02931E-1	-8.93336E-3	1.30263E-5	2.50006E+0	1.88910E-8
6.03587E-1	-8.26125E-3	3.98293E-6	2.49997E+0	1.75099E-8
6.04242E-1	-8.93336E-3	8.04589E-6	2.50001E+0	1.76654E-8
6.04897E-1	-8.26125E-3	9.74972E-6	2.49997E+0	1.77215E-8
6.05553E-1	-9.60547E-3	5.75274E-7	2.50010E+0	1.72575E-8
6.06208E-1	-9.60547E-3	1.65650E-5	2.49995E+0	1.73221E-8
6.06863E-1	-8.93336E-3	1.05361E-5	2.49998E+0	1.90389E-8
6.07519E-1	-8.26125E-3	1.05361E-5	2.49993E+0	1.74091E-8
6.08174E-1	-8.93336E-3	7.25951E-6	2.50006E+0	1.79754E-8
6.08829E-1	-9.60547E-3	8.96334E-6	2.49993E+0	1.79839E-8
6.09485E-1	-8.26125E-3	1.10604E-5	2.50006E+0	1.67307E-8
6.10140E-1	-6.24492E-3	9.61866E-6	2.50000E+0	1.86405E-8
6.10796E-1	-1.09497E-2	8.43908E-6	2.50003E+0	1.83276E-8
6.11451E-1	-8.26125E-3	2.75744E-5	2.49998E+0	1.66347E-8
6.12106E-1	-7.58914E-3	1.06672E-5	2.50001E+0	1.91363E-8
6.12762E-1	-6.24492E-3	1.07982E-5	2.49997E+0	1.68362E-8
6.13417E-1	-7.58914E-3	8.43908E-6	2.50000E+0	1.79126E-8
6.14072E-1	-1.29660E-2	9.74972E-6	2.50002E+0	1.82929E-8
6.14728E-1	-8.93336E-3	2.44288E-5	2.50006E+0	1.70107E-8
6.15383E-1	-8.93336E-3	3.58973E-6	2.49996E+0	1.82910E-8
6.16038E-1	-8.93336E-3	1.09293E-5	2.50001E+0	1.77876E-8
6.16694E-1	-9.60547E-3	-1.78387E-6	2.50005E+0	1.80766E-8
6.17349E-1	-9.60547E-3	9.35653E-6	2.50002E+0	1.79231E-8
6.18004E-1	-6.91703E-3	1.74825E-5	2.49991E+0	1.83566E-8
6.18660E-1	-7.58914E-3	8.96334E-6	2.49997E+0	1.67264E-8
6.19315E-1	-9.60547E-3	6.21101E-6	2.50000E+0	1.86286E-8
6.19971E-1	-7.58914E-3	7.25951E-6	2.50002E+0	1.73102E-8
6.20626E-1	-4.90069E-3	8.43908E-6	2.49997E+0	1.79644E-8
6.21281E-1	-6.91703E-3	8.70121E-6	2.50005E+0	1.71006E-8
6.21937E-1	-1.02776E-2	1.77446E-5	2.50002E+0	1.92034E-8
6.22592E-1	-1.02776E-2	4.76931E-6	2.50003E+0	1.70906E-8
6.23247E-1	-9.60547E-3	4.37612E-6	2.49998E+0	1.77348E-8
6.23903E-1	-6.24492E-3	6.86632E-6	2.49994E+0	1.87679E-8
6.24558E-1	-6.91703E-3	6.47313E-6	2.50007E+0	1.75903E-8
6.25213E-1	-8.93336E-3	1.34195E-5	2.49998E+0	1.76326E-8
6.25869E-1	-6.91703E-3	1.21089E-5	2.50001E+0	1.81689E-8
6.26524E-1	-7.58914E-3	4.50718E-6	2.49997E+0	1.64840E-8
6.27180E-1	-6.24492E-3	8.70121E-6	2.50004E+0	1.88549E-8
6.27835E-1	-6.91703E-3	9.61866E-6	2.49993E+0	1.82730E-8
6.28490E-1	-5.57280E-3	1.83999E-5	2.49993E+0	1.70354E-8
6.29146E-1	-4.90069E-3	9.88078E-6	2.50017E+0	1.80186E-8
6.29801E-1	-8.26125E-3	8.04589E-6	2.49989E+0	1.83462E-8
6.30456E-1	-9.60547E-3	6.34207E-6	2.49997E+0	1.65524E-8
6.31112E-1	-8.93336E-3	1.07982E-5	2.50010E+0	1.75565E-8
6.31767E-1	-6.91703E-3	1.22399E-5	2.49993E+0	1.88069E-8
6.32422E-1	-8.26125E-3	-8.00432E-8	2.50002E+0	1.78218E-8
6.33078E-1	-8.93336E-3	1.32884E-5	2.50009E+0	1.67716E-8
6.33733E-1	-1.02776E-2	-9.97488E-7	2.49997E+0	1.89176E-8
6.34388E-1	-7.58914E-3	7.78377E-6	2.49992E+0	1.77923E-8
6.35044E-1	-6.91703E-3	9.09440E-6	2.50004E+0	1.83604E-8
6.35699E-1	-8.26125E-3	1.22399E-5	2.49991E+0	1.71153E-8
6.36355E-1	-8.93336E-3	8.43908E-6	2.50004E+0	1.78361E-8
6.37010E-1	-9.60547E-3	2.31182E-5	2.49995E+0	1.78042E-8
6.37665E-1	-9.60547E-3	7.78377E-6	2.50010E+0	1.72432E-8
6.38321E-1	-8.26125E-3	2.78365E-5	2.49999E+0	1.82321E-8
6.38976E-1	-4.90069E-3	1.04050E-5	2.50001E+0	1.73892E-8
6.39631E-1	-8.93336E-3	9.88078E-6	2.50006E+0	1.84132E-8
6.40287E-1	-9.60547E-3	8.17696E-6	2.50001E+0	1.78037E-8
6.40942E-1	-7.58914E-3	3.45867E-6	2.49988E+0	1.82853E-8
6.41597E-1	-9.60547E-3	1.02740E-5	2.50001E+0	1.84332E-8
6.42253E-1	-8.93336E-3	1.00118E-5	2.49997E+0	1.67839E-8
6.42908E-1	-5.57280E-3	1.70893E-5	2.50002E+0	1.79497E-8
6.43564E-1	-9.60547E-3	5.68675E-6	2.50000E+0	1.84731E-8
6.44219E-1	-8.26125E-3	1.59097E-5	2.50003E+0	1.70293E-8
6.44874E-1	-6.24492E-3	9.88078E-6	2.50002E+0	1.77942E-8
6.45530E-1	-6.24492E-3	1.19778E-5	2.50010E+0	1.84042E-8
6.46185E-1	-7.58914E-3	9.74972E-6	2.49991E+0	1.84655E-8
6.46840E-1	-8.93336E-3	1.55165E-5	2.50002E+0	1.79948E-8
6.47496E-1	-6.24492E-3	1.27642E-5	2.49997E+0	1.78128E-8
6.48151E-1	-4.90069E-3	7.39058E-6	2.50002E+0	1.76264E-8
6.48806E-1	-9.60547E-3	8.96334E-6	2.49994E+0	1.71001E-8
6.49462E-1	-7.58914E-3	5.03143E-6	2.50008E+0	1.75784E-8
6.50117E-1	-8.26125E-3	1.23710E-5	2.49993E+0	1.86200E-8
6.50772E-1	-5.57280E-3	2.02348E-5	2.50005E+0	1.83866E-8
6.51428E-1	-1.09497E-2	-3.35663E-6	2.50007E+0	1.73758E-8
6.52083E-1	-8.26125E-3	1.01429E-5	2.49991E+0	1.72812E-8
6.52739E-1	-6.91703E-3	1.91863E-5	2.49999E+0	1.76411E-8
6.53394E-1	-7.58914E-3	6.21101E-6	2.50003E+0	1.84660E-8
6.54049E-1	-7.58914E-3	1.89242E-5	2.50002E+0	1.73777E-8
6.54705E-1	-7.58914E-3	8.83228E-6	2.49985E+0	1.82459E-8
6.55360E-1	-6.24492E-3	8.83228E-6	2.50005E+0	1.85606E-8
6.56015E-1	-8.93336E-3	1.13225E-5	2.50003E+0	1.74662E-8
6.56671E-1	-8.26125E-3	6.21101E-6	2.49999E+0	1.83224E-8
6.57326E-1	-1.02776E-2	1.06672E-5	2.50009E+0	1.72028E-8
6.57981E-1	-1.22939E-2	1.32884E-5	2.50003E+0	1.83058E-8
6.58637E-1	-8.93336E-3	1.60408E-5	2.49999E+0	1.77885E-8
6.59292E-1	-7.58914E-3	1.35506E-5	2.49999E+0	1.83890E-8
6.59948E-1	-6.91703E-3	1.06672E-5	2.49996E+0	1.78727E-8
6.60603E-1	-6.91703E-3	9.09440E-6	2.49991E+0	1.72912E-8
6.61258E-1	-8.93336E-3	5.75274E-7	2.50013E+0	1.84883E-8
6.61914E-1	-8.26125E-3	1.01429E-5	2.50000E+0	1.72551E-8
6.62569E-1	-8.93336E-3	1.06672E-5	2.49996E+0	1.84513E-8
6.63224E-1	-7.58914E-3	7.65270E-6	2.50000E+0	1.81032E-8
6.63880E-1	-8.26125E-3	8.17696E-6	2.50008E+0	1.70088E-8
6.64535E-1	-7.58914E-3	5.81781E-6	2.49994E+0	1.80719E-8
6.65190E-1	-6.24492E-3	8.70121E-6	2.50002E+0	1.84964E-8
6.65846E-1	-6.91703E-3	7.78377E-6	2.50000E+0	1.71724E-8
6.66501E-1	-4.90069E-3	3.45867E-6	2.49995E+0	1.78018E-8
6.67156E-1	-1.09497E-2	1.28952E-5	2.49995E+0	1.78246E-8
6.67812E-1	-3.55647E-3	2.10212E-5	2.50008E+0	1.81993E-8
6.68467E-1	-5.57280E-3	1.88591E-6	2.49990E+0	1.74976E-8
6.69123E-1	-8.93336E-3	7.65270E-6	2.50007E+0	1.78023E-8
6.69778E-1	-6.91703E-3	9.48759E-6	2.50010E+0	1.88097E-8
6.70433E-1	-6.24492E-3	4.90037E-6	2.49993E+0	1.73949E-8
6.71089E-1	-1.02776E-2	1.74825E-5	2.49993E+0	1.79554E-8
6.71744E-1	-7.58914E-3	1.09293E-5	2.50002E+0	1.92709E-8
6.72399E-1	-6.91703E-3	2.27910E-6	2.50002E+0	1.74367E-8
6.73055E-1	-8.93336E-3	1.06672E-5	2.49993E+0	1.75632E-8
6.73710E-1	-6.91703E-3	1.42059E-5	2.50008E+0	1.75346E-8
6.74365E-1	-1.09497E-2	1.98416E-5	2.49999E+0	1.78009E-8
6.75021E-1	-1.16218E-2	1.36816E-5	2.49999E+0	1.87627E-8
6.75676E-1	-7.58914E-3	8.30802E-6	2.49999E+0	1.80605E-8
6.76332E-1	-1.09497E-2	8.70121E-6	2.49999E+0	1.70625E-8
6.76987E-1	-6.91703E-3	9.88078E-6	2.49996E+0	1.85682E-8
6.77642E-1	-1.09497E-2	1.00118E-5	2.50011E+0	1.74747E-8
6.78298E-1	-6.91703E-3	8.96334E-6	2.49990E+0	1.91102E-8
6.78953E-1	-8.26125E-3	3.06548E-6	2.50000E+0	1.78988E-8
6.79608E-1	-8.93336E-3	1.36816E-5	2.49998E+0	1.77790E-8
6.80264E-1	-9.60547E-3	8.96334E-6	2.50017E+0	1.72332E-8
6.80919E-1	-1.22939E-2	1.36816E-5	2.49985E+0	1.76863E-8
6.81574E-1	-4.22858E-3	1.23710E-5	2.50007E+0	1.79197E-8
6.82230E-1	-4.90069E-3	1.17157E-5	2.50003E+0	1.83300E-8
6.82885E-1	-9.60547E-3	8.83228E-6	2.49996E+0	1.72865E-8
6.83540E-1	-6.91703E-3	9.88078E-6	2.50004E+0	1.86880E-8
6.84196E-1	-6.24492E-3	9.88078E-6	2.49991E+0	1.71101E-8
6.84851E-1	-8.93336E-3	1.06672E-5	2.50002E+0	1.87603E-8
6.85507E-1	-7.58914E-3	7.65270E-6	2.50004E+0	1.83248E-8
6.86162E-1	-9.60547E-3	2.04969E-5	2.49994E+0	1.70060E-8
6.86817E-1	-7.58914E-3	7.12845E-6	2.49998E+0	1.73953E-8
6.87473E-1	-8.93336E-3	1.45991E-5	2.50007E+0	1.89481E-8
6.88128E-1	-5.57280E-3	9.61866E-6	2.50003E+0	1.73730E-8
6.88783E-1	-6.91703E-3	1.35506E-5	2.49993E+0	1.85787E-8
6.89439E-1	-9.60547E-3	1.00118E-5	2.50002E+0	1.80272E-8
6.90094E-1	-8.26125E-3	8.96334E-6	2.50001E+0	1.79582E-8
6.90749E-1	-8.93336E-3	1.95795E-5	2.50004E+0	1.73944E-8
6.91405E-1	-7.58914E-3	5.16250E-6	2.49992E+0	1.75556E-8
6.92060E-1	-6.91703E-3	1.56476E-5	2.50004E+0	1.90741E-8
6.92716E-1	-1.09497E-2	1.00118E-5	2.49998E+0	1.72289E-8
6.93371E-1	-7.58914E-3	7.25951E-6	2.49996E+0	1.81869E-8
6.94026E-1	-7.58914E-3	1.23059E-6	2.50007E+0	1.75955E-8
6.94682E-1	-6.24492E-3	5.03143E-6	2.49994E+0	1.71947E-8
6.95337E-1	-1.09497E-2	1.25021E-5	2.50007E+0	1.77072E-8
6.95992E-1	-8.93336E-3	1.39438E-5	2.50000E+0	1.82473E-8
6.96648E-1	-6.24492E-3	7.52164E-6	2.50006E+0	1.87184E-8
6.97303E-1	-9.60547E-3	9.22547E-6	2.49987E+0	1.77357E-8
6.97958E-1	-1.09497E-2	-5.06046E-6	2.50005E+0	1.84826E-8
6.98614E-1	-8.93336E-3	9.09440E-6	2.49998E+0	1.72717E-8
6.99269E-1	-8.26125E-3	1.39438E-5	2.50001E+0	1.89124E-8
6.99924E-1	-1.22939E-2	9.48759E-6	2.50000E+0	1.77167E-8
7.00580E-1	-8.93336E-3	8.43908E-6	2.50001E+0	1.79017E-8
7.01235E-1	-8.26125E-3	2.94092E-5	2.49992E+0	1.78033E-8
7.01891E-1	-8.93336E-3	1.00118E-5	2.50011E+0	1.81284E-8
7.02546E-1	-1.02776E-2	1.73514E-5	2.50006E+0	1.70644E-8
7.03201E-1	-1.09497E-2	1.94484E-5	2.49989E+0	1.77433E-8
7.03857E-1	-9.60547E-3	1.01429E-5	2.49994E+0	1.80681E-8
7.04512E-1	-8.93336E-3	1.82688E-5	2.50012E+0	1.72784E-8
7.05167E-1	-8.26125E-3	1.26331E-5	2.49998E+0	1.84075E-8
7.05823E-1	-8.26125E-3	1.25021E-5	2.49995E+0	1.81698E-8
7.06478E-1	-6.24492E-3	1.19778E-5	2.50002E+0	1.70121E-8
7.07133E-1	-8.26125E-3	9.22547E-6	2.50001E+0	1.79744E-8
7.07789E-1	-8.93336E-3	1.25021E-5	2.50000E+0	1.87379E-8
7.08444E-1	-6.91703E-3	1.06672E-5	2.50005E+0	1.69313E-8
7.09100E-1	-8.93336E-3	1.17157E-5	2.49993E+0	1.88245E-8
7.09755E-1	-7.58914E-3	1.31574E-5	2.49999E+0	1.73844E-8
7.10410E-1	-7.58914E-3	7.39058E-6	2.50002E+0	1.90103E-8
7.11066E-1	-1.02776E-2	8.17696E-6	2.49992E+0	1.67055E-8
7.11721E-1	-1.29660E-2	-3.88088E-6	2.50017E+0	1.87203E-8
7.12376E-1	-8.26125E-3	9.22547E-6	2.49991E+0	1.66798E-8
7.13032E-1	-6.91703E-3	1.56476E-5	2.49996E+0	1.79882E-8
7.13687E-1	-7.58914E-3	6.47313E-6	2.50003E+0	1.76682E-8
7.14342E-1	-5.57280E-3	2.02348E-5	2.50002E+0	1.93332E-8
7.14998E-1	-1.22939E-2	1.14535E-5	2.50007E+0	1.70820E-8
7.15653E-1	-7.58914E-3	9.22547E-6	2.50001E+0	1.80609E-8
7.16308E-1	-3.55647E-3	1.07982E-5	2.49990E+0	1.77453E-8
7.16964E-1	-7.58914E-3	-9.97488E-7	2.50005E+0	1.74491E-8
7.17619E-1	-7.58914E-3	9.48759E-6	2.49995E+0	1.72308E-8
7.18275E-1	-7.58914E-3	6.07994E-6	2.50004E+0	1.85749E-8
7.18930E-1	-6.91703E-3	7.52164E-6	2.50006E+0	1.75651E-8
7.19585E-1	-8.93336E-3	1.28952E-5	2.49984E+0	1.79126E-8
7.20241E-1	-8.93336E-3	1.26331E-5	2.50001E+0	1.86600E-8
7.20896E-1	-9.60547E-3	1.25021E-5	2.50004E+0	1.80438E-8
7.21551E-1	-9.60547E-3	6.47313E-6	2.50000E+0	1.80828E-8
7.22207E-1	-6.91703E-3	2.25939E-5	2.50008E+0	1.76402E-8
7.22862E-1	-5.57280E-3	9.61866E-6	2.49993E+0	1.72270E-8
7.23517E-1	-9.60547E-3	1.30263E-5	2.50004E+0	1.82901E-8
7.24173E-1	-1.09497E-2	1.45991E-5	2.50000E+0	1.71001E-8
7.24828E-1	-8.93336E-3	1.04050E-5	2.49990E+0	1.83305E-8
7.25484E-1	-7.58914E-3	1.09293E-5	2.50004E+0	1.77647E-8
7.26139E-1	-8.26125E-3	1.02740E-5	2.50005E+0	1.73202E-8
7.26794E-1	-6.91703E-3	1.89242E-5	2.50000E+0	1.80120E-8
7.27450E-1	-7.58914E-3	1.06672E-5	2.50001E+0	1.81465E-8
7.28105E-1	-1.09497E-2	9.48759E-6	2.49993E+0	1.84736E-8
7.28760E-1	-8.93336E-3	9.09440E-6	2.50008E+0	1.79948E-8
7.29416E-1	-7.58914E-3	1.00118E-5	2.50003E+0	1.76250E-8
7.30071E-1	-3.55647E-3	1.27642E-5	2.49989E+0	1.77367E-8
7.30726E-1	-8.26125E-3	1.02740E-5	2.49999E+0	1.85668E-8
7.31382E-1	-1.02776E-2	2.93442E-6	2.50002E+0	1.75289E-8
7.32037E-1	-6.91703E-3	9.35653E-6	2.50003E+0	1.84085E-8
7.32692E-1	-1.09497E-2	1.22399E-5	2.50005E+0	1.69085E-8
7.33348E-1	-9.60547E-3	3.32761E-6	2.49994E+0	1.79696E-8
7.34003E-1	-8.93336E-3	1.13225E-5	2.49999E+0	1.90964E-8
7.34659E-1	-9.60547E-3	7.91483E-6	2.49997E+0	1.75209E-8
7.35314E-1	-8.26125E-3	3.45867E-6	2.50002E+0	1.75822E-8
7.35969E-1	-1.29660E-2	1.09293E-5	2.50004E+0	1.83690E-8
7.36625E-1	-6.91703E-3	1.31574E-5	2.50003E+0	1.72056E-8
7.37280E-1	-1.09497E-2	1.61718E-5	2.49995E+0	1.83367E-8
7.37935E-1	-8.93336E-3	9.22547E-6	2.50007E+0	1.77866E-8
7.38591E-1	-6.24492E-3	7.65270E-6	2.49995E+0	1.85901E-8
7.39246E-1	-7.58914E-3	1.40748E-5	2.49998E+0	1.61336E-8
7.39901E-1	-6.91703E-3	9.09440E-6	2.50002E+0	1.87389E-8
7.40557E-1	-6.24492E-3	2.08901E-5	2.49996E+0	1.76573E-8
7.41212E-1	-4.90069E-3	6.21101E-6	2.50001E+0	1.78912E-8
7.41868E-1	-7.58914E-3	8.04589E-6	2.49996E+0	1.86961E-8
7.42523E-1	-8.93336E-3	1.07982E-5	2.50011E+0	1.75365E-8
7.43178E-1	-8.26125E-3	1.39438E-5	2.50002E+0	1.74486E-8
7.43834E-1	-6.24492E-3	1.23710E-5	2.49992E+0	1.88777E-8
7.44489E-1	-8.26125E-3	1.25021E-5	2.50004E+0	1.72085E-8
7.45144E-1	-8.93336E-3	1.14535E-5	2.49996E+0	1.81974E-8
7.45800E-1	-4.90069E-3	9.35653E-6	2.49996E+0	1.85725E-8
7.46455E-1	-8.26125E-3	7.12845E-6	2.50001E+0	1.70592E-8
7.47110E-1	-1.09497E-2	9.88078E-6	2.49994E+0	1.76150E-8
7.47766E-1	-6.24492E-3	1.31574E-5	2.50006E+0	1.85801E-8
7.48421E-1	-8.93336E-3	6.86632E-6	2.50002E+0	1.83120E-8
7.49076E-1	-6.91703E-3	2.36425E-5	2.50004E+0	1.72579E-8
7.49732E-1	-8.26125E-3	9.88078E-6	2.49996E+0	1.83709E-8
7.50387E-1	-5.57280E-3	1.05361E-5	2.50000E+0	1.69613E-8
7.51043E-1	-8.26125E-3	9.48759E-6	2.50005E+0	1.82487E-8
7.51698E-1	-7.58914E-3	1.53855E-5	2.50001E+0	1.83238E-8
7.52353E-1	-6.91703E-3	1.06672E-5	2.49999E+0	1.84208E-8
7.53009E-1	-6.24492E-3	1.25021E-5	2.49992E+0	1.74400E-8
7.53664E-1	-6.91703E-3	1.23059E-6	2.49998E+0	1.80809E-8
7.54319E-1	-7.58914E-3	1.13225E-5	2.50002E+0	1.82050E-8
7.54975E-1	-6.24492E-3	1.18467E-5	2.50008E+0	1.79288E-8
7.55630E-1	-7.58914E-3	9.35653E-6	2.50000E+0	1.69689E-8
7.56285E-1	-9.60547E-3	1.36816E-5	2.49996E+0	1.83053E-8
7.56941E-1	-5.57280E-3	1.02740E-5	2.49997E+0	1.83433E-8
7.57596E-1	-8.93336E-3	1.04050E-5	2.50003E+0	1.82230E-8
7.58252E-1	-1.02776E-2	1.07982E-5	2.49996E+0	1.74353E-8
7.58907E-1	-7.58914E-3	7.39058E-6	2.50000E+0	1.77177E-8
7.59562E-1	-5.57280E-3	1.27642E-5	2.49999E+0	1.80714E-8
7.60218E-1	-8.93336E-3	4.63824E-6	2.50001E+0	1.79335E-8
7.60873E-1	-8.26125E-3	1.11914E-5	2.50003E+0	1.89443E-8
7.61528E-1	-6.91703E-3	1.13225E-5	2.49996E+0	1.63347E-8
7.62184E-1	-7.58914E-3	1.30263E-5	2.50004E+0	1.86272E-8
7.62839E-1	-9.60547E-3	8.83228E-6	2.50002E+0	1.89148E-8
7.63494E-1	-6.91703E-3	1.22399E-5	2.49996E+0	1.74757E-8
7.64150E-1	-1.09497E-2	1.21089E-5	2.50010E+0	1.76021E-8
7.64805E-1	-7.58914E-3	1.01429E-5	2.49998E+0	1.79559E-8
7.65460E-1	-7.58914E-3	1.18467E-5	2.49993E+0	1.86899E-8
7.66116E-1	-8.93336E-3	7.12845E-6	2.50002E+0	1.66114E-8
7.66771E-1	-8.26125E-3	4.11399E-6	2.50002E+0	1.78822E-8
7.67427E-1	-8.26125E-3	4.76931E-6	2.50004E+0	1.78584E-8
7.68082E-1	-6.91703E-3	7.78377E-6	2.49992E+0	1.79839E-8
7.68737E-1	-8.26125E-3	1.19778E-5	2.50005E+0	1.96674E-8
7.69393E-1	-6.91703E-3	1.11914E-5	2.50005E+0	1.71011E-8
7.70048E-1	-5.57280E-3	1.07982E-5	2.49992E+0	1.77890E-8
7.70703E-1	-9.60547E-3	5.68675E-6	2.49997E+0	1.82221E-8
7.71359E-1	-7.58914E-3	1.66961E-5	2.50003E+0	1.84764E-8
7.72014E-1	-8.26125E-3	1.65650E-5	2.49999E+0	1.66023E-8
7.72669E-1	-7.58914E-3	8.04589E-6	2.49998E+0	1.90783E-8
7.73325E-1	-8.26125E-3	1.19778E-5	2.50005E+0	1.76697E-8
7.73980E-1	-1.16218E-2	7.39058E-6	2.50002E+0	1.88107E-8
7.74636E-1	-7.58914E-3	1.31574E-5	2.49996E+0	1.81536E-8
7.75291E-1	-6.91703E-3	8.43908E-6	2.50005E+0	1.72513E-8
7.75946E-1	-8.93336E-3	1.36816E-5	2.49995E+0	1.85045E-8
7.76602E-1	-6.24492E-3	7.78377E-6	2.49996E+0	1.68396E-8
7.77257E-1	-7.58914E-3	1.14535E-5	2.50003E+0	1.86143E-8
7.77912E-1	-9.60547E-3	1.18467E-5	2.50007E+0	1.78261E-8
7.78568E-1	-6.24492E-3	2.01697E-6	2.50002E+0	1.78855E-8
7.79223E-1	-8.93336E-3	9.61866E-6	2.50000E+0	1.81883E-8
7.79878E-1	-8.93336E-3	9.35653E-6	2.49996E+0	1.79055E-8
7.80534E-1	-4.90069E-3	-2.11107E-7	2.50003E+0	1.82592E-8
7.81189E-1	-6.24492E-3	1.36816E-5	2.49992E+0	1.79944E-8
7.81844E-1	-6.91703E-3	8.43908E-6	2.50006E+0	1.71728E-8
7.82500E-1	-8.93336E-3	1.02740E-5	2.49995E+0	1.84351E-8
7.83155E-1	-7.58914E-3	1.39438E-5	2.50003E+0	1.90779E-8
7.83811E-1	-6.91703E-3	7.25951E-6	2.50002E+0	1.71909E-8
7.84466E-1	-6.91703E-3	9.74972E-6	2.49999E+0	1.74809E-8
7.85121E-1	-8.93336E-3	1.31574E-5	2.50000E+0	1.92519E-8
7.85777E-1	-6.91703E-3	5.68675E-6	2.49999E+0	1.69908E-8
7.86432E-1	-4.90069E-3	1.32884E-5	2.49996E+0	1.86024E-8
7.87087E-1	-9.60547E-3	7.25951E-6	2.49993E+0	1.74709E-8
7.87743E-1	-8.26125E-3	9.09440E-6	2.50009E+0	1.85625E-8
7.88398E-1	-8.26125E-3	8.30802E-6	2.49999E+0	1.76949E-8
7.89053E-1	-7.58914E-3	3.58973E-6	2.50000E+0	1.76136E-8
7.89709E-1	-8.93336E-3	8.70121E-6	2.49998E+0	1.78555E-8
7.90364E-1	-7.58914E-3	1.35506E-5	2.50002E+0	1.89100E-8
7.91020E-1	-1.02776E-2	9.22547E-6	2.50000E+0	1.70811E-8
7.91675E-1	-7.58914E-3	9.22547E-6	2.50002E+0	1.79906E-8
7.92330E-1	-1.02776E-2	1.07982E-5	2.49998E+0	1.94359E-8
7.92986E-1	-9.60547E-3	6.34207E-6	2.49997E+0	1.79516E-8
7.93641E-1	-6.91703E-3	9.88078E-6	2.49994E+0	1.73354E-8
7.94296E-1	-8.93336E-3	1.19778E-5	2.50002E+0	1.88387E-8
7.94952E-1	-7.58914E-3	4.63824E-6	2.49999E+0	1.68267E-8
7.95607E-1	-6.91703E-3	9.48759E-6	2.50003E+0	1.84455E-8
7.96262E-1	-1.16218E-2	8.83228E-6	2.50005E+0	1.73468E-8
7.96918E-1	-8.26125E-3	1.73514E-5	2.50007E+0	1.84189E-8
7.97573E-1	-7.58914E-3	2.88850E-5	2.49991E+0	1.73207E-8
7.98228E-1	-8.93336E-3	1.02740E-5	2.49999E+0	1.90950E-8
7.98884E-1	-8.26125E-3	3.13147E-7	2.49993E+0	1.79426E-8
7.99539E-1	-8.26125E-3	1.04050E-5	2.59756E+0	-3.89590E-7
