## Header ##
[General info]
User	Giorgos_Psaltakis
Device	Sample
Cell area (cm2)	1
Test	Pulsed
Date	2024-03-03
Time	04:02:14
Temperature	21.36
Note	

[Acquisition Settings]
Amplitude (V)	2.000
Frequency (Hz)	10.0
DC Offset (V)	1.000
Duty Cycle (%)	40
Phase (°)	0
Cycles	10

## Data ##
Time (s)	DC Channel Voltage (V)	DC Channel Current (A)	Pulse Channel Voltage (V)	Pulse Channel Current (A)
0.00000E+0	1.99427E+0	1.15846E-5	1.00418E+0	-1.65282E-7
6.55360E-4	1.99373E+0	7.78377E-6	9.99887E-1	-1.43961E-8
1.31072E-3	1.99211E+0	8.83228E-6	9.99992E-1	-1.00308E-8
1.96608E-3	1.99454E+0	1.22399E-5	9.98706E-1	1.33920E-7
2.62144E-3	1.99265E+0	9.35653E-6	1.00052E+0	1.76806E-7
3.27680E-3	1.99346E+0	8.83228E-6	1.00026E+0	1.06112E-7
3.93216E-3	1.99292E+0	1.23059E-6	1.00026E+0	6.69257E-8
4.58752E-3	1.99104E+0	2.49531E-5	1.00004E+0	4.06953E-8
5.24288E-3	1.99211E+0	-3.42170E-7	1.00009E+0	2.61512E-8
5.89824E-3	1.99427E+0	9.48759E-6	1.00005E+0	1.41905E-8
6.55360E-3	1.99346E+0	6.07994E-6	1.00003E+0	1.26259E-8
7.20896E-3	1.99319E+0	4.50718E-6	9.99948E-1	8.63712E-9
7.86432E-3	1.99265E+0	9.61866E-6	1.00013E+0	6.99548E-9
8.51968E-3	1.99346E+0	1.28952E-5	9.99988E-1	7.23605E-9
9.17504E-3	1.99346E+0	8.70121E-6	9.99933E-1	4.62598E-9
9.83040E-3	1.99373E+0	1.14535E-5	1.00000E+0	6.42450E-9
1.04858E-2	1.99292E+0	8.30802E-6	1.00006E+0	4.23043E-9
1.11411E-2	1.99130E+0	6.86632E-6	9.99916E-1	3.82632E-9
1.17965E-2	1.99292E+0	1.25021E-5	1.00006E+0	4.89935E-9
1.24518E-2	1.99265E+0	8.57015E-6	1.00003E+0	2.17613E-9
1.31072E-2	1.99292E+0	1.82688E-5	1.00005E+0	4.44817E-9
1.37626E-2	1.99238E+0	1.01429E-5	9.99878E-1	3.64376E-9
1.44179E-2	1.99292E+0	-7.28854E-6	1.00009E+0	2.40338E-9
1.50733E-2	1.99130E+0	1.51233E-5	9.99948E-1	3.37087E-9
1.57286E-2	1.99319E+0	1.26331E-5	1.00005E+0	3.09893E-9
1.63840E-2	1.99454E+0	9.48759E-6	9.99931E-1	3.65660E-9
1.70394E-2	1.99211E+0	1.05361E-5	1.00007E+0	1.87091E-9
1.76947E-2	1.99211E+0	8.96334E-6	9.99957E-1	4.03503E-9
1.83501E-2	1.99346E+0	1.05361E-5	9.99971E-1	3.03332E-9
1.90054E-2	1.99292E+0	1.91863E-5	1.00000E+0	2.08533E-9
1.96608E-2	1.99211E+0	1.19778E-5	1.00001E+0	3.23300E-9
2.03162E-2	1.99427E+0	4.76931E-6	9.99990E-1	1.72638E-9
2.09715E-2	1.99292E+0	1.18467E-5	1.00006E+0	3.34044E-9
2.16269E-2	1.99265E+0	1.25021E-5	9.99944E-1	2.35869E-9
2.22822E-2	1.99346E+0	1.19778E-5	1.00002E+0	3.02001E-9
2.29376E-2	1.99346E+0	8.83228E-6	1.00002E+0	2.50608E-9
2.35930E-2	1.99265E+0	-8.00432E-8	9.99929E-1	2.55742E-9
2.42483E-2	1.99292E+0	1.25021E-5	1.00003E+0	1.81957E-9
2.49037E-2	1.99211E+0	1.30263E-5	1.00002E+0	4.04311E-9
2.55590E-2	1.99292E+0	1.40748E-5	1.00008E+0	1.22434E-9
2.62144E-2	1.99077E+0	9.22547E-6	9.99959E-1	2.39340E-9
2.68698E-2	1.99319E+0	5.03143E-6	9.99895E-1	3.06042E-9
2.75251E-2	1.99454E+0	1.76135E-5	1.00004E+0	2.81510E-9
2.81805E-2	1.99373E+0	1.01429E-5	1.00005E+0	1.29470E-9
2.88358E-2	1.99319E+0	1.90552E-5	9.99938E-1	3.92046E-9
2.94912E-2	1.99104E+0	5.42462E-6	9.99990E-1	2.46471E-9
3.01466E-2	1.99319E+0	9.48759E-6	1.00010E+0	2.04016E-9
3.08019E-2	1.99319E+0	1.40748E-5	9.99925E-1	2.93918E-9
3.14573E-2	1.99319E+0	3.58973E-6	1.00004E+0	2.47612E-9
3.21126E-2	1.99238E+0	1.38127E-5	9.99957E-1	2.11528E-9
3.27680E-2	1.99292E+0	6.34207E-6	1.00009E+0	1.98026E-9
3.34234E-2	1.99373E+0	6.86632E-6	9.99933E-1	1.19344E-9
3.40787E-2	1.99292E+0	2.31182E-5	1.00009E+0	3.38893E-9
3.47341E-2	1.99400E+0	1.25021E-5	9.99912E-1	1.74920E-9
3.53894E-2	1.99184E+0	9.48759E-6	1.00002E+0	3.52538E-9
3.60448E-2	1.99346E+0	1.10604E-5	9.99999E-1	1.52100E-9
3.67002E-2	1.99211E+0	7.12845E-6	1.00002E+0	2.41575E-9
3.73555E-2	1.99211E+0	4.63824E-6	9.99980E-1	1.14257E-9
3.80109E-2	1.99319E+0	1.17157E-5	1.00008E+0	2.54078E-9
3.86662E-2	1.99373E+0	1.09293E-5	9.99916E-1	2.63159E-9
3.93216E-2	1.99292E+0	1.10604E-5	9.99982E-1	2.03493E-9
3.99770E-2	-9.30233E-3	9.09440E-6	9.73484E-1	-1.91539E-7
4.06323E-2	-8.49324E-3	1.11914E-5	9.98878E-1	-1.37797E-7
4.12877E-2	-6.87507E-3	1.09293E-5	9.99576E-1	-5.75640E-8
4.19430E-2	-5.25689E-3	5.16250E-6	9.99978E-1	-2.57582E-8
4.25984E-2	-6.33567E-3	-4.53620E-6	9.99849E-1	-1.10111E-8
4.32538E-2	-5.79628E-3	2.04969E-5	1.00003E+0	-4.67755E-9
4.39091E-2	-6.33567E-3	1.90552E-5	9.99933E-1	-3.97155E-9
4.45645E-2	-6.60537E-3	1.68271E-5	1.00001E+0	3.52776E-9
4.52198E-2	-6.06598E-3	7.52164E-6	9.99963E-1	3.36944E-9
4.58752E-2	-7.14476E-3	5.94888E-6	1.00005E+0	3.27769E-9
4.65306E-2	-6.06598E-3	7.52164E-6	9.99963E-1	1.56759E-9
4.71859E-2	-7.68415E-3	-6.04297E-7	1.00005E+0	4.51331E-9
4.78413E-2	-4.71749E-3	1.35506E-5	9.99912E-1	2.59641E-9
4.84966E-2	-6.60537E-3	9.61866E-6	1.00008E+0	3.44646E-9
4.91520E-2	-4.71749E-3	1.27642E-5	9.99984E-1	2.66867E-9
4.98074E-2	-6.33567E-3	6.21101E-6	1.00003E+0	2.08723E-9
5.04627E-2	-6.33567E-3	1.45991E-5	9.99940E-1	4.56846E-9
5.11181E-2	-6.87507E-3	1.00118E-5	1.00003E+0	2.30307E-9
5.17734E-2	-5.52658E-3	8.17696E-6	1.00000E+0	2.50608E-9
5.24288E-2	-6.60537E-3	1.21089E-5	1.00005E+0	3.01953E-9
5.30842E-2	-7.95385E-3	8.96334E-6	9.99973E-1	3.10130E-9
5.37395E-2	-3.90841E-3	1.34195E-5	9.99938E-1	2.95059E-9
5.43949E-2	-6.33567E-3	1.32884E-5	1.00001E+0	2.66344E-9
5.50502E-2	-5.25689E-3	1.21089E-5	1.00000E+0	3.53441E-9
5.57056E-2	-6.60537E-3	1.77446E-5	1.00001E+0	2.27882E-9
5.63610E-2	-5.52658E-3	1.28952E-5	9.99963E-1	3.02096E-9
5.70163E-2	-6.06598E-3	-3.09450E-6	1.00004E+0	3.52253E-9
5.76717E-2	-5.52658E-3	8.83228E-6	1.00003E+0	1.91845E-9
5.83270E-2	-4.71749E-3	1.21089E-5	1.00003E+0	3.11937E-9
5.89824E-2	-5.25689E-3	-4.73234E-7	9.99910E-1	2.29499E-9
5.96378E-2	-5.79628E-3	1.02740E-5	1.00007E+0	2.05585E-9
6.02931E-2	-5.52658E-3	5.55569E-6	9.99944E-1	4.47670E-9
6.09485E-2	-5.79628E-3	8.96334E-6	1.00003E+0	1.76822E-9
6.16038E-2	-5.79628E-3	1.04050E-5	9.99933E-1	2.94632E-9
6.22592E-2	-7.14476E-3	4.50718E-6	1.00005E+0	2.47137E-9
6.29146E-2	-5.25689E-3	1.18467E-5	9.99986E-1	3.59859E-9
6.35699E-2	-6.06598E-3	1.01429E-5	1.00005E+0	1.04415E-9
6.42253E-2	-6.06598E-3	6.07994E-6	9.99976E-1	3.25439E-9
6.48806E-2	-5.52658E-3	1.09293E-5	1.00006E+0	2.84220E-9
6.55360E-2	-6.87507E-3	9.74972E-6	9.99914E-1	2.48421E-9
6.61914E-2	-5.52658E-3	8.43908E-6	1.00002E+0	2.79513E-9
6.68467E-2	-6.87507E-3	1.40748E-5	9.99940E-1	2.89687E-9
6.75021E-2	-5.25689E-3	1.45991E-5	1.00006E+0	2.82794E-9
6.81574E-2	-5.79628E-3	-1.91493E-6	9.99965E-1	2.64585E-9
6.88128E-2	-5.79628E-3	1.13225E-5	1.00001E+0	2.12289E-9
6.94682E-2	-6.06598E-3	9.22547E-6	9.99973E-1	3.47546E-9
7.01235E-2	-6.33567E-3	1.11914E-5	1.00009E+0	2.32637E-9
7.07789E-2	-4.98719E-3	7.12845E-6	9.99942E-1	2.83554E-9
7.14342E-2	-4.71749E-3	3.45867E-6	1.00005E+0	2.75948E-9
7.20896E-2	-6.06598E-3	9.35653E-6	9.99969E-1	2.37010E-9
7.27450E-2	-6.60537E-3	-2.30812E-6	9.99963E-1	2.98007E-9
7.34003E-2	-5.52658E-3	1.17157E-5	1.00006E+0	2.91209E-9
7.40557E-2	-6.06598E-3	1.21089E-5	9.99997E-1	1.83858E-9
7.47110E-2	-5.52658E-3	2.67229E-6	9.99952E-1	2.81225E-9
7.53664E-2	-5.79628E-3	1.15846E-5	1.00001E+0	2.02447E-9
7.60218E-2	-6.06598E-3	1.36166E-6	1.00004E+0	3.25344E-9
7.66771E-2	-5.52658E-3	1.91863E-5	9.99984E-1	2.75187E-9
7.73325E-2	-5.25689E-3	7.52164E-6	9.99997E-1	1.68502E-9
7.79878E-2	-4.98719E-3	1.51233E-5	1.00005E+0	2.43381E-9
7.86432E-2	-5.52658E-3	9.88078E-6	9.99927E-1	2.98435E-9
7.92986E-2	-3.63871E-3	8.96334E-6	1.00001E+0	2.46947E-9
7.99539E-2	-7.14476E-3	1.00118E-5	1.00002E+0	1.95554E-9
8.06093E-2	-2.55992E-3	1.45991E-5	1.00002E+0	2.67913E-9
8.12646E-2	-5.79628E-3	1.15846E-5	9.99950E-1	3.52110E-9
8.19200E-2	-6.33567E-3	9.88078E-6	1.00006E+0	1.67932E-9
8.25754E-2	-4.71749E-3	9.22547E-6	9.99978E-1	2.74379E-9
8.32307E-2	-6.87507E-3	1.06672E-5	9.99935E-1	2.26932E-9
8.38861E-2	-5.52658E-3	7.39058E-6	1.00005E+0	3.30621E-9
8.45414E-2	-6.87507E-3	9.61866E-6	1.00001E+0	2.78230E-9
8.51968E-2	-5.25689E-3	1.07982E-5	9.99965E-1	2.10149E-9
8.58522E-2	-4.98719E-3	8.17696E-6	9.99971E-1	3.05566E-9
8.65075E-2	-5.79628E-3	2.24629E-5	1.00016E+0	1.63130E-9
8.71629E-2	-6.33567E-3	1.30263E-5	9.99961E-1	2.17376E-9
8.78182E-2	-5.25689E-3	1.93174E-5	9.99935E-1	1.91275E-9
8.84736E-2	-5.79628E-3	9.74972E-6	9.99950E-1	4.24137E-9
8.91290E-2	-4.17810E-3	1.45991E-5	1.00007E+0	2.29166E-9
8.97843E-2	-6.60537E-3	5.81781E-6	9.99914E-1	2.16567E-9
9.04397E-2	-5.79628E-3	1.07982E-5	1.00012E+0	2.70433E-9
9.10950E-2	-3.90841E-3	1.28952E-5	9.99933E-1	1.96790E-9
9.17504E-2	-5.25689E-3	8.30802E-6	1.00007E+0	2.57501E-9
9.24058E-2	-4.98719E-3	1.18467E-5	9.99938E-1	3.30003E-9
9.30611E-2	-6.33567E-3	8.96334E-6	1.00001E+0	1.55903E-9
9.37165E-2	-3.90841E-3	2.03659E-5	9.99948E-1	2.71383E-9
9.43718E-2	-4.98719E-3	7.91483E-6	1.00004E+0	2.77516E-9
9.50272E-2	-5.79628E-3	2.93442E-6	1.00001E+0	2.77374E-9
9.56826E-2	-4.98719E-3	9.88078E-6	1.00009E+0	2.01687E-9
9.63379E-2	-6.87507E-3	1.18467E-5	9.99876E-1	2.62921E-9
9.69933E-2	-3.36901E-3	1.31574E-5	1.00006E+0	2.80654E-9
9.76486E-2	-5.52658E-3	1.17157E-5	1.00001E+0	2.01924E-9
9.83040E-2	-6.60537E-3	7.12845E-6	9.99997E-1	1.66933E-9
9.89594E-2	-6.33567E-3	1.02740E-5	9.99976E-1	3.57577E-9
9.96147E-2	-5.52658E-3	7.78377E-6	1.05289E+0	-3.11062E-7
1.00270E-1	1.99238E+0	1.22399E-5	9.97826E-1	1.13437E-7
1.00925E-1	1.99265E+0	7.52164E-6	1.00138E+0	2.93963E-7
1.01581E-1	1.99427E+0	5.94888E-6	1.00035E+0	1.55190E-7
1.02236E-1	1.99319E+0	1.36166E-6	1.00033E+0	8.65597E-8
1.02892E-1	1.99319E+0	1.27642E-5	1.00011E+0	4.71686E-8
1.03547E-1	1.99319E+0	1.11914E-5	1.00013E+0	2.64612E-8
1.04202E-1	1.99373E+0	2.39046E-5	1.00001E+0	1.76597E-8
1.04858E-1	1.99400E+0	7.25951E-6	1.00007E+0	1.18514E-8
1.05513E-1	1.99427E+0	1.09293E-5	9.99976E-1	8.05045E-9
1.06168E-1	1.99292E+0	1.09293E-5	1.00006E+0	6.20201E-9
1.06824E-1	1.99157E+0	1.19778E-5	9.99919E-1	5.44371E-9
1.07479E-1	1.99427E+0	1.26331E-5	1.00012E+0	3.58718E-9
1.08134E-1	1.99373E+0	7.78377E-6	9.99908E-1	4.32694E-9
1.08790E-1	1.99373E+0	8.57015E-6	1.00007E+0	2.54363E-9
1.09445E-1	1.99373E+0	-8.66424E-7	9.99969E-1	1.65840E-9
1.10100E-1	1.99265E+0	1.28952E-5	9.99965E-1	3.11984E-9
1.10756E-1	1.99481E+0	9.74972E-6	1.00003E+0	1.93985E-9
1.11411E-1	1.99157E+0	1.07982E-5	9.99961E-1	1.13306E-9
1.12067E-1	1.99373E+0	1.05361E-5	1.00004E+0	2.95963E-9
1.12722E-1	1.99319E+0	1.17157E-5	9.99999E-1	1.44018E-9
1.13377E-1	1.99373E+0	1.47301E-5	1.00000E+0	1.29850E-9
1.14033E-1	1.99319E+0	1.19778E-5	9.99919E-1	3.09084E-9
1.14688E-1	1.99265E+0	9.22547E-6	1.00012E+0	9.71413E-10
1.15343E-1	1.99319E+0	6.60420E-6	9.99957E-1	1.78391E-9
1.15999E-1	1.99427E+0	8.57015E-6	1.00007E+0	1.68407E-9
1.16654E-1	1.99238E+0	1.36816E-5	9.99870E-1	1.81719E-9
1.17309E-1	1.99319E+0	-4.92939E-6	1.00010E+0	1.33273E-9
1.17965E-1	1.99265E+0	6.86632E-6	9.99900E-1	2.26028E-9
1.18620E-1	1.99373E+0	4.76931E-6	1.00010E+0	2.73903E-9
1.19276E-1	1.99562E+0	9.74972E-6	9.99982E-1	1.55951E-9
1.19931E-1	1.99211E+0	9.35653E-6	1.00002E+0	1.27140E-9
1.20586E-1	1.99427E+0	2.33803E-5	1.00001E+0	2.36487E-9
1.21242E-1	1.99427E+0	9.48759E-6	9.99995E-1	1.05081E-9
1.21897E-1	1.99184E+0	8.17696E-6	9.99929E-1	1.83811E-9
1.22552E-1	1.99238E+0	1.07982E-5	1.00000E+0	2.42430E-9
1.23208E-1	1.99211E+0	7.06338E-7	1.00013E+0	1.25572E-9
1.23863E-1	1.99427E+0	2.24629E-5	9.99946E-1	1.27758E-9
1.24518E-1	1.99184E+0	6.86632E-6	9.99908E-1	1.85712E-9
1.25174E-1	1.99454E+0	7.91483E-6	1.00003E+0	1.55761E-9
1.25829E-1	1.99265E+0	1.02740E-5	9.99944E-1	2.48848E-9
1.26484E-1	1.99265E+0	1.02740E-5	1.00005E+0	1.79912E-9
1.27140E-1	1.99319E+0	1.13225E-5	1.00000E+0	1.45729E-9
1.27795E-1	1.99373E+0	1.62378E-6	1.00001E+0	2.27074E-9
1.28451E-1	1.99346E+0	8.57015E-6	9.99954E-1	1.70546E-9
1.29106E-1	1.99319E+0	1.27642E-5	1.00005E+0	1.85570E-9
1.29761E-1	1.99535E+0	2.54123E-6	1.00002E+0	6.82832E-10
1.30417E-1	1.99373E+0	1.14535E-5	9.99919E-1	2.98102E-9
1.31072E-1	1.99130E+0	-2.83238E-6	1.00013E+0	1.38978E-9
1.31727E-1	1.99184E+0	-5.45365E-6	9.99910E-1	1.93937E-9
1.32383E-1	1.99130E+0	7.39058E-6	1.00005E+0	9.76167E-10
1.33038E-1	1.99292E+0	6.47313E-6	9.99969E-1	2.17566E-9
1.33693E-1	1.99319E+0	6.60420E-6	1.00008E+0	1.98454E-9
1.34349E-1	1.99184E+0	1.04050E-5	9.99908E-1	9.02002E-10
1.35004E-1	1.99400E+0	9.22547E-6	1.00001E+0	2.64252E-9
1.35660E-1	1.99211E+0	4.63824E-6	9.99950E-1	2.14856E-9
1.36315E-1	1.99373E+0	1.14535E-5	1.00013E+0	1.25619E-9
1.36970E-1	1.99292E+0	9.09440E-6	9.99859E-1	2.07059E-9
1.37626E-1	1.99292E+0	8.43908E-6	1.00015E+0	2.09484E-9
1.38281E-1	1.98996E+0	1.51233E-5	9.99904E-1	9.61429E-10
1.38936E-1	1.99319E+0	-1.39068E-6	9.99988E-1	2.11575E-9
1.39592E-1	1.99130E+0	9.35653E-6	9.62387E-1	1.98537E-7
1.40247E-1	-6.33567E-3	6.21101E-6	9.98639E-1	-1.81839E-7
1.40902E-1	-6.06598E-3	9.68465E-7	9.99771E-1	-1.03308E-7
1.41558E-1	-5.79628E-3	1.85310E-5	9.99625E-1	-5.57341E-8
1.42213E-1	-7.14476E-3	7.78377E-6	9.99940E-1	-3.41509E-8
1.42868E-1	-6.06598E-3	9.88078E-6	1.00004E+0	-2.49976E-8
1.43524E-1	-4.98719E-3	9.22547E-6	9.99925E-1	-2.22938E-8
1.44179E-1	-6.06598E-3	7.78377E-6	9.99946E-1	-1.19577E-8
1.44835E-1	-5.79628E-3	9.35653E-6	9.99940E-1	-2.44497E-9
1.45490E-1	-5.79628E-3	3.32761E-6	9.99969E-1	2.25790E-9
1.46145E-1	-6.87507E-3	9.61866E-6	1.00003E+0	3.83203E-9
1.46801E-1	-6.33567E-3	1.07982E-5	9.99969E-1	2.32351E-9
1.47456E-1	-6.33567E-3	6.07994E-6	1.00001E+0	4.19668E-9
1.48111E-1	-6.60537E-3	1.04050E-5	1.00000E+0	3.20067E-9
1.48767E-1	-7.95385E-3	1.47301E-5	9.99967E-1	3.35565E-9
1.49422E-1	-6.06598E-3	6.21101E-6	1.00003E+0	4.21284E-9
1.50077E-1	-5.52658E-3	1.17157E-5	9.99927E-1	2.88974E-9
1.50733E-1	-6.06598E-3	1.30263E-5	1.00009E+0	3.56484E-9
1.51388E-1	-6.60537E-3	9.35653E-6	9.99925E-1	2.32019E-9
1.52044E-1	-3.63871E-3	1.04050E-5	1.00002E+0	3.82204E-9
1.52699E-1	-7.41446E-3	6.73526E-6	9.99952E-1	2.79323E-9
1.53354E-1	-6.33567E-3	7.52164E-6	1.00003E+0	2.60639E-9
1.54010E-1	-6.06598E-3	8.83228E-6	1.00009E+0	2.91209E-9
1.54665E-1	-4.44780E-3	6.60420E-6	9.99919E-1	2.61114E-9
1.55320E-1	-6.60537E-3	1.17157E-5	1.00003E+0	2.63491E-9
1.55976E-1	-6.06598E-3	1.17157E-5	1.00003E+0	3.40985E-9
1.56631E-1	-5.25689E-3	1.15846E-5	9.99935E-1	2.81938E-9
1.57286E-1	-5.52658E-3	1.09293E-5	9.99976E-1	3.43315E-9
1.57942E-1	-6.60537E-3	1.91863E-5	1.00008E+0	2.04111E-9
1.58597E-1	-6.60537E-3	8.83228E-6	9.99963E-1	3.76357E-9
1.59252E-1	-6.06598E-3	8.70121E-6	1.00007E+0	2.31496E-9
1.59908E-1	-6.33567E-3	5.42462E-6	9.99931E-1	3.68132E-9
1.60563E-1	-6.33567E-3	7.12845E-6	9.99988E-1	2.25315E-9
1.61219E-1	-5.79628E-3	1.28952E-5	1.00003E+0	3.07848E-9
1.61874E-1	-6.33567E-3	8.96334E-6	1.00002E+0	3.01620E-9
1.62529E-1	-5.25689E-3	9.35653E-6	9.99959E-1	1.57805E-9
1.63185E-1	-4.71749E-3	9.88078E-6	1.00001E+0	3.52063E-9
1.63840E-1	-6.60537E-3	3.19654E-6	9.99925E-1	2.91589E-9
1.64495E-1	-6.33567E-3	9.88078E-6	1.00016E+0	2.46899E-9
1.65151E-1	-7.68415E-3	2.93442E-6	9.99969E-1	2.65821E-9
1.65806E-1	-6.06598E-3	6.21101E-6	9.99982E-1	3.42602E-9
1.66461E-1	-5.79628E-3	1.34195E-5	9.99944E-1	2.55219E-9
1.67117E-1	-5.52658E-3	7.25951E-6	1.00009E+0	3.67324E-9
1.67772E-1	-5.25689E-3	1.31574E-5	9.99859E-1	3.16501E-9
1.68428E-1	-6.60537E-3	1.04050E-5	1.00010E+0	3.63948E-9
1.69083E-1	-6.33567E-3	-3.22557E-6	9.99967E-1	2.85836E-9
1.69738E-1	-5.79628E-3	1.10604E-5	9.99946E-1	2.67960E-9
1.70394E-1	-4.44780E-3	1.07982E-5	1.00002E+0	2.90068E-9
1.71049E-1	-4.98719E-3	9.35653E-6	1.00005E+0	2.41099E-9
1.71704E-1	-5.52658E-3	1.25021E-5	9.99978E-1	2.91827E-9
1.72360E-1	-5.79628E-3	4.90037E-6	1.00011E+0	2.83459E-9
1.73015E-1	-7.41446E-3	1.30263E-5	9.99874E-1	3.61286E-9
1.73670E-1	-5.52658E-3	1.04050E-5	9.99986E-1	2.47993E-9
1.74326E-1	-4.17810E-3	3.06548E-6	1.00001E+0	2.76233E-9
1.74981E-1	-6.06598E-3	8.30802E-6	1.00006E+0	2.66154E-9
1.75636E-1	-5.52658E-3	1.63029E-5	9.99935E-1	4.28843E-9
1.76292E-1	-5.52658E-3	1.13225E-5	1.00005E+0	1.81719E-9
1.76947E-1	-4.71749E-3	1.09293E-5	9.99969E-1	4.23138E-9
1.77603E-1	-7.41446E-3	5.42462E-6	9.99957E-1	1.89706E-9
1.78258E-1	-4.98719E-3	5.16250E-6	1.00005E+0	3.73266E-9
1.78913E-1	-3.90841E-3	1.76135E-5	1.00002E+0	1.60040E-9
1.79569E-1	-4.98719E-3	1.34195E-5	9.99986E-1	4.25040E-9
1.80224E-1	-5.79628E-3	1.02740E-5	9.99988E-1	1.45587E-9
1.80879E-1	-6.33567E-3	9.48759E-6	1.00006E+0	3.90952E-9
1.81535E-1	-6.06598E-3	9.88078E-6	9.99940E-1	1.75586E-9
1.82190E-1	-5.79628E-3	1.14535E-5	1.00006E+0	2.87167E-9
1.82845E-1	-4.98719E-3	1.22399E-5	9.99942E-1	4.15817E-9
1.83501E-1	-6.87507E-3	5.68675E-6	1.00000E+0	2.64014E-9
1.84156E-1	-5.25689E-3	9.88078E-6	9.99954E-1	3.09798E-9
1.84812E-1	-4.44780E-3	1.06672E-5	1.00010E+0	1.81576E-9
1.85467E-1	-4.98719E-3	6.99739E-6	9.99891E-1	3.41793E-9
1.86122E-1	-6.06598E-3	1.00118E-5	1.00012E+0	2.84410E-9
1.86778E-1	-4.17810E-3	1.09953E-6	9.99971E-1	2.26409E-9
1.87433E-1	-6.33567E-3	5.81781E-6	1.00007E+0	3.35708E-9
1.88088E-1	-4.98719E-3	1.23710E-5	9.99855E-1	2.75710E-9
1.88744E-1	-6.60537E-3	8.43908E-6	1.00005E+0	3.29337E-9
1.89399E-1	-4.98719E-3	1.68271E-5	9.99969E-1	1.88945E-9
1.90054E-1	-4.17810E-3	1.52544E-5	1.00004E+0	4.13867E-9
1.90710E-1	-6.33567E-3	1.14535E-5	9.99967E-1	2.91304E-9
1.91365E-1	-6.87507E-3	1.06672E-5	1.00011E+0	1.93652E-9
1.92020E-1	-6.87507E-3	7.25951E-6	9.99885E-1	2.68864E-9
1.92676E-1	-4.98719E-3	1.90552E-5	1.00007E+0	2.24459E-9
1.93331E-1	-5.52658E-3	1.36166E-6	9.99961E-1	4.17053E-9
1.93987E-1	-7.14476E-3	9.22547E-6	1.00003E+0	2.48088E-9
1.94642E-1	-6.33567E-3	1.09293E-5	9.99999E-1	2.17090E-9
1.95297E-1	-5.52658E-3	9.35653E-6	9.99971E-1	3.61333E-9
1.95953E-1	-5.52658E-3	9.09440E-6	1.00003E+0	1.78676E-9
1.96608E-1	-4.71749E-3	7.65270E-6	9.99935E-1	2.80321E-9
1.97263E-1	-5.25689E-3	7.78377E-6	9.99980E-1	3.39892E-9
1.97919E-1	-4.17810E-3	2.01037E-5	1.00007E+0	2.10862E-9
1.98574E-1	-7.14476E-3	1.34195E-5	9.99973E-1	2.80131E-9
1.99229E-1	-4.71749E-3	8.30802E-6	9.99963E-1	4.11015E-9
1.99885E-1	-6.33567E-3	7.12845E-6	1.05315E+0	-3.32346E-7
2.00540E-1	1.99481E+0	1.36816E-5	9.99914E-1	-3.04692E-8
2.01196E-1	1.99319E+0	9.74972E-6	1.00002E+0	-2.09669E-8
2.01851E-1	1.99319E+0	1.04050E-5	1.00002E+0	-1.41732E-8
2.02506E-1	1.99373E+0	1.30263E-5	9.99961E-1	-1.11823E-8
2.03162E-1	1.99373E+0	7.06338E-7	1.00002E+0	-1.07582E-8
2.03817E-1	1.99319E+0	8.83228E-6	1.00001E+0	-7.95986E-9
2.04472E-1	1.99319E+0	7.78377E-6	9.99984E-1	-6.97289E-9
2.05128E-1	1.99265E+0	8.83228E-6	9.99910E-1	-7.50916E-9
2.05783E-1	1.99454E+0	8.57015E-6	1.00002E+0	-4.50545E-9
2.06438E-1	1.99319E+0	5.16250E-6	1.00008E+0	-5.61461E-9
2.07094E-1	1.99238E+0	1.05361E-5	9.99946E-1	-5.28704E-9
2.07749E-1	1.99238E+0	6.47313E-6	1.00003E+0	-3.00454E-9
2.08404E-1	1.99373E+0	1.62378E-6	9.99984E-1	-4.88769E-9
2.09060E-1	1.99427E+0	1.02740E-5	1.00002E+0	-1.92723E-9
2.09715E-1	1.99373E+0	1.10604E-5	9.99961E-1	-3.54652E-9
2.10371E-1	1.99184E+0	1.04050E-5	1.00006E+0	-2.70930E-9
2.11026E-1	1.99319E+0	8.83228E-6	9.99881E-1	-2.02279E-9
2.11681E-1	1.99238E+0	9.88078E-6	1.00004E+0	-1.72708E-9
2.12337E-1	1.99508E+0	1.36816E-5	1.00001E+0	-3.41388E-9
2.12992E-1	1.99265E+0	9.48759E-6	1.00001E+0	-1.36196E-9
2.13647E-1	1.99238E+0	8.30802E-6	1.00004E+0	-1.35815E-9
2.14303E-1	1.99346E+0	8.70121E-6	9.99912E-1	-1.96527E-9
2.14958E-1	1.99265E+0	6.60420E-6	9.99995E-1	-1.34009E-9
2.15613E-1	1.99319E+0	1.42059E-5	9.99997E-1	-1.31584E-9
2.16269E-1	1.99130E+0	1.06672E-5	1.00003E+0	-1.97145E-9
2.16924E-1	1.99373E+0	1.21089E-5	1.00001E+0	-1.24786E-9
2.17580E-1	1.99346E+0	1.04050E-5	9.99967E-1	-7.73676E-11
2.18235E-1	1.99211E+0	9.35653E-6	1.00003E+0	-1.84974E-9
2.18890E-1	1.99427E+0	1.39438E-5	9.99940E-1	-1.83387E-10
2.19546E-1	1.99400E+0	7.12845E-6	1.00013E+0	-1.46703E-9
2.20201E-1	1.99238E+0	1.19778E-5	9.99900E-1	1.58151E-11
2.20856E-1	1.99373E+0	8.83228E-6	1.00005E+0	-1.62439E-9
2.21512E-1	1.99292E+0	-1.91493E-6	9.99940E-1	-5.12194E-11
2.22167E-1	1.99265E+0	2.41667E-5	1.00008E+0	-1.18035E-9
2.22822E-1	1.99292E+0	9.74972E-6	9.99902E-1	-1.75780E-10
2.23478E-1	1.99481E+0	1.35506E-5	1.00007E+0	-7.94304E-10
2.24133E-1	1.99346E+0	6.34207E-6	9.99944E-1	-6.91137E-10
2.24788E-1	1.99319E+0	2.93442E-6	1.00005E+0	-9.13635E-10
2.25444E-1	1.99346E+0	2.01697E-6	1.00000E+0	1.01277E-9
2.26099E-1	1.99211E+0	1.05361E-5	9.99999E-1	-1.38050E-9
2.26755E-1	1.99292E+0	6.34207E-6	9.99965E-1	1.01100E-11
2.27410E-1	1.99265E+0	1.30263E-5	1.00003E+0	7.51293E-10
2.28065E-1	1.99211E+0	1.55165E-5	1.00002E+0	-1.24595E-9
2.28721E-1	1.99265E+0	8.96334E-6	9.99933E-1	-7.42958E-10
2.29376E-1	1.99346E+0	1.27642E-5	1.00009E+0	7.63178E-10
2.30031E-1	1.99319E+0	1.00118E-5	9.99916E-1	-2.22187E-11
2.30687E-1	1.99373E+0	1.45991E-5	9.99990E-1	-2.80848E-10
2.31342E-1	1.99373E+0	6.07994E-6	1.00003E+0	-3.33620E-10
2.31997E-1	1.99238E+0	1.57786E-5	1.00002E+0	-7.45811E-10
2.32653E-1	1.99265E+0	1.42059E-5	9.99933E-1	1.14494E-9
2.33308E-1	1.99373E+0	1.35506E-5	1.00007E+0	1.80786E-10
2.33964E-1	1.99292E+0	1.26331E-5	9.99965E-1	-2.82274E-10
2.34619E-1	1.99373E+0	1.09293E-5	1.00003E+0	-8.11419E-10
2.35274E-1	1.99373E+0	1.01429E-5	9.99995E-1	7.07554E-10
2.35930E-1	1.99373E+0	2.01037E-5	9.99952E-1	-3.99228E-10
2.36585E-1	1.99265E+0	7.39058E-6	1.00004E+0	7.93605E-10
2.37240E-1	1.99292E+0	1.40748E-5	1.00000E+0	-8.41846E-10
2.37896E-1	1.99319E+0	-3.74982E-6	9.99940E-1	8.56361E-10
2.38551E-1	1.99157E+0	5.94888E-6	1.00007E+0	-1.15401E-10
2.39206E-1	1.99319E+0	8.70121E-6	1.00002E+0	8.84886E-10
2.39862E-1	1.99346E+0	1.07982E-5	9.85315E-1	-7.07777E-10
2.40517E-1	-6.06598E-3	9.22547E-6	9.98126E-1	2.69656E-8
2.41172E-1	-5.79628E-3	8.57015E-6	1.00003E+0	1.39718E-8
2.41828E-1	-6.60537E-3	9.09440E-6	1.00003E+0	1.23335E-8
2.42483E-1	-6.33567E-3	9.88078E-6	9.99995E-1	9.48717E-9
2.43139E-1	-3.90841E-3	8.17696E-6	1.00004E+0	9.72060E-9
2.43794E-1	-6.60537E-3	1.68271E-5	9.99976E-1	8.53062E-9
2.44449E-1	-5.79628E-3	1.10604E-5	9.99959E-1	6.91752E-9
2.45105E-1	-5.79628E-3	2.67229E-6	1.00004E+0	6.55477E-9
2.45760E-1	-5.79628E-3	2.80335E-6	1.00001E+0	6.29138E-9
2.46415E-1	-5.79628E-3	1.09293E-5	9.99952E-1	5.12755E-9
2.47071E-1	-6.87507E-3	9.22547E-6	9.99971E-1	5.89488E-9
2.47726E-1	-5.52658E-3	1.43369E-5	1.00005E+0	4.56465E-9
2.48381E-1	-5.25689E-3	9.61866E-6	1.00008E+0	5.08381E-9
2.49037E-1	-6.06598E-3	5.94888E-6	9.99929E-1	4.20286E-9
2.49692E-1	-5.52658E-3	6.34207E-6	9.99999E-1	4.98065E-9
2.50348E-1	-6.60537E-3	8.70121E-6	1.00003E+0	3.85818E-9
2.51003E-1	-5.52658E-3	1.39438E-5	9.99965E-1	4.70680E-9
2.51658E-1	-6.06598E-3	7.25951E-6	1.00005E+0	3.19068E-9
2.52314E-1	-4.44780E-3	9.88078E-6	9.99976E-1	3.74883E-9
2.52969E-1	-6.06598E-3	1.00118E-5	1.00008E+0	3.99415E-9
2.53624E-1	-6.33567E-3	1.32884E-5	9.99893E-1	3.31952E-9
2.54280E-1	-6.60537E-3	1.10604E-5	9.99992E-1	3.38941E-9
2.54935E-1	-6.06598E-3	9.61866E-6	9.99990E-1	2.87928E-9
2.55590E-1	-6.06598E-3	5.16250E-6	1.00005E+0	4.05690E-9
2.56246E-1	-4.98719E-3	1.00118E-5	9.99931E-1	1.91227E-9
2.56901E-1	-5.79628E-3	6.99739E-6	1.00003E+0	4.35261E-9
2.57556E-1	-4.71749E-3	1.10604E-5	1.00006E+0	2.01259E-9
2.58212E-1	-4.71749E-3	8.57015E-6	9.99992E-1	2.73761E-9
2.58867E-1	-6.60537E-3	6.21101E-6	9.99969E-1	3.61571E-9
2.59523E-1	-5.52658E-3	2.15454E-5	1.00001E+0	3.11604E-9
2.60178E-1	-7.14476E-3	-4.66727E-6	9.99957E-1	2.70670E-9
2.60833E-1	-5.25689E-3	7.91483E-6	1.00005E+0	1.47203E-9
2.61489E-1	-5.52658E-3	8.96334E-6	9.99967E-1	3.24155E-9
2.62144E-1	-6.06598E-3	4.90037E-6	1.00007E+0	2.24222E-9
2.62799E-1	-7.68415E-3	-2.11107E-7	1.00001E+0	3.26818E-9
2.63455E-1	-6.33567E-3	1.09293E-5	9.99919E-1	2.29927E-9
2.64110E-1	-4.98719E-3	1.09293E-5	9.99995E-1	2.28881E-9
2.64765E-1	-5.25689E-3	8.96334E-6	1.00007E+0	3.19686E-9
2.65421E-1	-5.79628E-3	8.04589E-6	1.00001E+0	2.05300E-9
2.66076E-1	-7.14476E-3	9.88078E-6	9.99995E-1	2.13667E-9
2.66732E-1	-6.33567E-3	1.11914E-5	9.99999E-1	1.82480E-9
2.67387E-1	-5.52658E-3	1.28952E-5	9.99950E-1	2.76851E-9
2.68042E-1	-5.52658E-3	5.29356E-6	9.99990E-1	3.35993E-9
2.68698E-1	-3.63871E-3	1.06672E-5	9.99990E-1	2.39483E-9
2.69353E-1	-5.79628E-3	1.18467E-5	1.00003E+0	2.23271E-9
2.70008E-1	-4.17810E-3	1.07982E-5	9.99957E-1	2.48706E-9
2.70664E-1	-6.60537E-3	1.49923E-5	1.00000E+0	1.63368E-9
2.71319E-1	-5.52658E-3	1.22399E-5	1.00010E+0	2.86122E-9
2.71974E-1	-6.33567E-3	8.17696E-6	9.99957E-1	1.25191E-9
2.72630E-1	-6.33567E-3	8.04589E-6	9.99940E-1	3.66801E-9
2.73285E-1	-6.60537E-3	2.93442E-6	1.00009E+0	1.25857E-9
2.73940E-1	-5.25689E-3	6.07994E-6	9.99919E-1	3.02191E-9
2.74596E-1	-4.98719E-3	8.30802E-6	1.00007E+0	8.08819E-10
2.75251E-1	-5.52658E-3	8.96334E-6	9.99963E-1	2.80987E-9
2.75907E-1	-3.90841E-3	6.60420E-6	9.99976E-1	1.87804E-9
2.76562E-1	-4.98719E-3	1.21089E-5	1.00006E+0	2.34015E-9
2.77217E-1	-4.98719E-3	9.88078E-6	9.99919E-1	2.54649E-9
2.77873E-1	-5.79628E-3	7.12845E-6	1.00004E+0	2.92017E-9
2.78528E-1	-6.60537E-3	1.01429E-5	9.99969E-1	1.55095E-9
2.79183E-1	-7.95385E-3	1.01429E-5	1.00003E+0	2.36583E-9
2.79839E-1	-5.25689E-3	8.70121E-6	1.00001E+0	2.40861E-9
2.80494E-1	-6.06598E-3	9.09440E-6	1.00003E+0	1.34414E-9
2.81149E-1	-5.79628E-3	5.03143E-6	9.99883E-1	2.51939E-9
2.81805E-1	-6.06598E-3	1.11914E-5	1.00012E+0	3.11129E-9
2.82460E-1	-4.17810E-3	1.93174E-5	9.99988E-1	1.93367E-9
2.83116E-1	-6.87507E-3	4.44211E-7	1.00006E+0	1.35128E-9
2.83771E-1	-4.98719E-3	1.04050E-5	9.99823E-1	2.54886E-9
2.84426E-1	-4.71749E-3	2.10212E-5	1.00015E+0	1.83478E-9
2.85082E-1	-5.79628E-3	1.06672E-5	9.99906E-1	2.84981E-9
2.85737E-1	-6.33567E-3	1.01429E-5	1.00009E+0	1.21816E-9
2.86392E-1	-5.25689E-3	8.83228E-6	9.99959E-1	2.28073E-9
2.87048E-1	-4.71749E-3	1.63029E-5	9.99984E-1	2.54886E-9
2.87703E-1	-4.44780E-3	2.60016E-5	9.99971E-1	2.11718E-9
2.88358E-1	-6.60537E-3	1.32884E-5	1.00007E+0	1.91703E-9
2.89014E-1	-5.52658E-3	1.02740E-5	9.99942E-1	2.56740E-9
2.89669E-1	-6.60537E-3	1.23059E-6	9.99973E-1	1.19486E-9
2.90324E-1	-4.44780E-3	1.80067E-5	1.00012E+0	1.71497E-9
2.90980E-1	-4.98719E-3	9.09440E-6	9.99935E-1	2.35489E-9
2.91635E-1	-5.25689E-3	1.17157E-5	9.99963E-1	2.82889E-9
2.92291E-1	-6.06598E-3	1.09293E-5	1.00006E+0	1.79627E-9
2.92946E-1	-4.44780E-3	9.09440E-6	1.00002E+0	2.14666E-9
2.93601E-1	-4.98719E-3	1.31574E-5	9.99990E-1	1.47774E-9
2.94257E-1	-5.25689E-3	4.11399E-6	9.99982E-1	2.75425E-9
2.94912E-1	-4.98719E-3	1.00118E-5	9.99982E-1	2.48516E-9
2.95567E-1	-6.60537E-3	7.65270E-6	1.00005E+0	1.98834E-9
2.96223E-1	-5.52658E-3	5.03143E-6	9.99916E-1	1.80340E-9
2.96878E-1	-6.87507E-3	7.91483E-6	1.00010E+0	1.73351E-9
2.97533E-1	-7.14476E-3	1.01429E-5	1.00001E+0	2.25315E-9
2.98189E-1	-7.41446E-3	1.22399E-5	1.00000E+0	2.16092E-9
2.98844E-1	-5.79628E-3	1.32884E-5	9.99908E-1	1.98787E-9
2.99500E-1	-5.79628E-3	6.99739E-6	7.21303E-1	3.49686E-7
3.00155E-1	1.99508E+0	7.91483E-6	9.45290E-1	2.95596E-7
3.00810E-1	1.99400E+0	1.28952E-5	1.00002E+0	6.13402E-9
3.01466E-1	1.99319E+0	8.43908E-6	9.99978E-1	3.00622E-9
3.02121E-1	1.99211E+0	7.39058E-6	1.00001E+0	3.03047E-9
3.02776E-1	1.99265E+0	2.67229E-6	1.00004E+0	2.92445E-9
3.03432E-1	1.99400E+0	7.52164E-6	9.99976E-1	2.50750E-9
3.04087E-1	1.99454E+0	1.26331E-5	1.00001E+0	2.31781E-9
3.04742E-1	1.99400E+0	7.91483E-6	9.99995E-1	2.51511E-9
3.05398E-1	1.99319E+0	1.05361E-5	1.00002E+0	2.33112E-9
3.06053E-1	1.99211E+0	5.42462E-6	9.99931E-1	2.23413E-9
3.06708E-1	1.99238E+0	5.29356E-6	1.00009E+0	2.21226E-9
3.07364E-1	1.99346E+0	1.07982E-5	9.99925E-1	2.66724E-9
3.08019E-1	1.99292E+0	1.04050E-5	1.00008E+0	1.70499E-9
3.08675E-1	1.99265E+0	9.35653E-6	9.99919E-1	2.39055E-9
3.09330E-1	1.99319E+0	1.18467E-5	1.00003E+0	2.63206E-9
3.09985E-1	1.99184E+0	9.35653E-6	1.00001E+0	2.05395E-9
3.10641E-1	1.99346E+0	1.21089E-5	1.00001E+0	1.33083E-9
3.11296E-1	1.99373E+0	9.09440E-6	9.99969E-1	3.07420E-9
3.11951E-1	1.99346E+0	9.74972E-6	9.99999E-1	1.34747E-9
3.12607E-1	1.99319E+0	1.90552E-5	1.00001E+0	2.69767E-9
3.13262E-1	1.99157E+0	8.57015E-6	1.00003E+0	1.89183E-9
3.13917E-1	1.99292E+0	9.74972E-6	1.00001E+0	2.27550E-9
3.14573E-1	1.99211E+0	9.48759E-6	9.99986E-1	1.66743E-9
3.15228E-1	1.99157E+0	9.61866E-6	9.99990E-1	2.54268E-9
3.15884E-1	1.99265E+0	9.35653E-6	9.99965E-1	2.11908E-9
3.16539E-1	1.99346E+0	9.35653E-6	1.00003E+0	2.32969E-9
3.17194E-1	1.99104E+0	1.28952E-5	1.00001E+0	1.74112E-9
3.17850E-1	1.99238E+0	1.81378E-5	1.00002E+0	1.93462E-9
3.18505E-1	1.99238E+0	1.11914E-5	9.99908E-1	2.55124E-9
3.19160E-1	1.99265E+0	8.04589E-6	1.00005E+0	1.98834E-9
3.19816E-1	1.99238E+0	8.83228E-6	9.99978E-1	2.22748E-9
3.20471E-1	1.99319E+0	1.13225E-5	1.00007E+0	1.39311E-9
3.21126E-1	1.99373E+0	7.25951E-6	9.99978E-1	2.30402E-9
3.21782E-1	1.99292E+0	7.12845E-6	1.00001E+0	2.05633E-9
3.22437E-1	1.99238E+0	2.03659E-5	9.99942E-1	2.59973E-9
3.23092E-1	1.99292E+0	5.94888E-6	1.00004E+0	1.68122E-9
3.23748E-1	1.99265E+0	1.05361E-5	9.99957E-1	1.93462E-9
3.24403E-1	1.99346E+0	9.61866E-6	1.00004E+0	2.33207E-9
3.25059E-1	1.99238E+0	8.17696E-6	9.99950E-1	1.95316E-9
3.25714E-1	1.99373E+0	1.15846E-5	1.00008E+0	2.13572E-9
3.26369E-1	1.99346E+0	1.17157E-5	9.99919E-1	2.06441E-9
3.27025E-1	1.99319E+0	1.22399E-5	1.00009E+0	2.16330E-9
3.27680E-1	1.99481E+0	1.43369E-5	9.99946E-1	2.15141E-9
3.28335E-1	1.99265E+0	8.83228E-6	1.00004E+0	1.83763E-9
3.28991E-1	1.99319E+0	9.35653E-6	9.99984E-1	2.09484E-9
3.29646E-1	1.99104E+0	8.70121E-6	1.00002E+0	2.13097E-9
3.30301E-1	1.99292E+0	1.38127E-5	9.99965E-1	2.01449E-9
3.30957E-1	1.99211E+0	6.34207E-6	1.00003E+0	2.08343E-9
3.31612E-1	1.99238E+0	1.07982E-5	9.99950E-1	1.73351E-9
3.32268E-1	1.99346E+0	9.09440E-6	1.00001E+0	2.17090E-9
3.32923E-1	1.99157E+0	8.04589E-6	1.00004E+0	2.37533E-9
3.33578E-1	1.99292E+0	6.60420E-6	9.99980E-1	1.97693E-9
3.34234E-1	1.99238E+0	8.70121E-6	1.00002E+0	2.07534E-9
3.34889E-1	1.99427E+0	1.51233E-5	9.99978E-1	1.66458E-9
3.35544E-1	1.99077E+0	1.26331E-5	9.99986E-1	2.73095E-9
3.36200E-1	1.99265E+0	1.25021E-5	1.00003E+0	1.63795E-9
3.36855E-1	1.99157E+0	8.17696E-6	9.99938E-1	2.04492E-9
3.37510E-1	1.99157E+0	9.35653E-6	1.00007E+0	1.73066E-9
3.38166E-1	1.99373E+0	1.35506E-5	1.00000E+0	2.64537E-9
3.38821E-1	1.99211E+0	1.70893E-5	9.99973E-1	2.02875E-9
3.39476E-1	1.99211E+0	1.00118E-5	1.08864E+0	-2.16590E-7
3.40132E-1	-4.71749E-3	1.85310E-5	1.06115E+0	-4.09131E-7
3.40787E-1	-6.06598E-3	8.96334E-6	9.99853E-1	-5.62031E-9
3.41443E-1	-7.95385E-3	9.09440E-6	1.00002E+0	-2.45958E-11
3.42098E-1	-7.14476E-3	1.05361E-5	9.99986E-1	1.21245E-9
3.42753E-1	-4.98719E-3	3.58973E-6	1.00001E+0	1.37410E-9
3.43409E-1	-6.33567E-3	1.21089E-5	1.00008E+0	9.63806E-10
3.44064E-1	-6.06598E-3	1.32884E-5	9.99916E-1	1.89183E-9
3.44719E-1	-4.44780E-3	1.57786E-5	1.00001E+0	9.30527E-10
3.45375E-1	-5.52658E-3	1.18467E-5	9.99954E-1	1.33701E-9
3.46030E-1	-6.87507E-3	3.85186E-6	1.00002E+0	2.66154E-9
3.46685E-1	-5.79628E-3	1.15846E-5	1.00003E+0	1.83383E-9
3.47341E-1	-6.33567E-3	9.88078E-6	9.99954E-1	1.79009E-9
3.47996E-1	-5.79628E-3	8.70121E-6	1.00000E+0	1.14114E-9
3.48652E-1	-5.52658E-3	9.09440E-6	9.99992E-1	2.48040E-9
3.49307E-1	-5.79628E-3	1.06672E-5	9.99957E-1	1.93747E-9
3.49962E-1	-6.33567E-3	7.39058E-6	1.00015E+0	1.42877E-9
3.50618E-1	-5.25689E-3	1.07982E-5	9.99895E-1	2.73618E-9
3.51273E-1	-6.33567E-3	5.42462E-6	1.00002E+0	1.12070E-9
3.51928E-1	-7.95385E-3	3.19654E-6	1.00000E+0	2.74426E-9
3.52584E-1	-7.41446E-3	1.22399E-5	1.00004E+0	9.76167E-10
3.53239E-1	-6.33567E-3	1.14535E-5	9.99904E-1	1.85094E-9
3.53894E-1	-6.33567E-3	8.57015E-6	1.00009E+0	2.70813E-9
3.54550E-1	-5.79628E-3	5.42462E-6	9.99990E-1	1.46443E-9
3.55205E-1	-4.17810E-3	1.01429E-5	9.99954E-1	1.97836E-9
3.55860E-1	-5.52658E-3	9.88078E-6	1.00003E+0	1.78819E-9
3.56516E-1	-7.95385E-3	1.44680E-5	1.00007E+0	1.97836E-9
3.57171E-1	-5.79628E-3	1.21089E-5	9.99866E-1	2.86977E-9
3.57827E-1	-5.52658E-3	9.35653E-6	1.00007E+0	6.48602E-10
3.58482E-1	-6.60537E-3	9.35653E-6	1.00006E+0	2.51844E-9
3.59137E-1	-5.25689E-3	8.70121E-6	9.99984E-1	2.67818E-9
3.59793E-1	-5.79628E-3	1.05361E-5	9.99984E-1	1.46015E-9
3.60448E-1	-6.60537E-3	6.99739E-6	1.00001E+0	1.70737E-9
3.61103E-1	-3.63871E-3	9.61866E-6	1.00001E+0	1.96409E-9
3.61759E-1	-6.06598E-3	1.87931E-5	9.99944E-1	2.43429E-9
3.62414E-1	-8.22355E-3	1.30263E-5	1.00004E+0	1.13734E-9
3.63069E-1	-6.60537E-3	8.43908E-6	9.99900E-1	2.88118E-9
3.63725E-1	-4.71749E-3	1.43369E-5	1.00011E+0	2.28263E-9
3.64380E-1	-6.06598E-3	7.65270E-6	9.99910E-1	7.00423E-10
3.65036E-1	-4.44780E-3	8.43908E-6	9.99959E-1	2.83031E-9
3.65691E-1	-5.79628E-3	7.78377E-6	1.00002E+0	2.23794E-9
3.66346E-1	-6.06598E-3	1.26331E-5	1.00002E+0	1.35698E-9
3.67002E-1	-4.71749E-3	1.31574E-5	1.00008E+0	1.56997E-9
3.67657E-1	-5.52658E-3	2.27910E-6	9.99959E-1	2.70528E-9
3.68312E-1	-6.60537E-3	1.07982E-5	1.00005E+0	1.54049E-9
3.68968E-1	-4.17810E-3	7.39058E-6	9.99969E-1	2.54934E-9
3.69623E-1	-5.52658E-3	1.04050E-5	9.99986E-1	1.07933E-9
3.70278E-1	-4.17810E-3	1.48612E-5	1.00002E+0	1.83240E-9
3.70934E-1	-5.52658E-3	7.39058E-6	9.99995E-1	2.36963E-9
3.71589E-1	-5.25689E-3	9.88078E-6	9.99961E-1	2.16615E-9
3.72244E-1	-5.79628E-3	9.09440E-6	1.00001E+0	2.05538E-9
3.72900E-1	-5.79628E-3	1.51233E-5	1.00002E+0	2.36725E-9
3.73555E-1	-4.98719E-3	1.18467E-5	9.99929E-1	1.23004E-9
3.74211E-1	-6.06598E-3	6.99739E-6	1.00004E+0	2.50893E-9
3.74866E-1	-5.52658E-3	9.09440E-6	9.99990E-1	1.28281E-9
3.75521E-1	-3.63871E-3	1.17157E-5	1.00010E+0	2.75139E-9
3.76177E-1	-6.87507E-3	9.48759E-6	9.99902E-1	1.91465E-9
3.76832E-1	-4.71749E-3	1.49923E-5	1.00009E+0	1.88993E-9
3.77487E-1	-8.49324E-3	3.72080E-6	9.99978E-1	1.72210E-9
3.78143E-1	-4.98719E-3	9.48759E-6	1.00004E+0	1.84239E-9
3.78798E-1	-4.44780E-3	1.91863E-5	9.99914E-1	2.64157E-9
3.79453E-1	-6.06598E-3	7.12845E-6	1.00002E+0	1.98454E-9
3.80109E-1	-6.33567E-3	1.48612E-5	9.99988E-1	1.81719E-9
3.80764E-1	-4.44780E-3	7.12845E-6	1.00005E+0	1.35603E-9
3.81420E-1	-5.79628E-3	7.06338E-7	9.99952E-1	2.23699E-9
3.82075E-1	-4.71749E-3	1.09293E-5	9.99967E-1	2.34110E-9
3.82730E-1	-5.79628E-3	1.43369E-5	1.00004E+0	1.76537E-9
3.83386E-1	-5.52658E-3	1.39438E-5	9.99980E-1	2.09674E-9
3.84041E-1	-4.98719E-3	8.83228E-6	1.00009E+0	1.45206E-9
3.84696E-1	-5.25689E-3	1.06672E-5	9.99902E-1	2.73998E-9
3.85352E-1	-5.25689E-3	1.56476E-5	1.00005E+0	1.86188E-9
3.86007E-1	-4.71749E-3	1.40748E-5	1.00006E+0	1.13258E-9
3.86662E-1	-6.87507E-3	9.35653E-6	9.99931E-1	2.36060E-9
3.87318E-1	-6.60537E-3	1.00118E-5	1.00001E+0	1.37219E-9
3.87973E-1	-5.79628E-3	1.25021E-5	9.99895E-1	2.58547E-9
3.88628E-1	-5.79628E-3	4.44211E-7	1.00012E+0	2.44522E-9
3.89284E-1	-6.33567E-3	2.86229E-5	9.99925E-1	1.04843E-9
3.89939E-1	-3.63871E-3	2.10212E-5	1.00008E+0	1.96695E-9
3.90595E-1	-4.17810E-3	1.28952E-5	9.99965E-1	2.23413E-9
3.91250E-1	-5.52658E-3	2.14144E-5	9.99995E-1	1.83858E-9
3.91905E-1	-7.14476E-3	6.86632E-6	9.99946E-1	1.34557E-9
3.92561E-1	-5.79628E-3	1.02740E-5	1.00000E+0	2.90971E-9
3.93216E-1	-4.71749E-3	5.03143E-6	1.00002E+0	1.63320E-9
3.93871E-1	-5.79628E-3	1.00118E-5	1.00001E+0	2.68483E-9
3.94527E-1	-3.63871E-3	1.19778E-5	9.99952E-1	1.47393E-9
3.95182E-1	-4.44780E-3	8.30802E-6	1.00006E+0	1.40642E-9
3.95837E-1	-7.14476E-3	8.43908E-6	1.00006E+0	2.25886E-9
3.96493E-1	-4.71749E-3	1.77446E-5	9.99931E-1	2.12669E-9
3.97148E-1	-7.14476E-3	1.32884E-5	9.99967E-1	2.64252E-9
3.97804E-1	-5.25689E-3	5.03143E-6	1.00002E+0	1.71640E-9
3.98459E-1	-6.33567E-3	8.43908E-6	1.00000E+0	1.25001E-9
3.99114E-1	-4.71749E-3	6.86632E-6	1.00006E+0	1.99119E-9
3.99770E-1	-3.09932E-3	7.52164E-6	6.86918E-1	6.40909E-7
4.00425E-1	1.99319E+0	1.39438E-5	9.99194E-1	2.38199E-9
4.01080E-1	1.99319E+0	9.22547E-6	9.99988E-1	3.89431E-9
4.01736E-1	1.99373E+0	9.88078E-6	1.00003E+0	3.17214E-9
4.02391E-1	1.99104E+0	7.52164E-6	9.99895E-1	2.79466E-9
4.03046E-1	1.99265E+0	2.41016E-6	1.00007E+0	1.83858E-9
4.03702E-1	1.99265E+0	1.51233E-5	9.99978E-1	3.01050E-9
4.04357E-1	1.99373E+0	1.49923E-5	1.00003E+0	1.58613E-9
4.05012E-1	1.99238E+0	7.52164E-6	9.99950E-1	2.53983E-9
4.05668E-1	1.99319E+0	1.68271E-5	1.00007E+0	2.77611E-9
4.06323E-1	1.99211E+0	6.99739E-6	9.99900E-1	1.69928E-9
4.06979E-1	1.99373E+0	1.05361E-5	1.00009E+0	2.21559E-9
4.07634E-1	1.99373E+0	1.19778E-5	9.99969E-1	1.40215E-9
4.08289E-1	1.99265E+0	8.43908E-6	1.00002E+0	2.10625E-9
4.08945E-1	1.99319E+0	7.52164E-6	1.00002E+0	2.41622E-9
4.09600E-1	1.99292E+0	7.78377E-6	1.00003E+0	2.26028E-9
4.10255E-1	1.99373E+0	8.96334E-6	9.99944E-1	1.74397E-9
4.10911E-1	1.99211E+0	1.00118E-5	9.99971E-1	2.71954E-9
4.11566E-1	1.99454E+0	1.11914E-5	1.00003E+0	1.01420E-9
4.12221E-1	1.99238E+0	6.73526E-6	1.00007E+0	2.61542E-9
4.12877E-1	1.99292E+0	6.99739E-6	9.99912E-1	1.79675E-9
4.13532E-1	1.99238E+0	8.70121E-6	9.99984E-1	2.56313E-9
4.14188E-1	1.99265E+0	1.06672E-5	9.99967E-1	1.56046E-9
4.14843E-1	1.99265E+0	9.48759E-6	1.00009E+0	2.65869E-9
4.15498E-1	1.99481E+0	9.48759E-6	1.00001E+0	1.42877E-9
4.16154E-1	1.99319E+0	1.00118E-5	9.99944E-1	2.08200E-9
4.16809E-1	1.99346E+0	1.65650E-5	9.99980E-1	1.72448E-9
4.17464E-1	1.99535E+0	1.01429E-5	1.00003E+0	1.88042E-9
4.18120E-1	1.99346E+0	1.27642E-5	9.99919E-1	2.29689E-9
4.18775E-1	1.99373E+0	6.47313E-6	1.00006E+0	2.18944E-9
4.19430E-1	1.99211E+0	1.42059E-5	1.00006E+0	1.68550E-9
4.20086E-1	1.99238E+0	6.21101E-6	9.99990E-1	2.31496E-9
4.20741E-1	1.99077E+0	2.73122E-5	9.99933E-1	2.06821E-9
4.21396E-1	1.99373E+0	1.00118E-5	1.00002E+0	1.69310E-9
4.22052E-1	1.99292E+0	7.52164E-6	9.99971E-1	9.25773E-10
4.22707E-1	1.99130E+0	1.23710E-5	1.00008E+0	3.16121E-9
4.23363E-1	1.99184E+0	8.57015E-6	9.99982E-1	1.60515E-9
4.24018E-1	1.99346E+0	1.32884E-5	1.00003E+0	1.83145E-9
4.24673E-1	1.99319E+0	1.00118E-5	9.99959E-1	2.49657E-9
4.25329E-1	1.99184E+0	1.23710E-5	1.00000E+0	1.83193E-9
4.25984E-1	1.99400E+0	9.35653E-6	9.99942E-1	2.17613E-9
4.26639E-1	1.99319E+0	1.06672E-5	1.00004E+0	1.84904E-9
4.27295E-1	1.99319E+0	6.47313E-6	1.00008E+0	2.37486E-9
4.27950E-1	1.99481E+0	5.68675E-6	9.99904E-1	1.53812E-9
4.28605E-1	1.99292E+0	9.88078E-6	1.00003E+0	2.69292E-9
4.29261E-1	1.99319E+0	1.21089E-5	9.99976E-1	1.97408E-9
4.29916E-1	1.99427E+0	6.99739E-6	1.00003E+0	5.91551E-10
4.30572E-1	1.99292E+0	9.48759E-6	1.00006E+0	1.87139E-9
4.31227E-1	1.99265E+0	1.80067E-5	9.99971E-1	2.53935E-9
4.31882E-1	1.99400E+0	1.53855E-5	1.00001E+0	2.40196E-9
4.32538E-1	1.99400E+0	1.14535E-5	9.99910E-1	1.74730E-9
4.33193E-1	1.99373E+0	1.18467E-5	1.00004E+0	1.57140E-9
4.33848E-1	1.99346E+0	9.48759E-6	1.00004E+0	1.80816E-9
4.34504E-1	1.99211E+0	8.17696E-6	9.99940E-1	2.46566E-9
4.35159E-1	1.99454E+0	5.68675E-6	1.00003E+0	2.13857E-9
4.35814E-1	1.99238E+0	8.57015E-6	9.99969E-1	1.27045E-9
4.36470E-1	1.99319E+0	6.73526E-6	1.00011E+0	1.98359E-9
4.37125E-1	1.99265E+0	1.56476E-5	9.99938E-1	2.37296E-9
4.37780E-1	1.99346E+0	4.24505E-6	1.00002E+0	1.87757E-9
4.38436E-1	1.99373E+0	1.04050E-5	9.99921E-1	1.31182E-9
4.39091E-1	1.99346E+0	7.52164E-6	1.00001E+0	2.76138E-9
4.39747E-1	1.99481E+0	1.32884E-5	1.21544E+0	-6.34637E-7
4.40402E-1	-5.79628E-3	1.34195E-5	9.99547E-1	2.20181E-9
4.41057E-1	-5.52658E-3	2.50842E-5	9.99912E-1	-7.24417E-10
4.41713E-1	-7.14476E-3	1.43369E-5	9.99963E-1	4.16596E-10
4.42368E-1	-6.60537E-3	9.88078E-6	1.00002E+0	6.85685E-10
4.43023E-1	-4.98719E-3	1.01429E-5	9.99973E-1	1.51435E-9
4.43679E-1	-4.17810E-3	9.88078E-6	1.00004E+0	1.17727E-9
4.44334E-1	-5.25689E-3	9.61866E-6	1.00004E+0	2.43809E-9
4.44989E-1	-6.33567E-3	-1.12855E-6	9.99995E-1	9.36232E-10
4.45645E-1	-6.60537E-3	5.81781E-6	9.99959E-1	2.58214E-9
4.46300E-1	-6.87507E-3	1.15846E-5	1.00003E+0	1.11879E-9
4.46956E-1	-5.79628E-3	6.99739E-6	1.00000E+0	1.12355E-9
4.47611E-1	-3.63871E-3	1.26331E-5	9.99992E-1	2.49371E-9
4.48266E-1	-6.33567E-3	1.32884E-5	9.99933E-1	1.62417E-9
4.48922E-1	-4.98719E-3	1.31574E-5	1.00008E+0	2.54173E-9
4.49577E-1	-5.79628E-3	6.73526E-6	9.99944E-1	1.12640E-9
4.50232E-1	-5.52658E-3	-8.00432E-8	1.00008E+0	2.51226E-9
4.50888E-1	-6.60537E-3	9.35653E-6	9.99864E-1	1.27426E-9
4.51543E-1	-6.06598E-3	1.19778E-5	1.00007E+0	1.24716E-9
4.52198E-1	-3.90841E-3	1.89242E-5	1.00000E+0	2.93158E-9
4.52854E-1	-4.98719E-3	7.78377E-6	1.00001E+0	1.29375E-9
4.53509E-1	-5.79628E-3	9.09440E-6	9.99978E-1	2.00260E-9
4.54164E-1	-6.87507E-3	8.43908E-6	9.99992E-1	2.38674E-9
4.54820E-1	-6.06598E-3	1.14535E-5	9.99961E-1	1.47536E-9
4.55475E-1	-5.79628E-3	9.88078E-6	1.00004E+0	2.55172E-9
4.56131E-1	-4.44780E-3	-2.11107E-7	1.00002E+0	1.07315E-9
4.56786E-1	-5.52658E-3	8.43908E-6	1.00002E+0	2.53888E-9
4.57441E-1	-5.79628E-3	8.57015E-6	9.99954E-1	1.70024E-9
4.58097E-1	-4.71749E-3	6.73526E-6	9.99976E-1	1.26808E-9
4.58752E-1	-6.06598E-3	1.42059E-5	1.00002E+0	2.41527E-9
4.59407E-1	-6.87507E-3	-3.61876E-6	1.00011E+0	1.58851E-9
4.60063E-1	-7.14476E-3	1.04050E-5	9.99897E-1	2.78515E-9
4.60718E-1	-6.60537E-3	5.81781E-6	1.00004E+0	8.73952E-10
4.61373E-1	-6.33567E-3	1.72203E-5	9.99967E-1	2.59973E-9
4.62029E-1	-6.33567E-3	1.42059E-5	1.00002E+0	1.20104E-9
4.62684E-1	-5.52658E-3	1.09293E-5	1.00005E+0	2.34348E-9
4.63340E-1	-6.33567E-3	8.17696E-6	9.99950E-1	2.14998E-9
4.63995E-1	-5.52658E-3	2.08901E-5	1.00004E+0	1.81339E-9
4.64650E-1	-6.06598E-3	1.23710E-5	9.99961E-1	2.30164E-9
4.65306E-1	-5.79628E-3	1.09293E-5	1.00002E+0	1.09550E-9
4.65961E-1	-4.98719E-3	1.15846E-5	9.99931E-1	2.23936E-9
4.66616E-1	-4.71749E-3	4.63824E-6	1.00005E+0	1.86901E-9
4.67272E-1	-6.33567E-3	1.57786E-5	1.00005E+0	2.28405E-9
4.67927E-1	-5.52658E-3	1.23710E-5	9.99995E-1	1.26237E-9
4.68582E-1	-6.06598E-3	5.55569E-6	9.99929E-1	2.48468E-9
4.69238E-1	-6.87507E-3	1.44680E-5	1.00006E+0	2.28548E-9
4.69893E-1	-4.17810E-3	1.07982E-5	1.00004E+0	9.63806E-10
4.70548E-1	-6.06598E-3	9.35653E-6	9.99908E-1	2.74093E-9
4.71204E-1	-4.98719E-3	1.13225E-5	1.00000E+0	1.88898E-9
4.71859E-1	-6.33567E-3	9.74972E-6	1.00001E+0	2.05395E-9
4.72515E-1	-4.71749E-3	1.25021E-5	9.99984E-1	2.22986E-9
4.73170E-1	-6.06598E-3	6.99739E-6	9.99995E-1	1.48107E-9
4.73825E-1	-4.44780E-3	5.94888E-6	1.00004E+0	2.26789E-9
4.74481E-1	-6.33567E-3	2.40356E-5	9.99957E-1	1.28281E-9
4.75136E-1	-4.17810E-3	1.30263E-5	1.00011E+0	1.58090E-9
4.75791E-1	-5.52658E-3	1.02740E-5	9.99887E-1	2.65013E-9
4.76447E-1	-6.60537E-3	8.17696E-6	1.00001E+0	1.34367E-9
4.77102E-1	-6.33567E-3	6.73526E-6	1.00007E+0	2.14571E-9
4.77757E-1	-5.52658E-3	1.01429E-5	9.99925E-1	1.54572E-9
4.78413E-1	-5.79628E-3	1.13225E-5	1.00003E+0	2.74854E-9
4.79068E-1	-5.25689E-3	1.04050E-5	9.99992E-1	1.27140E-9
4.79724E-1	-4.98719E-3	8.70121E-6	1.00001E+0	2.82271E-9
4.80379E-1	-6.60537E-3	8.30802E-6	9.99973E-1	1.66363E-9
4.81034E-1	-5.25689E-3	5.03143E-6	1.00007E+0	1.75633E-9
4.81690E-1	-4.44780E-3	1.06672E-5	9.99954E-1	2.22795E-9
4.82345E-1	-6.06598E-3	5.16250E-6	9.99995E-1	2.12621E-9
4.83000E-1	-4.44780E-3	9.88078E-6	9.99995E-1	1.85998E-9
4.83656E-1	-6.87507E-3	9.09440E-6	1.00001E+0	1.09312E-9
4.84311E-1	-4.98719E-3	6.47313E-6	9.99990E-1	2.46139E-9
4.84966E-1	-7.68415E-3	2.25939E-5	1.00001E+0	1.61656E-9
4.85622E-1	-5.79628E-3	1.11914E-5	9.99946E-1	2.54506E-9
4.86277E-1	-5.52658E-3	9.35653E-6	1.00009E+0	1.51720E-9
4.86932E-1	-5.52658E-3	5.42462E-6	9.99925E-1	2.05300E-9
4.87588E-1	-4.71749E-3	4.24505E-6	1.00007E+0	2.46899E-9
4.88243E-1	-4.71749E-3	1.27642E-5	9.99997E-1	9.23871E-10
4.88899E-1	-7.68415E-3	1.06672E-5	9.99971E-1	2.22938E-9
4.89554E-1	-5.79628E-3	1.32884E-5	1.00001E+0	1.92321E-9
4.90209E-1	-4.71749E-3	9.74972E-6	1.00001E+0	2.09056E-9
4.90865E-1	-4.98719E-3	8.70121E-6	9.99925E-1	2.19372E-9
4.91520E-1	-6.06598E-3	7.65270E-6	1.00003E+0	1.80150E-9
4.92175E-1	-5.25689E-3	7.78377E-6	1.00007E+0	1.89754E-9
4.92831E-1	-6.33567E-3	1.13225E-5	9.99948E-1	2.22605E-9
4.93486E-1	-5.25689E-3	1.04050E-5	1.00003E+0	1.14922E-9
4.94141E-1	-4.17810E-3	1.07982E-5	9.99988E-1	2.67295E-9
4.94797E-1	-7.41446E-3	9.74972E-6	9.99948E-1	1.60658E-9
4.95452E-1	-6.60537E-3	2.19386E-5	1.00005E+0	2.02542E-9
4.96108E-1	-5.52658E-3	1.19778E-5	1.00002E+0	1.49200E-9
4.96763E-1	-5.25689E-3	7.78377E-6	9.99992E-1	1.87424E-9
4.97418E-1	-5.52658E-3	2.53463E-5	9.99942E-1	2.36012E-9
4.98074E-1	-4.44780E-3	6.34207E-6	1.00007E+0	2.27074E-9
4.98729E-1	-6.60537E-3	9.48759E-6	9.99990E-1	1.21768E-9
4.99384E-1	-6.06598E-3	1.00118E-5	7.64260E-1	2.72712E-7
5.00040E-1	1.99643E+0	2.41016E-6	9.01240E-1	3.68126E-7
5.00695E-1	1.99157E+0	1.34195E-5	1.00001E+0	5.10854E-9
5.01350E-1	1.99346E+0	1.00118E-5	1.00003E+0	3.43172E-9
5.02006E-1	1.99292E+0	8.57015E-6	9.99910E-1	2.90353E-9
5.02661E-1	1.99292E+0	1.70893E-5	1.00008E+0	2.42525E-9
5.03316E-1	1.99454E+0	1.73514E-5	9.99965E-1	2.60449E-9
5.03972E-1	1.99319E+0	7.78377E-6	1.00003E+0	1.81434E-9
5.04627E-1	1.99292E+0	1.05361E-5	9.99938E-1	2.56978E-9
5.05283E-1	1.99346E+0	9.48759E-6	1.00007E+0	2.01069E-9
5.05938E-1	1.99050E+0	2.16765E-5	9.99965E-1	2.23128E-9
5.06593E-1	1.99238E+0	9.09440E-6	1.00005E+0	1.93367E-9
5.07249E-1	1.99481E+0	1.05361E-5	9.99978E-1	2.13002E-9
5.07904E-1	1.99265E+0	7.52164E-6	1.00001E+0	2.01687E-9
5.08559E-1	1.99077E+0	5.81781E-6	9.99957E-1	1.94793E-9
5.09215E-1	1.99292E+0	1.59097E-5	1.00003E+0	2.08961E-9
5.09870E-1	1.99319E+0	9.35653E-6	1.00001E+0	1.89135E-9
5.10525E-1	1.99292E+0	1.35506E-5	9.99997E-1	1.99500E-9
5.11181E-1	1.99427E+0	6.99739E-6	9.99982E-1	2.04159E-9
5.11836E-1	1.99319E+0	1.22399E-5	9.99984E-1	2.11528E-9
5.12492E-1	1.99238E+0	1.06672E-5	9.99997E-1	1.81291E-9
5.13147E-1	1.99319E+0	1.02740E-5	1.00003E+0	1.92416E-9
5.13802E-1	1.99238E+0	6.60420E-6	9.99997E-1	1.88185E-9
5.14458E-1	1.99184E+0	-9.38555E-6	9.99986E-1	2.07724E-9
5.15113E-1	1.99292E+0	1.17157E-5	1.00002E+0	2.07962E-9
5.15768E-1	1.99184E+0	5.75274E-7	9.99988E-1	1.90134E-9
5.16424E-1	1.99238E+0	1.70893E-5	1.00003E+0	1.92654E-9
5.17079E-1	1.99292E+0	1.25021E-5	9.99961E-1	1.84524E-9
5.17734E-1	1.99211E+0	7.52164E-6	1.00001E+0	2.14523E-9
5.18390E-1	1.99265E+0	2.41016E-6	9.99984E-1	1.87519E-9
5.19045E-1	1.99211E+0	2.69190E-5	1.00004E+0	1.78724E-9
5.19700E-1	1.99292E+0	8.17696E-6	9.99925E-1	2.30782E-9
5.20356E-1	1.99319E+0	9.74972E-6	1.00006E+0	1.62417E-9
5.21011E-1	1.99211E+0	1.28952E-5	9.99963E-1	2.29879E-9
5.21667E-1	1.99265E+0	4.24505E-6	1.00004E+0	1.73542E-9
5.22322E-1	1.99481E+0	1.48612E-5	9.99971E-1	2.04682E-9
5.22977E-1	1.99130E+0	9.74972E-6	1.00004E+0	2.22986E-9
5.23633E-1	1.99238E+0	8.96334E-6	9.99986E-1	1.94508E-9
5.24288E-1	1.99346E+0	9.88078E-6	1.00003E+0	1.77202E-9
5.24943E-1	1.99508E+0	-6.63322E-6	1.00001E+0	1.86378E-9
5.25599E-1	1.99292E+0	1.63029E-5	9.99965E-1	2.03826E-9
5.26254E-1	1.99373E+0	-6.04297E-7	1.00000E+0	2.05633E-9
5.26909E-1	1.99454E+0	4.44211E-7	1.00000E+0	1.42116E-9
5.27565E-1	1.99373E+0	8.96334E-6	1.00001E+0	2.22986E-9
5.28220E-1	1.99373E+0	1.21089E-5	9.99995E-1	1.76394E-9
5.28876E-1	1.99373E+0	7.65270E-6	9.99999E-1	1.85950E-9
5.29531E-1	1.99346E+0	9.22547E-6	9.99980E-1	2.47707E-9
5.30186E-1	1.99346E+0	9.74972E-6	1.00003E+0	1.45016E-9
5.30842E-1	1.99238E+0	1.53855E-5	9.99995E-1	2.26266E-9
5.31497E-1	1.99319E+0	1.15846E-5	9.99997E-1	1.84429E-9
5.32152E-1	1.99319E+0	1.23059E-6	9.99976E-1	1.86711E-9
5.32808E-1	1.99211E+0	1.15846E-5	1.00003E+0	2.00118E-9
5.33463E-1	1.99211E+0	7.91483E-6	9.99952E-1	2.03018E-9
5.34118E-1	1.99400E+0	1.00118E-5	1.00006E+0	1.70024E-9
5.34774E-1	1.99400E+0	9.74972E-6	9.99971E-1	2.31115E-9
5.35429E-1	1.99265E+0	1.04050E-5	9.99995E-1	1.80530E-9
5.36084E-1	1.99238E+0	7.65270E-6	1.00001E+0	1.78629E-9
5.36740E-1	1.99238E+0	1.38127E-5	1.00001E+0	2.23604E-9
5.37395E-1	1.99346E+0	1.28952E-5	9.99950E-1	1.75443E-9
5.38051E-1	1.99238E+0	1.06672E-5	1.00002E+0	1.61228E-9
5.38706E-1	1.99292E+0	8.30802E-6	9.99971E-1	2.27882E-9
5.39361E-1	1.99265E+0	7.12845E-6	1.13017E+0	-1.94717E-7
5.40017E-1	-3.90841E-3	1.02740E-5	1.13788E+0	-4.35937E-7
5.40672E-1	-6.60537E-3	1.21089E-5	1.00006E+0	-1.70997E-9
5.41327E-1	-6.33567E-3	1.89242E-5	1.00001E+0	-4.26803E-10
5.41983E-1	-6.60537E-3	1.09293E-5	1.00000E+0	9.04854E-10
5.42638E-1	-5.79628E-3	2.48220E-5	9.99978E-1	7.93605E-10
5.43293E-1	-8.49324E-3	8.70121E-6	1.00006E+0	1.69928E-9
5.43949E-1	-6.33567E-3	1.44680E-5	9.99933E-1	2.05870E-9
5.44604E-1	-6.06598E-3	-2.43919E-6	9.99995E-1	1.37790E-9
5.45260E-1	-6.60537E-3	1.01429E-5	1.00001E+0	1.71973E-9
5.45915E-1	-6.60537E-3	1.15846E-5	1.00005E+0	1.81434E-9
5.46570E-1	-7.41446E-3	1.22399E-5	9.99876E-1	2.03208E-9
5.47226E-1	-4.71749E-3	1.21089E-5	1.00011E+0	1.28044E-9
5.47881E-1	-5.79628E-3	1.56476E-5	1.00004E+0	1.67456E-9
5.48536E-1	-4.71749E-3	8.70121E-6	9.99872E-1	1.96600E-9
5.49192E-1	-6.06598E-3	1.00118E-5	1.00009E+0	1.74635E-9
5.49847E-1	-5.25689E-3	1.61718E-5	9.99978E-1	2.00593E-9
5.50502E-1	-4.71749E-3	9.09440E-6	1.00002E+0	1.25049E-9
5.51158E-1	-5.79628E-3	8.83228E-6	9.99997E-1	1.93985E-9
5.51813E-1	-5.79628E-3	2.01697E-6	9.99973E-1	1.82575E-9
5.52468E-1	-4.71749E-3	2.22008E-5	9.99980E-1	2.02970E-9
5.53124E-1	-5.52658E-3	1.05361E-5	1.00007E+0	1.71830E-9
5.53779E-1	-5.79628E-3	1.30263E-5	9.99895E-1	2.72715E-9
5.54435E-1	-5.52658E-3	1.65650E-5	1.00007E+0	1.31134E-9
5.55090E-1	-6.60537E-3	1.21089E-5	9.99961E-1	2.48326E-9
5.55745E-1	-3.90841E-3	8.96334E-6	1.00002E+0	1.12165E-9
5.56401E-1	-6.87507E-3	9.68465E-7	9.99948E-1	2.61590E-9
5.57056E-1	-6.33567E-3	7.65270E-6	1.00007E+0	1.33749E-9
5.57711E-1	-5.79628E-3	6.60420E-6	9.99971E-1	2.06821E-9
5.58367E-1	-6.87507E-3	1.13225E-5	9.99973E-1	1.65935E-9
5.59022E-1	-5.79628E-3	1.17157E-5	1.00005E+0	2.58024E-9
5.59677E-1	-5.52658E-3	3.85186E-6	9.99967E-1	1.87662E-9
5.60333E-1	-4.98719E-3	1.27642E-5	1.00009E+0	8.42098E-10
5.60988E-1	-5.25689E-3	1.70893E-5	9.99942E-1	2.65964E-9
5.61644E-1	-4.71749E-3	7.39058E-6	9.99995E-1	1.42259E-9
5.62299E-1	-6.06598E-3	1.23059E-6	1.00002E+0	1.99452E-9
5.62954E-1	-4.98719E-3	5.03143E-6	1.00003E+0	2.34205E-9
5.63610E-1	-4.71749E-3	1.80067E-5	9.99912E-1	1.95031E-9
5.64265E-1	-7.14476E-3	1.17157E-5	1.00003E+0	1.88470E-9
5.64920E-1	-6.06598E-3	1.68271E-5	9.99946E-1	1.38693E-9
5.65576E-1	-6.87507E-3	2.36425E-5	1.00012E+0	1.65317E-9
5.66231E-1	-5.52658E-3	1.11914E-5	9.99950E-1	2.76613E-9
5.66886E-1	-5.25689E-3	1.05361E-5	1.00000E+0	1.63320E-9
5.67542E-1	-5.52658E-3	9.22547E-6	9.99997E-1	1.54097E-9
5.68197E-1	-7.68415E-3	1.53855E-5	1.00002E+0	2.60544E-9
5.68852E-1	-6.06598E-3	7.39058E-6	9.99986E-1	1.72638E-9
5.69508E-1	-5.79628E-3	1.40748E-5	9.99990E-1	1.84429E-9
5.70163E-1	-4.71749E-3	9.61866E-6	9.99946E-1	1.57044E-9
5.70819E-1	-5.79628E-3	7.52164E-6	1.00009E+0	1.85855E-9
5.71474E-1	-6.33567E-3	9.88078E-6	9.99973E-1	2.38960E-9
5.72129E-1	-4.71749E-3	1.51233E-5	9.99969E-1	1.91655E-9
5.72785E-1	-5.25689E-3	1.18467E-5	1.00003E+0	1.58185E-9
5.73440E-1	-3.90841E-3	1.17157E-5	1.00004E+0	1.66600E-9
5.74095E-1	-6.33567E-3	8.57015E-6	9.99952E-1	1.35460E-9
5.74751E-1	-7.14476E-3	8.83228E-6	9.99950E-1	2.72667E-9
5.75406E-1	-5.52658E-3	6.60420E-6	1.00004E+0	1.55571E-9
5.76061E-1	-9.30233E-3	1.99727E-5	1.00002E+0	2.00355E-9
5.76717E-1	-4.98719E-3	1.11914E-5	1.00002E+0	1.64984E-9
5.77372E-1	-5.25689E-3	1.06672E-5	9.99959E-1	2.01782E-9
5.78028E-1	-6.87507E-3	6.99739E-6	9.99995E-1	2.18992E-9
5.78683E-1	-4.98719E-3	1.13225E-5	1.00002E+0	2.08485E-9
5.79338E-1	-6.87507E-3	8.96334E-6	1.00005E+0	1.38455E-9
5.79994E-1	-3.63871E-3	2.11522E-5	9.99927E-1	2.67723E-9
5.80649E-1	-4.98719E-3	5.29356E-6	9.99992E-1	1.64746E-9
5.81304E-1	-6.06598E-3	5.29356E-6	1.00001E+0	2.33064E-9
5.81960E-1	-7.14476E-3	9.68465E-7	1.00004E+0	1.10358E-9
5.82615E-1	-6.33567E-3	3.85186E-6	9.99942E-1	2.12336E-9
5.83270E-1	-6.33567E-3	7.12845E-6	1.00007E+0	1.59231E-9
5.83926E-1	-5.25689E-3	9.68465E-7	1.00001E+0	2.28405E-9
5.84581E-1	-6.33567E-3	8.30802E-6	9.99944E-1	1.82765E-9
5.85236E-1	-5.52658E-3	1.17157E-5	1.00001E+0	1.71069E-9
5.85892E-1	-6.33567E-3	6.21101E-6	9.99990E-1	2.29689E-9
5.86547E-1	-8.49324E-3	1.82688E-5	9.99995E-1	1.54097E-9
5.87203E-1	-6.33567E-3	8.04589E-6	9.99961E-1	2.55504E-9
5.87858E-1	-6.06598E-3	1.17157E-5	1.00004E+0	1.31800E-9
5.88513E-1	-4.98719E-3	1.00118E-5	9.99965E-1	2.37201E-9
5.89169E-1	-5.52658E-3	1.14535E-5	1.00003E+0	1.57520E-9
5.89824E-1	-5.79628E-3	1.02740E-5	1.00003E+0	2.08057E-9
5.90479E-1	-5.79628E-3	1.68271E-5	1.00000E+0	1.81671E-9
5.91135E-1	-5.79628E-3	1.13225E-5	9.99942E-1	2.25172E-9
5.91790E-1	-5.25689E-3	7.39058E-6	1.00013E+0	1.11452E-9
5.92445E-1	-4.98719E-3	1.07982E-5	9.99935E-1	2.67247E-9
5.93101E-1	-4.71749E-3	1.23710E-5	9.99963E-1	1.48962E-9
5.93756E-1	-5.79628E-3	1.06672E-5	9.99988E-1	2.09911E-9
5.94412E-1	-6.06598E-3	1.34195E-5	1.00004E+0	2.22463E-9
5.95067E-1	-4.71749E-3	9.74972E-6	9.99997E-1	2.14428E-9
5.95722E-1	-6.60537E-3	9.09440E-6	1.00001E+0	1.74683E-9
5.96378E-1	-7.14476E-3	7.52164E-6	1.00002E+0	1.29185E-9
5.97033E-1	-3.90841E-3	5.68675E-6	9.99961E-1	2.73000E-9
5.97688E-1	-5.79628E-3	1.72203E-5	9.99995E-1	9.60003E-10
5.98344E-1	-5.79628E-3	9.88078E-6	1.00003E+0	1.98406E-9
5.98999E-1	-5.25689E-3	1.15846E-5	1.00002E+0	1.96077E-9
5.99654E-1	-5.52658E-3	8.83228E-6	6.66811E-1	6.51475E-7
6.00310E-1	1.99373E+0	9.88078E-6	1.00024E+0	-8.58647E-9
6.00965E-1	1.99184E+0	1.07982E-5	9.99938E-1	4.02457E-9
6.01620E-1	1.99427E+0	9.74972E-6	1.00003E+0	2.85979E-9
6.02276E-1	1.99265E+0	1.18467E-5	9.99992E-1	3.02001E-9
6.02931E-1	1.99319E+0	8.96334E-6	1.00005E+0	2.00926E-9
6.03587E-1	1.99373E+0	1.36816E-5	9.99961E-1	2.64157E-9
6.04242E-1	1.99427E+0	1.13225E-5	1.00003E+0	1.84524E-9
6.04897E-1	1.99400E+0	8.30802E-6	9.99978E-1	2.16615E-9
6.05553E-1	1.99346E+0	7.78377E-6	1.00004E+0	1.96790E-9
6.06208E-1	1.99454E+0	2.01697E-6	9.99921E-1	2.04729E-9
6.06863E-1	1.99427E+0	5.68675E-6	1.00005E+0	2.22938E-9
6.07519E-1	1.99319E+0	8.70121E-6	9.99971E-1	1.97075E-9
6.08174E-1	1.99346E+0	6.86632E-6	1.00004E+0	2.01496E-9
6.08829E-1	1.99346E+0	4.11399E-6	9.99965E-1	2.20703E-9
6.09485E-1	1.99346E+0	9.35653E-6	1.00001E+0	1.92416E-9
6.10140E-1	1.99292E+0	4.24505E-6	9.99995E-1	2.09721E-9
6.10796E-1	1.99265E+0	1.19778E-5	9.99969E-1	1.73256E-9
6.11451E-1	1.99319E+0	9.61866E-6	1.00006E+0	2.12621E-9
6.12106E-1	1.99373E+0	1.21089E-5	9.99971E-1	1.71307E-9
6.12762E-1	1.99373E+0	1.02740E-5	1.00003E+0	2.25743E-9
6.13417E-1	1.99130E+0	8.43908E-6	9.99984E-1	1.73114E-9
6.14072E-1	1.99508E+0	1.78757E-5	1.00003E+0	1.92701E-9
6.14728E-1	1.99292E+0	8.96334E-6	9.99986E-1	2.20133E-9
6.15383E-1	1.99373E+0	1.11914E-5	9.99992E-1	2.13144E-9
6.16038E-1	1.99373E+0	-1.12855E-6	9.99990E-1	1.81196E-9
6.16694E-1	1.99184E+0	1.19778E-5	9.99995E-1	1.78343E-9
6.17349E-1	1.99319E+0	1.52544E-5	9.99984E-1	2.09293E-9
6.18004E-1	1.99454E+0	1.39438E-5	1.00006E+0	1.92321E-9
6.18660E-1	1.99373E+0	7.52164E-6	9.99967E-1	1.86758E-9
6.19315E-1	1.99346E+0	1.10604E-5	9.99952E-1	1.78819E-9
6.19971E-1	1.99400E+0	8.83228E-6	1.00004E+0	1.98929E-9
6.20626E-1	1.99265E+0	7.39058E-6	9.99967E-1	1.92226E-9
6.21281E-1	1.99427E+0	1.06672E-5	1.00003E+0	1.87044E-9
6.21937E-1	1.99373E+0	1.00118E-5	9.99984E-1	1.71925E-9
6.22592E-1	1.99184E+0	8.83228E-6	1.00001E+0	2.37010E-9
6.23247E-1	1.99373E+0	1.27642E-5	9.99967E-1	1.75158E-9
6.23903E-1	1.99373E+0	6.34207E-6	1.00006E+0	1.77535E-9
6.24558E-1	1.99346E+0	8.57015E-6	9.99929E-1	1.99928E-9
6.25213E-1	1.99319E+0	1.56476E-5	1.00007E+0	1.68978E-9
6.25869E-1	1.99211E+0	9.48759E-6	9.99969E-1	2.04444E-9
6.26524E-1	1.99427E+0	8.43908E-6	1.00002E+0	2.28786E-9
6.27180E-1	1.99265E+0	1.04050E-5	9.99988E-1	1.70832E-9
6.27835E-1	1.99265E+0	7.12845E-6	1.00002E+0	1.73542E-9
6.28490E-1	1.99050E+0	1.23710E-5	1.00000E+0	2.15902E-9
6.29146E-1	1.99454E+0	1.66961E-5	9.99988E-1	1.86853E-9
6.29801E-1	1.99319E+0	1.82688E-5	1.00001E+0	1.95744E-9
6.30456E-1	1.99211E+0	8.83228E-6	9.99940E-1	2.06964E-9
6.31112E-1	1.99184E+0	1.73514E-5	1.00007E+0	1.61941E-9
6.31767E-1	1.99292E+0	6.73526E-6	9.99965E-1	2.14475E-9
6.32422E-1	1.99319E+0	1.13225E-5	1.00003E+0	1.96077E-9
6.33078E-1	1.99427E+0	1.07982E-5	1.00000E+0	1.68550E-9
6.33733E-1	1.99319E+0	7.39058E-6	1.00001E+0	2.04064E-9
6.34388E-1	1.99050E+0	1.40748E-5	9.99976E-1	1.61228E-9
6.35044E-1	1.99238E+0	9.48759E-6	1.00003E+0	2.07820E-9
6.35699E-1	1.99400E+0	1.10604E-5	9.99940E-1	1.99832E-9
6.36355E-1	1.99292E+0	1.04050E-5	1.00006E+0	2.14666E-9
6.37010E-1	1.99346E+0	2.46910E-5	9.99971E-1	1.84571E-9
6.37665E-1	1.99346E+0	9.61866E-6	1.00002E+0	1.75776E-9
6.38321E-1	1.99292E+0	1.14535E-5	9.99978E-1	1.83525E-9
6.38976E-1	1.99346E+0	6.73526E-6	9.99959E-1	2.14951E-9
6.39631E-1	1.99292E+0	1.70893E-5	1.26680E+0	-6.21886E-7
6.40287E-1	-6.06598E-3	-1.65281E-6	9.96551E-1	-1.11818E-8
6.40942E-1	-5.79628E-3	9.09440E-6	1.00001E+0	-1.25879E-9
6.41597E-1	-6.06598E-3	7.78377E-6	9.99999E-1	1.44684E-9
6.42253E-1	-5.25689E-3	-2.57025E-6	1.00002E+0	1.21359E-10
6.42908E-1	-4.98719E-3	1.05361E-5	9.99995E-1	2.05633E-9
6.43564E-1	-5.52658E-3	2.07591E-5	9.99997E-1	1.68692E-9
6.44219E-1	-6.60537E-3	-6.24003E-6	9.99946E-1	1.22862E-9
6.44874E-1	-7.14476E-3	2.50842E-5	1.00007E+0	1.68407E-9
6.45530E-1	-5.79628E-3	6.07994E-6	1.00001E+0	1.85380E-9
6.46185E-1	-6.33567E-3	1.09293E-5	9.99973E-1	1.48582E-9
6.46840E-1	-6.06598E-3	1.02740E-5	9.99986E-1	1.34177E-9
6.47496E-1	-6.87507E-3	1.25021E-5	9.99995E-1	2.46519E-9
6.48151E-1	-5.52658E-3	8.57015E-6	9.99965E-1	1.32513E-9
6.48806E-1	-4.17810E-3	9.61866E-6	1.00007E+0	1.90276E-9
6.49462E-1	-8.49324E-3	1.35506E-5	9.99971E-1	1.58708E-9
6.50117E-1	-5.52658E-3	1.32884E-5	1.00005E+0	1.72115E-9
6.50772E-1	-7.14476E-3	1.15846E-5	9.99954E-1	2.01782E-9
6.51428E-1	-5.52658E-3	1.00118E-5	9.99959E-1	2.04397E-9
6.52083E-1	-5.79628E-3	9.35653E-6	1.00005E+0	1.14447E-9
6.52739E-1	-6.06598E-3	5.29356E-6	1.00004E+0	1.75015E-9
6.53394E-1	-5.79628E-3	1.01429E-5	9.99957E-1	2.13430E-9
6.54049E-1	-6.06598E-3	-6.10896E-6	9.99978E-1	1.96409E-9
6.54705E-1	-5.79628E-3	8.57015E-6	1.00002E+0	1.87519E-9
6.55360E-1	-6.33567E-3	1.14535E-5	1.00003E+0	1.74350E-9
6.56015E-1	-5.79628E-3	7.52164E-6	9.99973E-1	1.91845E-9
6.56671E-1	-4.98719E-3	7.91483E-6	1.00001E+0	2.20846E-9
6.57326E-1	-5.52658E-3	1.07982E-5	9.99986E-1	1.36839E-9
6.57981E-1	-6.33567E-3	6.60420E-6	9.99959E-1	2.28786E-9
6.58637E-1	-6.60537E-3	1.13225E-5	1.00009E+0	1.53526E-9
6.59292E-1	-4.71749E-3	1.02740E-5	9.99946E-1	2.16044E-9
6.59948E-1	-6.60537E-3	3.58973E-6	9.99999E-1	2.18184E-9
6.60603E-1	-6.60537E-3	1.31574E-5	9.99965E-1	1.80530E-9
6.61258E-1	-7.41446E-3	8.83228E-6	1.00005E+0	2.06726E-9
6.61914E-1	-5.52658E-3	8.30802E-6	9.99950E-1	1.00327E-9
6.62569E-1	-8.76294E-3	1.21089E-5	1.00004E+0	2.27169E-9
6.63224E-1	-5.79628E-3	1.11914E-5	1.00007E+0	1.35270E-9
6.63880E-1	-5.52658E-3	1.04050E-5	9.99870E-1	2.35346E-9
6.64535E-1	-8.76294E-3	1.17157E-5	1.00005E+0	1.51482E-9
6.65190E-1	-7.41446E-3	1.10604E-5	1.00002E+0	1.90799E-9
6.65846E-1	-5.52658E-3	1.09293E-5	9.99992E-1	2.06821E-9
6.66501E-1	-6.60537E-3	4.63824E-6	9.99967E-1	2.04349E-9
6.67156E-1	-5.52658E-3	7.52164E-6	1.00002E+0	2.05823E-9
6.67812E-1	-6.33567E-3	7.52164E-6	1.00002E+0	1.82147E-9
6.68467E-1	-4.98719E-3	6.07994E-6	9.99982E-1	1.78914E-9
6.69123E-1	-5.79628E-3	1.23710E-5	9.99986E-1	1.75871E-9
6.69778E-1	-6.33567E-3	8.04589E-6	1.00001E+0	2.64014E-9
6.70433E-1	-2.82962E-3	8.70121E-6	1.00003E+0	2.04634E-9
6.71089E-1	-5.52658E-3	1.87931E-5	1.00001E+0	6.03912E-10
6.71744E-1	-5.79628E-3	9.74972E-6	9.99931E-1	3.08989E-9
6.72399E-1	-5.52658E-3	9.74972E-6	1.00002E+0	1.75158E-9
6.73055E-1	-6.33567E-3	2.19386E-5	9.99982E-1	1.35650E-9
6.73710E-1	-4.71749E-3	7.25951E-6	1.00002E+0	1.58851E-9
6.74365E-1	-7.68415E-3	3.45867E-6	1.00002E+0	2.69292E-9
6.75021E-1	-5.79628E-3	1.01429E-5	1.00000E+0	1.34985E-9
6.75676E-1	-6.87507E-3	5.03143E-6	9.99973E-1	2.43096E-9
6.76332E-1	-7.41446E-3	1.39438E-5	9.99988E-1	1.02371E-9
6.76987E-1	-6.87507E-3	1.47301E-5	1.00002E+0	2.07677E-9
6.77642E-1	-5.79628E-3	9.61866E-6	9.99973E-1	2.37724E-9
6.78298E-1	-4.98719E-3	1.39438E-5	1.00010E+0	1.57710E-9
6.78953E-1	-3.90841E-3	6.34207E-6	9.99923E-1	1.83050E-9
6.79608E-1	-6.06598E-3	1.98416E-5	1.00009E+0	1.86378E-9
6.80264E-1	-5.52658E-3	1.40748E-5	9.99950E-1	1.93604E-9
6.80919E-1	-7.95385E-3	1.14535E-5	9.99971E-1	2.48230E-9
6.81574E-1	-6.33567E-3	1.06672E-5	9.99950E-1	1.97883E-9
6.82230E-1	-6.06598E-3	1.06672E-5	1.00007E+0	1.23527E-9
6.82885E-1	-6.87507E-3	2.54123E-6	9.99980E-1	1.51577E-9
6.83540E-1	-5.79628E-3	1.10604E-5	9.99988E-1	2.14951E-9
6.84196E-1	-4.98719E-3	9.35653E-6	1.00008E+0	2.27930E-9
6.84851E-1	-4.71749E-3	8.43908E-6	9.99921E-1	1.30468E-9
6.85507E-1	-6.33567E-3	1.05361E-5	9.99990E-1	1.56949E-9
6.86162E-1	-5.52658E-3	1.26331E-5	9.99997E-1	2.65013E-9
6.86817E-1	-5.52658E-3	7.39058E-6	1.00002E+0	2.27787E-9
6.87473E-1	-5.52658E-3	1.27642E-5	9.99982E-1	1.56189E-9
6.88128E-1	-6.33567E-3	1.02740E-5	1.00010E+0	2.09151E-9
6.88783E-1	-3.63871E-3	1.27642E-5	9.99927E-1	1.76917E-9
6.89439E-1	-4.44780E-3	1.30263E-5	1.00005E+0	1.90942E-9
6.90094E-1	-5.52658E-3	2.93442E-6	9.99959E-1	1.14257E-9
6.90749E-1	-6.60537E-3	7.78377E-6	1.00002E+0	2.54078E-9
6.91405E-1	-6.60537E-3	1.00118E-5	9.99976E-1	2.23461E-9
6.92060E-1	-6.33567E-3	6.73526E-6	1.00006E+0	1.32180E-9
6.92716E-1	-5.25689E-3	9.61866E-6	9.99876E-1	1.86045E-9
6.93371E-1	-5.52658E-3	6.73526E-6	1.00003E+0	2.34966E-9
6.94026E-1	-6.33567E-3	9.35653E-6	1.00002E+0	7.93605E-10
6.94682E-1	-5.79628E-3	1.22399E-5	1.00001E+0	2.03351E-9
6.95337E-1	-6.60537E-3	4.11399E-6	9.99984E-1	2.15284E-9
6.95992E-1	-4.71749E-3	1.31574E-5	1.00001E+0	1.95601E-9
6.96648E-1	-6.87507E-3	1.10604E-5	9.99933E-1	2.41242E-9
6.97303E-1	-4.71749E-3	9.68465E-7	1.00009E+0	1.53526E-9
6.97958E-1	-6.06598E-3	1.34195E-5	9.99891E-1	2.34919E-9
6.98614E-1	-6.60537E-3	1.28952E-5	1.00016E+0	1.53621E-9
6.99269E-1	-5.52658E-3	8.43908E-6	8.31064E-1	1.90890E-7
6.99924E-1	-7.14476E-3	1.00118E-5	8.38867E-1	4.49229E-7
7.00580E-1	1.99292E+0	4.76931E-6	9.99997E-1	5.68855E-9
7.01235E-1	1.99373E+0	9.88078E-6	9.99973E-1	3.55153E-9
7.01891E-1	1.99292E+0	1.28952E-5	1.00006E+0	2.71716E-9
7.02546E-1	1.99454E+0	8.96334E-6	9.99984E-1	2.49989E-9
7.03201E-1	1.99184E+0	1.35506E-5	9.99982E-1	2.28073E-9
7.03857E-1	1.99211E+0	5.81781E-6	1.00002E+0	1.92654E-9
7.04512E-1	1.99373E+0	1.00118E-5	1.00003E+0	2.22415E-9
7.05167E-1	1.99292E+0	1.26331E-5	9.99906E-1	2.18041E-9
7.05823E-1	1.99346E+0	8.30802E-6	1.00005E+0	2.10672E-9
7.06478E-1	1.99427E+0	2.39046E-5	9.99965E-1	2.20276E-9
7.07133E-1	1.99454E+0	8.96334E-6	1.00003E+0	1.47251E-9
7.07789E-1	1.99373E+0	1.78757E-5	9.99957E-1	2.58927E-9
7.08444E-1	1.99319E+0	1.51233E-5	1.00006E+0	1.84667E-9
7.09100E-1	1.99265E+0	1.00118E-5	1.00002E+0	1.64223E-9
7.09755E-1	1.99454E+0	9.74972E-6	9.99935E-1	2.13857E-9
7.10410E-1	1.99346E+0	5.03143E-6	1.00004E+0	2.13810E-9
7.11066E-1	1.99292E+0	7.65270E-6	1.00000E+0	1.80911E-9
7.11721E-1	1.99481E+0	1.07982E-5	9.99982E-1	2.08675E-9
7.12376E-1	1.99238E+0	8.04589E-6	9.99997E-1	1.90372E-9
7.13032E-1	1.99292E+0	5.55569E-6	9.99997E-1	1.82575E-9
7.13687E-1	1.99427E+0	1.15846E-5	1.00000E+0	2.16948E-9
7.14342E-1	1.99211E+0	8.96334E-6	1.00001E+0	1.95078E-9
7.14998E-1	1.99211E+0	5.81781E-6	9.99986E-1	2.24222E-9
7.15653E-1	1.99157E+0	1.13225E-5	1.00001E+0	1.39739E-9
7.16308E-1	1.99319E+0	8.83228E-6	9.99986E-1	1.89421E-9
7.16964E-1	1.99292E+0	1.13225E-5	1.00004E+0	1.90372E-9
7.17619E-1	1.99373E+0	1.15846E-5	9.99980E-1	2.36773E-9
7.18275E-1	1.99400E+0	8.37401E-7	1.00002E+0	1.68264E-9
7.18930E-1	1.99319E+0	1.28952E-5	9.99978E-1	1.79057E-9
7.19585E-1	1.99211E+0	9.48759E-6	1.00001E+0	1.97123E-9
7.20241E-1	1.99481E+0	6.86632E-6	9.99990E-1	2.02447E-9
7.20896E-1	1.99346E+0	9.88078E-6	1.00000E+0	2.16995E-9
7.21551E-1	1.99265E+0	7.52164E-6	9.99978E-1	1.65745E-9
7.22207E-1	1.99346E+0	9.88078E-6	9.99992E-1	1.83098E-9
7.22862E-1	1.99292E+0	1.07982E-5	1.00003E+0	2.03065E-9
7.23517E-1	1.99292E+0	9.22547E-6	1.00001E+0	1.72781E-9
7.24173E-1	1.99373E+0	1.22399E-5	9.99999E-1	1.89135E-9
7.24828E-1	1.99454E+0	1.04050E-5	9.99978E-1	2.34015E-9
7.25484E-1	1.99427E+0	8.57015E-6	1.00001E+0	1.57092E-9
7.26139E-1	1.99211E+0	1.35506E-5	9.99942E-1	2.08057E-9
7.26794E-1	1.99104E+0	1.30263E-5	1.00011E+0	1.81053E-9
7.27450E-1	1.99427E+0	6.60420E-6	9.99954E-1	1.70689E-9
7.28105E-1	1.99211E+0	1.23059E-6	1.00001E+0	2.39720E-9
7.28760E-1	1.99130E+0	1.42059E-5	9.99980E-1	1.60610E-9
7.29416E-1	1.99427E+0	8.83228E-6	1.00002E+0	1.72115E-9
7.30071E-1	1.99238E+0	4.11399E-6	9.99959E-1	2.07392E-9
7.30726E-1	1.99319E+0	8.43908E-6	1.00007E+0	1.85475E-9
7.31382E-1	1.99050E+0	1.18467E-5	9.99944E-1	2.06916E-9
7.32037E-1	1.99319E+0	8.96334E-6	1.00003E+0	1.64556E-9
7.32692E-1	1.99211E+0	8.43908E-6	9.99948E-1	2.39292E-9
7.33348E-1	1.99265E+0	8.83228E-6	1.00003E+0	1.67741E-9
7.34003E-1	1.99292E+0	1.11914E-5	9.99980E-1	1.67741E-9
7.34659E-1	1.99104E+0	1.47301E-5	1.00004E+0	1.96314E-9
7.35314E-1	1.99211E+0	1.53855E-5	9.99976E-1	1.99737E-9
7.35969E-1	1.99373E+0	1.04050E-5	1.00004E+0	1.77535E-9
7.36625E-1	1.99292E+0	6.86632E-6	9.99988E-1	2.06488E-9
7.37280E-1	1.99184E+0	6.60420E-6	1.00002E+0	1.67837E-9
7.37935E-1	1.99077E+0	1.06672E-5	9.99965E-1	2.37248E-9
7.38591E-1	1.99292E+0	4.24505E-6	1.00003E+0	1.66981E-9
7.39246E-1	1.99346E+0	9.48759E-6	1.07409E+0	-1.08229E-7
7.39901E-1	1.99184E+0	4.76931E-6	1.20815E+0	-5.21008E-7
7.40557E-1	-4.98719E-3	7.39058E-6	9.99902E-1	-3.27410E-9
7.41212E-1	-4.98719E-3	1.17157E-5	1.00001E+0	-2.77045E-10
7.41868E-1	-4.71749E-3	9.09440E-6	9.99916E-1	6.55258E-10
7.42523E-1	-7.14476E-3	7.12845E-6	1.00008E+0	1.48867E-9
7.43178E-1	-7.41446E-3	8.43908E-6	9.99961E-1	1.35175E-9
7.43834E-1	-4.98719E-3	1.38127E-5	1.00000E+0	1.31134E-9
7.44489E-1	-4.71749E-3	7.65270E-6	9.99976E-1	2.16615E-9
7.45144E-1	-4.98719E-3	8.57015E-6	1.00001E+0	1.25524E-9
7.45800E-1	-6.33567E-3	8.70121E-6	1.00004E+0	1.79389E-9
7.46455E-1	-8.76294E-3	1.93174E-5	1.00001E+0	1.43780E-9
7.47110E-1	-6.33567E-3	1.13225E-5	9.99965E-1	1.84286E-9
7.47766E-1	-6.87507E-3	1.18467E-5	1.00004E+0	1.86806E-9
7.48421E-1	-6.06598E-3	7.91483E-6	9.99927E-1	2.13857E-9
7.49076E-1	-7.41446E-3	2.19386E-5	9.99997E-1	1.71878E-9
7.49732E-1	-5.79628E-3	1.05361E-5	1.00007E+0	1.83668E-9
7.50387E-1	-6.06598E-3	1.19778E-5	9.99990E-1	1.11832E-9
7.51043E-1	-5.52658E-3	1.49272E-6	9.99984E-1	2.28738E-9
7.51698E-1	-3.90841E-3	1.40748E-5	9.99961E-1	2.17471E-9
7.52353E-1	-5.79628E-3	1.00118E-5	1.00005E+0	1.59707E-9
7.53009E-1	-6.60537E-3	8.96334E-6	9.99952E-1	1.87804E-9
7.53664E-1	-6.87507E-3	9.09440E-6	1.00006E+0	1.36364E-9
7.54319E-1	-7.41446E-3	7.06338E-7	9.99967E-1	2.28168E-9
7.54975E-1	-6.87507E-3	7.52164E-6	1.00007E+0	1.34224E-9
7.55630E-1	-6.33567E-3	6.99739E-6	9.99948E-1	2.31781E-9
7.56285E-1	-5.25689E-3	5.29356E-6	9.99967E-1	2.11052E-9
7.56941E-1	-7.14476E-3	2.03659E-5	9.99967E-1	1.79532E-9
7.57596E-1	-6.60537E-3	1.00118E-5	1.00006E+0	8.33065E-10
7.58252E-1	-6.06598E-3	6.47313E-6	1.00002E+0	2.47042E-9
7.58907E-1	-5.52658E-3	1.11914E-5	9.99959E-1	2.19420E-9
7.59562E-1	-5.52658E-3	1.23059E-6	9.99954E-1	1.69928E-9
7.60218E-1	-5.52658E-3	9.88078E-6	1.00003E+0	1.45064E-9
7.60873E-1	-6.33567E-3	1.25021E-5	1.00002E+0	2.68246E-9
7.61528E-1	-4.98719E-3	5.75274E-7	9.99995E-1	1.55618E-9
7.62184E-1	-6.87507E-3	1.25021E-5	9.99995E-1	1.33701E-9
7.62839E-1	-6.87507E-3	1.40748E-5	1.00002E+0	1.99975E-9
7.63494E-1	-6.06598E-3	9.48759E-6	9.99969E-1	2.12669E-9
7.64150E-1	-6.60537E-3	1.28952E-5	1.00003E+0	1.55048E-9
7.64805E-1	-6.06598E-3	9.35653E-6	1.00002E+0	2.42240E-9
7.65460E-1	-6.60537E-3	5.81781E-6	9.99976E-1	2.05775E-9
7.66116E-1	-8.22355E-3	1.51233E-5	9.99946E-1	1.87376E-9
7.66771E-1	-6.06598E-3	7.65270E-6	1.00002E+0	1.45539E-9
7.67427E-1	-4.98719E-3	4.37612E-6	1.00003E+0	1.84714E-9
7.68082E-1	-5.79628E-3	5.16250E-6	9.99910E-1	1.85950E-9
7.68737E-1	-5.52658E-3	8.43908E-6	1.00009E+0	2.04444E-9
7.69393E-1	-5.52658E-3	1.59097E-5	9.99959E-1	1.70356E-9
7.70048E-1	-7.14476E-3	4.37612E-6	1.00001E+0	1.47964E-9
7.70703E-1	-5.25689E-3	8.17696E-6	1.00004E+0	2.25790E-9
7.71359E-1	-5.25689E-3	1.14535E-5	1.00003E+0	1.54905E-9
7.72014E-1	-6.87507E-3	2.67229E-6	9.99942E-1	2.25553E-9
7.72669E-1	-5.79628E-3	1.39438E-5	1.00001E+0	1.80673E-9
7.73325E-1	-6.06598E-3	1.07982E-5	1.00005E+0	2.23461E-9
7.73980E-1	-5.25689E-3	7.91483E-6	9.99912E-1	1.29375E-9
7.74636E-1	-5.79628E-3	6.99739E-6	1.00009E+0	2.58595E-9
7.75291E-1	-4.71749E-3	1.77446E-5	9.99963E-1	1.07981E-9
7.75946E-1	-6.87507E-3	9.48759E-6	1.00005E+0	2.13715E-9
7.76602E-1	-6.33567E-3	1.02740E-5	9.99910E-1	2.05110E-9
7.77257E-1	-4.98719E-3	6.73526E-6	1.00004E+0	2.06203E-9
7.77912E-1	-6.60537E-3	1.81378E-5	9.99965E-1	1.52290E-9
7.78568E-1	-5.25689E-3	7.52164E-6	1.00003E+0	1.93177E-9
7.79223E-1	-6.33567E-3	7.12845E-6	9.99999E-1	2.06964E-9
7.79878E-1	-4.44780E-3	1.23710E-5	1.00001E+0	1.14161E-9
7.80534E-1	-5.79628E-3	7.25951E-6	9.99986E-1	3.13126E-9
7.81189E-1	-4.98719E-3	9.09440E-6	1.00007E+0	1.09788E-9
7.81844E-1	-5.79628E-3	8.70121E-6	9.99940E-1	1.54620E-9
7.82500E-1	-4.71749E-3	4.44211E-7	1.00001E+0	2.53508E-9
7.83155E-1	-4.44780E-3	2.04969E-5	9.99984E-1	1.73542E-9
7.83811E-1	-5.79628E-3	1.18467E-5	1.00003E+0	1.96409E-9
7.84466E-1	-4.71749E-3	8.57015E-6	9.99986E-1	1.07981E-9
7.85121E-1	-5.25689E-3	1.32884E-5	1.00002E+0	2.49704E-9
7.85777E-1	-6.06598E-3	7.91483E-6	9.99929E-1	2.43096E-9
7.86432E-1	-7.14476E-3	1.55165E-5	1.00011E+0	1.48630E-9
7.87087E-1	-6.60537E-3	6.21101E-6	9.99923E-1	1.98026E-9
7.87743E-1	-4.44780E-3	8.83228E-6	1.00003E+0	8.98198E-10
7.88398E-1	-6.33567E-3	1.69582E-5	1.00001E+0	2.72524E-9
7.89053E-1	-5.25689E-3	6.86632E-6	9.99990E-1	1.41926E-9
7.89709E-1	-5.25689E-3	1.53855E-5	1.00002E+0	2.47137E-9
7.90364E-1	-5.79628E-3	8.37401E-7	9.99914E-1	1.60705E-9
7.91020E-1	-5.79628E-3	2.41016E-6	1.00001E+0	1.79675E-9
7.91675E-1	-5.25689E-3	9.88078E-6	1.00001E+0	2.12526E-9
7.92330E-1	-6.06598E-3	1.19778E-5	1.00004E+0	1.90609E-9
7.92986E-1	-5.52658E-3	4.24505E-6	9.99990E-1	2.06298E-9
7.93641E-1	-6.33567E-3	5.68675E-6	9.99969E-1	1.58566E-9
7.94296E-1	-6.33567E-3	8.04589E-6	9.99982E-1	1.95221E-9
7.94952E-1	-5.79628E-3	7.52164E-6	1.00006E+0	1.74065E-9
7.95607E-1	-6.33567E-3	1.55165E-5	9.99942E-1	1.97693E-9
7.96262E-1	-5.79628E-3	3.13147E-7	1.00002E+0	1.68455E-9
7.96918E-1	-5.79628E-3	1.00118E-5	1.00001E+0	2.14618E-9
7.97573E-1	-6.33567E-3	1.36816E-5	1.00003E+0	1.63177E-9
7.98228E-1	-4.98719E-3	6.86632E-6	9.99952E-1	2.36107E-9
7.98884E-1	-5.25689E-3	9.88078E-6	1.00005E+0	9.93283E-10
7.99539E-1	-6.60537E-3	7.78377E-6	6.76651E-1	6.24722E-7
8.00195E-1	1.99589E+0	4.90037E-6	1.00410E+0	1.78251E-8
8.00850E-1	1.99373E+0	9.22547E-6	9.99999E-1	4.28558E-9
8.01505E-1	1.99373E+0	6.60420E-6	1.00005E+0	3.28624E-9
8.02161E-1	1.99373E+0	5.94888E-6	1.00001E+0	2.37343E-9
8.02816E-1	1.99319E+0	1.31574E-5	9.99910E-1	2.48088E-9
8.03471E-1	1.99346E+0	8.30802E-6	1.00004E+0	2.72192E-9
8.04127E-1	1.99211E+0	8.83228E-6	1.00000E+0	1.89849E-9
8.04782E-1	1.99373E+0	1.04050E-5	1.00001E+0	2.39435E-9
8.05437E-1	1.99346E+0	6.73526E-6	9.99976E-1	1.54858E-9
8.06093E-1	1.99265E+0	8.96334E-6	1.00004E+0	2.29071E-9
8.06748E-1	1.99481E+0	9.74972E-6	9.99988E-1	1.81148E-9
8.07404E-1	1.99346E+0	1.04050E-5	1.00002E+0	2.34396E-9
8.08059E-1	1.99265E+0	7.91483E-6	9.99933E-1	1.96647E-9
8.08714E-1	1.99508E+0	7.78377E-6	1.00007E+0	2.03351E-9
8.09370E-1	1.99104E+0	1.64340E-5	9.99984E-1	1.80007E-9
8.10025E-1	1.99211E+0	1.09293E-5	1.00000E+0	1.68502E-9
8.10680E-1	1.99265E+0	3.98293E-6	9.99969E-1	2.57501E-9
8.11336E-1	1.99265E+0	5.68675E-6	1.00005E+0	1.32037E-9
8.11991E-1	1.99265E+0	7.39058E-6	9.99931E-1	2.04777E-9
8.12646E-1	1.99346E+0	1.26331E-5	1.00006E+0	2.00118E-9
8.13302E-1	1.99292E+0	1.09293E-5	9.99961E-1	1.91227E-9
8.13957E-1	1.99077E+0	7.91483E-6	1.00004E+0	1.52195E-9
8.14612E-1	1.99319E+0	8.70121E-6	9.99925E-1	2.73570E-9
8.15268E-1	1.99319E+0	1.11914E-5	1.00005E+0	1.72163E-9
8.15923E-1	1.99238E+0	7.52164E-6	9.99961E-1	1.92321E-9
8.16579E-1	1.99184E+0	1.34195E-5	1.00005E+0	1.32227E-9
8.17234E-1	1.99346E+0	6.21101E-6	9.99967E-1	2.41052E-9
8.17889E-1	1.99265E+0	7.78377E-6	1.00004E+0	2.05870E-9
8.18545E-1	1.99211E+0	9.88078E-6	9.99982E-1	1.40167E-9
8.19200E-1	1.99238E+0	9.35653E-6	1.00003E+0	2.09293E-9
8.19855E-1	1.99265E+0	2.15454E-5	9.99969E-1	2.22082E-9
8.20511E-1	1.99238E+0	1.23710E-5	1.00001E+0	8.19754E-10
8.21166E-1	1.99454E+0	8.96334E-6	9.99982E-1	3.28624E-9
8.21821E-1	1.99346E+0	9.48759E-6	9.99984E-1	8.97247E-10
8.22477E-1	1.99184E+0	8.96334E-6	1.00006E+0	2.23651E-9
8.23132E-1	1.99373E+0	1.17157E-5	1.00001E+0	1.13163E-9
8.23788E-1	1.99346E+0	1.01429E-5	9.99997E-1	1.82004E-9
8.24443E-1	1.99184E+0	1.02740E-5	9.99940E-1	3.04188E-9
8.25098E-1	1.99265E+0	5.94888E-6	1.00005E+0	1.96124E-9
8.25754E-1	1.99508E+0	9.09440E-6	9.99961E-1	1.52005E-9
8.26409E-1	1.99454E+0	8.43908E-6	1.00003E+0	2.18136E-9
8.27064E-1	1.99319E+0	1.11914E-5	9.99938E-1	1.24858E-9
8.27720E-1	1.99238E+0	1.09293E-5	1.00005E+0	2.11290E-9
8.28375E-1	1.99265E+0	1.35506E-5	9.99961E-1	1.46918E-9
8.29030E-1	1.99184E+0	1.14535E-5	1.00006E+0	1.05509E-9
8.29686E-1	1.99346E+0	6.07994E-6	1.00001E+0	2.33635E-9
8.30341E-1	1.99184E+0	1.62378E-6	1.00001E+0	1.53717E-9
8.30996E-1	1.99238E+0	1.13225E-5	9.99961E-1	2.33445E-9
8.31652E-1	1.99292E+0	1.36166E-6	1.00007E+0	1.08551E-9
8.32307E-1	1.99184E+0	7.91483E-6	1.00001E+0	2.11575E-9
8.32963E-1	1.99077E+0	1.30263E-5	9.99914E-1	8.74427E-10
8.33618E-1	1.99373E+0	1.01429E-5	9.99954E-1	2.92968E-9
8.34273E-1	1.99211E+0	1.42059E-5	1.00006E+0	2.06298E-9
8.34929E-1	1.99373E+0	2.80335E-6	1.00003E+0	1.46538E-9
8.35584E-1	1.99211E+0	1.25021E-5	9.99978E-1	1.11309E-9
8.36239E-1	1.99184E+0	8.37401E-7	9.99948E-1	2.58832E-9
8.36895E-1	1.99346E+0	5.29356E-6	1.00008E+0	1.37647E-9
8.37550E-1	1.99184E+0	1.30263E-5	9.99986E-1	1.46252E-9
8.38205E-1	1.99238E+0	4.90037E-6	9.99912E-1	1.07030E-9
8.38861E-1	1.99211E+0	6.47313E-6	1.00012E+0	2.94869E-9
8.39516E-1	1.99238E+0	7.52164E-6	1.28489E+0	-5.55890E-7
8.40172E-1	-6.33567E-3	3.06548E-6	9.94730E-1	-7.46986E-8
8.40827E-1	-7.14476E-3	2.20697E-5	9.99990E-1	-7.33925E-10
8.41482E-1	-4.71749E-3	1.28952E-5	9.99938E-1	4.44170E-10
8.42138E-1	-5.79628E-3	8.04589E-6	1.00006E+0	3.42430E-10
8.42793E-1	-5.79628E-3	1.13225E-5	9.99984E-1	1.93129E-9
8.43448E-1	-5.79628E-3	1.49272E-6	9.99969E-1	1.76727E-9
8.44104E-1	-7.14476E-3	7.65270E-6	1.00005E+0	6.88062E-10
8.44759E-1	-7.41446E-3	1.00118E-5	1.00000E+0	1.82860E-9
8.45414E-1	-3.36901E-3	1.09953E-6	9.99982E-1	2.01021E-9
8.46070E-1	-6.60537E-3	1.17157E-5	1.00006E+0	1.09978E-9
8.46725E-1	-5.52658E-3	1.06672E-5	9.99931E-1	1.99072E-9
8.47380E-1	-6.60537E-3	8.57015E-6	1.00008E+0	2.06488E-9
8.48036E-1	-3.63871E-3	1.01429E-5	9.99921E-1	1.66696E-9
8.48691E-1	-6.87507E-3	1.72203E-5	9.99990E-1	2.50465E-9
8.49347E-1	-4.98719E-3	6.73526E-6	9.99986E-1	7.33227E-10
8.50002E-1	-4.98719E-3	4.37612E-6	1.00005E+0	2.37533E-9
8.50657E-1	-6.06598E-3	1.76135E-5	9.99954E-1	1.96172E-9
8.51313E-1	-8.22355E-3	1.98416E-5	1.00005E+0	1.57710E-9
8.51968E-1	-7.41446E-3	1.13225E-5	9.99961E-1	2.10957E-9
8.52623E-1	-6.33567E-3	1.18467E-5	1.00005E+0	1.32846E-9
8.53279E-1	-6.60537E-3	9.88078E-6	9.99927E-1	2.40243E-9
8.53934E-1	-4.98719E-3	1.38127E-5	1.00000E+0	1.52813E-9
8.54589E-1	-5.52658E-3	1.25021E-5	1.00004E+0	2.02923E-9
8.55245E-1	-4.98719E-3	1.14535E-5	1.00002E+0	1.53241E-9
8.55900E-1	-4.98719E-3	7.91483E-6	9.99948E-1	1.70832E-9
8.56556E-1	-6.87507E-3	5.42462E-6	1.00004E+0	2.54839E-9
8.57211E-1	-6.33567E-3	1.19778E-5	1.00001E+0	1.64746E-9
8.57866E-1	-4.44780E-3	7.91483E-6	9.99916E-1	1.57853E-9
8.58522E-1	-4.44780E-3	1.81378E-5	1.00012E+0	1.53526E-9
8.59177E-1	-5.25689E-3	4.11399E-6	9.99938E-1	2.32779E-9
8.59832E-1	-6.60537E-3	9.22547E-6	1.00008E+0	1.58613E-9
8.60488E-1	-6.06598E-3	2.54123E-6	9.99954E-1	1.78581E-9
8.61143E-1	-7.14476E-3	7.25951E-6	9.99971E-1	2.01544E-9
8.61798E-1	-8.76294E-3	1.38127E-5	9.99973E-1	1.23052E-9
8.62454E-1	-6.33567E-3	1.19778E-5	1.00006E+0	2.11052E-9
8.63109E-1	-4.71749E-3	9.61866E-6	9.99971E-1	1.94603E-9
8.63764E-1	-5.25689E-3	9.74972E-6	9.99992E-1	1.73684E-9
8.64420E-1	-6.06598E-3	5.55569E-6	9.99982E-1	2.44570E-9
8.65075E-1	-6.33567E-3	9.74972E-6	1.00006E+0	1.32180E-9
8.65731E-1	-6.33567E-3	1.17157E-5	1.00003E+0	2.25410E-9
8.66386E-1	-7.41446E-3	9.35653E-6	9.99990E-1	1.80102E-9
8.67041E-1	-6.33567E-3	1.01429E-5	9.99950E-1	1.89754E-9
8.67697E-1	-6.06598E-3	1.02740E-5	9.99990E-1	1.94888E-9
8.68352E-1	-5.25689E-3	5.81781E-6	9.99986E-1	2.20276E-9
8.69007E-1	-6.33567E-3	1.13225E-5	1.00005E+0	1.68692E-9
8.69663E-1	-5.25689E-3	1.05361E-5	9.99976E-1	1.34795E-9
8.70318E-1	-5.79628E-3	8.57015E-6	1.00001E+0	1.87281E-9
8.70973E-1	-6.87507E-3	1.02740E-5	1.00007E+0	2.38627E-9
8.71629E-1	-3.90841E-3	8.30802E-6	9.99908E-1	2.25410E-9
8.72284E-1	-7.14476E-3	2.27250E-5	1.00000E+0	1.09169E-9
8.72940E-1	-5.79628E-3	1.27642E-5	1.00007E+0	1.58899E-9
8.73595E-1	-3.63871E-3	8.96334E-6	1.00001E+0	2.25981E-9
8.74250E-1	-4.98719E-3	1.72203E-5	9.99887E-1	1.50579E-9
8.74906E-1	-6.06598E-3	1.17157E-5	1.00003E+0	2.30782E-9
8.75561E-1	-6.06598E-3	5.81781E-6	1.00004E+0	2.28548E-9
8.76216E-1	-5.25689E-3	1.39438E-5	1.00004E+0	1.62940E-9
8.76872E-1	-6.60537E-3	1.00118E-5	9.99866E-1	1.79199E-9
8.77527E-1	-4.98719E-3	8.30802E-6	1.00014E+0	2.07011E-9
8.78182E-1	-6.06598E-3	1.01429E-5	9.99957E-1	1.77393E-9
8.78838E-1	-6.06598E-3	5.29356E-6	9.99980E-1	1.06697E-9
8.79493E-1	-6.87507E-3	6.73526E-6	9.99954E-1	2.22035E-9
8.80148E-1	-4.98719E-3	8.37401E-7	1.00010E+0	1.88945E-9
8.80804E-1	-4.98719E-3	4.63824E-6	9.99940E-1	1.93937E-9
8.81459E-1	-6.60537E-3	1.01429E-5	1.00001E+0	2.24269E-9
8.82115E-1	-4.44780E-3	1.73514E-5	9.99995E-1	1.06983E-9
8.82770E-1	-4.98719E-3	1.13225E-5	1.00003E+0	2.46519E-9
8.83425E-1	-4.98719E-3	1.05361E-5	9.99986E-1	1.75586E-9
8.84081E-1	-5.52658E-3	8.43908E-6	1.00001E+0	2.03874E-9
8.84736E-1	-3.63871E-3	6.21101E-6	1.00005E+0	2.12764E-9
8.85391E-1	-6.06598E-3	8.57015E-6	9.99952E-1	1.07220E-9
8.86047E-1	-4.98719E-3	2.41016E-6	9.99940E-1	2.43381E-9
8.86702E-1	-5.52658E-3	-1.65281E-6	1.00006E+0	1.65555E-9
8.87357E-1	-4.44780E-3	1.23710E-5	1.00005E+0	1.92463E-9
8.88013E-1	-5.52658E-3	2.93442E-6	9.99935E-1	2.53460E-9
8.88668E-1	-4.17810E-3	8.57015E-6	1.00005E+0	1.74540E-9
8.89324E-1	-5.25689E-3	1.14535E-5	9.99961E-1	1.11356E-9
8.89979E-1	-6.06598E-3	1.19778E-5	1.00001E+0	2.18754E-9
8.90634E-1	-6.33567E-3	1.05361E-5	9.99969E-1	1.69453E-9
8.91290E-1	-5.79628E-3	6.73526E-6	1.00007E+0	2.22225E-9
8.91945E-1	-4.98719E-3	7.65270E-6	9.99950E-1	2.21702E-9
8.92600E-1	-6.06598E-3	8.70121E-6	1.00007E+0	1.74683E-9
8.93256E-1	-4.98719E-3	9.22547E-6	9.99921E-1	9.47167E-10
8.93911E-1	-4.98719E-3	8.17696E-6	1.00001E+0	1.86140E-9
8.94566E-1	-6.06598E-3	7.12845E-6	1.00001E+0	2.59213E-9
8.95222E-1	-6.33567E-3	9.35653E-6	1.00004E+0	1.80340E-9
8.95877E-1	-5.79628E-3	5.55569E-6	9.99891E-1	2.39007E-9
8.96532E-1	-4.44780E-3	1.00118E-5	1.00007E+0	9.60003E-10
8.97188E-1	-5.25689E-3	7.39058E-6	9.99984E-1	1.55238E-9
8.97843E-1	-5.52658E-3	1.39438E-5	9.99976E-1	2.91969E-9
8.98499E-1	-5.52658E-3	1.15846E-5	9.99940E-1	7.58900E-10
8.99154E-1	-5.25689E-3	1.34195E-5	9.12643E-1	1.09126E-7
8.99809E-1	-6.06598E-3	1.48612E-5	7.61534E-1	5.31008E-7
9.00465E-1	1.99373E+0	1.05361E-5	1.00013E+0	5.76034E-9
9.01120E-1	1.99319E+0	9.61866E-6	9.99990E-1	3.77212E-9
9.01775E-1	1.99265E+0	8.83228E-6	1.00001E+0	2.43429E-9
9.02431E-1	1.99238E+0	9.09440E-6	1.00002E+0	3.12983E-9
9.03086E-1	1.99346E+0	2.25939E-5	1.00001E+0	2.18849E-9
9.03741E-1	1.99373E+0	1.62378E-6	9.99992E-1	2.03065E-9
9.04397E-1	1.99373E+0	1.19778E-5	1.00001E+0	1.77678E-9
9.05052E-1	1.99265E+0	1.40748E-5	9.99990E-1	2.47565E-9
9.05708E-1	1.99265E+0	7.78377E-6	1.00004E+0	1.88660E-9
9.06363E-1	1.99373E+0	1.52544E-5	9.99965E-1	2.04967E-9
9.07018E-1	1.99373E+0	8.30802E-6	9.99938E-1	1.93747E-9
9.07674E-1	1.99454E+0	1.30263E-5	1.00007E+0	2.36535E-9
9.08329E-1	1.99481E+0	1.07982E-5	9.99973E-1	1.34700E-9
9.08984E-1	1.99238E+0	5.94888E-6	1.00001E+0	2.14523E-9
9.09640E-1	1.99373E+0	1.49923E-5	9.99988E-1	2.29737E-9
9.10295E-1	1.99238E+0	3.58973E-6	9.99992E-1	1.95459E-9
9.10950E-1	1.99508E+0	8.17696E-6	9.99984E-1	1.78343E-9
9.11606E-1	1.99346E+0	1.00118E-5	1.00008E+0	1.91465E-9
9.12261E-1	1.99238E+0	7.52164E-6	9.99938E-1	2.22225E-9
9.12916E-1	1.99211E+0	1.17157E-5	1.00002E+0	1.60087E-9
9.13572E-1	1.99104E+0	1.14535E-5	9.99978E-1	1.84524E-9
9.14227E-1	1.99104E+0	1.22399E-5	1.00002E+0	1.95126E-9
9.14883E-1	1.99481E+0	4.44211E-7	9.99982E-1	2.10006E-9
9.15538E-1	1.99319E+0	9.48759E-6	1.00004E+0	1.72448E-9
9.16193E-1	1.99481E+0	8.43908E-6	9.99952E-1	2.25886E-9
9.16849E-1	1.99265E+0	5.81781E-6	9.99984E-1	1.49675E-9
9.17504E-1	1.99319E+0	8.43908E-6	1.00001E+0	2.01829E-9
9.18159E-1	1.99319E+0	5.29356E-6	1.00004E+0	2.12384E-9
9.18815E-1	1.99292E+0	7.52164E-6	1.00000E+0	1.52480E-9
9.19470E-1	1.99238E+0	6.86632E-6	9.99990E-1	1.82052E-9
9.20125E-1	1.99211E+0	1.01429E-5	1.00001E+0	1.82099E-9
9.20781E-1	1.99211E+0	1.25021E-5	1.00002E+0	2.08295E-9
9.21436E-1	1.99346E+0	1.02740E-5	9.99992E-1	2.07772E-9
9.22092E-1	1.99238E+0	1.09293E-5	9.99940E-1	1.76965E-9
9.22747E-1	1.99238E+0	3.06548E-6	1.00007E+0	1.80388E-9
9.23402E-1	1.99130E+0	1.02740E-5	9.99944E-1	2.16662E-9
9.24058E-1	1.99346E+0	1.09293E-5	1.00007E+0	1.48820E-9
9.24713E-1	1.99238E+0	1.34195E-5	9.99935E-1	2.29499E-9
9.25368E-1	1.99373E+0	1.45991E-5	9.99997E-1	1.56236E-9
9.26024E-1	1.99319E+0	8.83228E-6	1.00003E+0	2.14856E-9
9.26679E-1	1.99346E+0	6.47313E-6	1.00004E+0	1.55903E-9
9.27334E-1	1.99346E+0	1.01429E-5	9.99950E-1	2.03778E-9
9.27990E-1	1.99319E+0	8.04589E-6	1.00003E+0	2.17423E-9
9.28645E-1	1.99319E+0	6.21101E-6	9.99980E-1	1.87234E-9
9.29300E-1	1.99346E+0	1.05361E-5	9.99965E-1	1.73209E-9
9.29956E-1	1.99157E+0	7.78377E-6	1.00003E+0	1.77773E-9
9.30611E-1	1.99292E+0	1.35506E-5	1.00002E+0	1.87899E-9
9.31267E-1	1.99211E+0	9.48759E-6	1.00001E+0	2.22938E-9
9.31922E-1	1.99319E+0	8.96334E-6	9.99980E-1	1.99262E-9
9.32577E-1	1.99292E+0	9.48759E-6	9.99986E-1	1.86235E-9
9.33233E-1	1.99157E+0	1.05361E-5	9.99986E-1	1.92083E-9
9.33888E-1	1.99292E+0	8.57015E-6	1.00004E+0	1.90799E-9
9.34543E-1	1.99238E+0	1.51233E-5	9.99963E-1	1.46205E-9
9.35199E-1	1.99319E+0	8.43908E-6	1.00004E+0	2.25172E-9
9.35854E-1	1.99427E+0	9.74972E-6	9.99971E-1	1.76109E-9
9.36509E-1	1.99373E+0	8.30802E-6	1.00000E+0	2.15664E-9
9.37165E-1	1.99319E+0	8.17696E-6	1.00002E+0	1.59327E-9
9.37820E-1	1.99292E+0	1.85310E-5	1.00002E+0	1.91132E-9
9.38476E-1	1.99238E+0	4.50718E-6	9.99904E-1	1.92083E-9
9.39131E-1	1.99292E+0	8.57015E-6	1.02015E+0	-2.50879E-8
9.39786E-1	1.99292E+0	1.05361E-5	1.26922E+0	-6.02707E-7
9.40442E-1	-6.33567E-3	4.11399E-6	9.99851E-1	-5.28229E-9
9.41097E-1	-4.98719E-3	1.60408E-5	9.99914E-1	-6.16787E-11
9.41752E-1	-6.60537E-3	1.13225E-5	1.00005E+0	1.18298E-9
9.42408E-1	-5.52658E-3	9.61866E-6	9.99982E-1	9.60478E-10
9.43063E-1	-6.33567E-3	8.83228E-6	9.99980E-1	9.01051E-10
9.43718E-1	-6.60537E-3	7.12845E-6	9.99938E-1	1.84809E-9
9.44374E-1	-6.06598E-3	9.22547E-6	1.00007E+0	1.70404E-9
9.45029E-1	-6.06598E-3	1.38127E-5	9.99986E-1	9.57151E-10
9.45684E-1	-5.79628E-3	5.94888E-6	1.00009E+0	2.24602E-9
9.46340E-1	-6.06598E-3	1.30263E-5	9.99908E-1	2.32494E-9
9.46995E-1	-6.06598E-3	9.88078E-6	1.00001E+0	7.68408E-10
9.47651E-1	-6.87507E-3	8.04589E-6	9.99912E-1	1.90752E-9
9.48306E-1	-6.33567E-3	1.05361E-5	1.00008E+0	2.42716E-9
9.48961E-1	-4.98719E-3	1.07982E-5	9.99957E-1	1.43685E-9
9.49617E-1	-5.25689E-3	9.88078E-6	1.00008E+0	2.03683E-9
9.50272E-1	-5.52658E-3	1.47301E-5	9.99969E-1	1.60753E-9
9.50927E-1	-4.98719E-3	1.01429E-5	9.99995E-1	1.17489E-9
9.51583E-1	-7.41446E-3	6.60420E-6	9.99973E-1	2.36345E-9
9.52238E-1	-6.06598E-3	1.09293E-5	1.00005E+0	1.93177E-9
9.52893E-1	-4.44780E-3	6.99739E-6	9.99982E-1	1.26998E-9
9.53549E-1	-5.25689E-3	1.10604E-5	1.00005E+0	1.91465E-9
9.54204E-1	-7.14476E-3	7.52164E-6	9.99971E-1	2.23699E-9
9.54860E-1	-5.25689E-3	1.06672E-5	9.99967E-1	1.67741E-9
9.55515E-1	-6.06598E-3	1.02740E-5	1.00007E+0	1.89183E-9
9.56170E-1	-6.33567E-3	1.06672E-5	9.99969E-1	1.39026E-9
9.56826E-1	-4.44780E-3	1.83999E-5	9.99995E-1	1.89040E-9
9.57481E-1	-5.79628E-3	8.96334E-6	9.99957E-1	2.73903E-9
9.58136E-1	-7.41446E-3	8.04589E-6	1.00009E+0	1.30373E-9
9.58792E-1	-4.71749E-3	1.18467E-5	9.99984E-1	2.10862E-9
9.59447E-1	-6.06598E-3	8.70121E-6	1.00002E+0	1.90467E-9
9.60102E-1	-4.44780E-3	1.88591E-6	1.00003E+0	1.32941E-9
9.60758E-1	-5.52658E-3	1.48612E-5	9.99906E-1	2.03826E-9
9.61413E-1	-5.52658E-3	1.25021E-5	1.00001E+0	2.08390E-9
9.62068E-1	-4.98719E-3	8.43908E-6	1.00001E+0	1.47584E-9
9.62724E-1	-4.44780E-3	1.22399E-5	9.99969E-1	1.66838E-9
9.63379E-1	-5.79628E-3	6.86632E-6	9.99950E-1	2.60972E-9
9.64035E-1	-6.87507E-3	1.88591E-6	1.00009E+0	1.16824E-9
9.64690E-1	-4.17810E-3	1.18467E-5	1.00005E+0	2.31781E-9
9.65345E-1	-5.52658E-3	1.00118E-5	9.99935E-1	1.11356E-9
9.66001E-1	-4.98719E-3	7.91483E-6	1.00003E+0	2.01021E-9
9.66656E-1	-5.25689E-3	7.78377E-6	9.99959E-1	2.59165E-9
9.67311E-1	-5.25689E-3	8.30802E-6	1.00001E+0	1.06983E-9
9.67967E-1	-8.22355E-3	2.12833E-5	9.99969E-1	2.41099E-9
9.68622E-1	-6.06598E-3	5.29356E-6	1.00008E+0	1.76347E-9
9.69277E-1	-4.71749E-3	2.16765E-5	9.99908E-1	1.71640E-9
9.69933E-1	-4.71749E-3	8.83228E-6	1.00003E+0	2.10054E-9
9.70588E-1	-6.87507E-3	2.93442E-6	1.00003E+0	1.67123E-9
9.71244E-1	-5.52658E-3	1.01429E-5	9.99990E-1	1.46157E-9
9.71899E-1	-5.52658E-3	1.14535E-5	1.00001E+0	2.52842E-9
9.72554E-1	-6.60537E-3	1.64340E-5	1.00002E+0	1.40024E-9
9.73210E-1	-4.44780E-3	2.36425E-5	9.99976E-1	2.15379E-9
9.73865E-1	-6.60537E-3	9.35653E-6	9.99995E-1	1.20532E-9
9.74520E-1	-5.79628E-3	9.48759E-6	9.99904E-1	2.48326E-9
9.75176E-1	-6.33567E-3	1.89242E-5	1.00009E+0	1.52100E-9
9.75831E-1	-4.44780E-3	1.02740E-5	9.99997E-1	2.11623E-9
9.76486E-1	-5.79628E-3	1.13225E-5	1.00002E+0	1.47441E-9
9.77142E-1	-6.33567E-3	1.34195E-5	9.99895E-1	2.44142E-9
9.77797E-1	-5.79628E-3	1.31574E-5	1.00011E+0	1.44113E-9
9.78452E-1	-5.52658E-3	1.05361E-5	9.99931E-1	2.24792E-9
9.79108E-1	-6.87507E-3	7.39058E-6	1.00004E+0	1.13258E-9
9.79763E-1	-5.25689E-3	1.01429E-5	9.99952E-1	2.68483E-9
9.80419E-1	-5.52658E-3	9.88078E-6	1.00002E+0	1.34747E-9
9.81074E-1	-6.33567E-3	7.91483E-6	1.00002E+0	2.35346E-9
9.81729E-1	-6.06598E-3	1.18467E-5	9.99976E-1	1.14922E-9
9.82385E-1	-5.25689E-3	6.86632E-6	9.99980E-1	2.62350E-9
9.83040E-1	-6.33567E-3	2.12833E-5	1.00011E+0	1.34557E-9
9.83695E-1	-4.71749E-3	9.74972E-6	9.99984E-1	2.43476E-9
9.84351E-1	-5.79628E-3	9.88078E-6	1.00003E+0	1.28091E-9
9.85006E-1	-5.52658E-3	5.81781E-6	9.99967E-1	2.32779E-9
9.85661E-1	-5.52658E-3	1.14535E-5	9.99971E-1	1.62036E-9
9.86317E-1	-6.06598E-3	9.35653E-6	9.99969E-1	1.46728E-9
9.86972E-1	-5.25689E-3	1.18467E-5	1.00004E+0	2.77089E-9
9.87628E-1	-5.52658E-3	8.43908E-6	9.99988E-1	1.87994E-9
9.88283E-1	-5.52658E-3	1.19778E-5	9.99961E-1	2.02780E-9
9.88938E-1	-5.52658E-3	6.73526E-6	9.99984E-1	1.58994E-9
9.89594E-1	-5.52658E-3	9.61866E-6	1.00005E+0	1.72496E-9
9.90249E-1	-5.25689E-3	8.30802E-6	9.99969E-1	2.02970E-9
9.90904E-1	-4.71749E-3	1.10604E-5	1.00006E+0	1.71069E-9
9.91560E-1	-5.25689E-3	9.74972E-6	1.00001E+0	1.62227E-9
9.92215E-1	-6.33567E-3	5.29356E-6	1.00001E+0	1.23670E-9
9.92870E-1	-3.63871E-3	9.74972E-6	9.99946E-1	2.79323E-9
9.93526E-1	-5.79628E-3	1.06672E-5	1.00002E+0	1.41308E-9
9.94181E-1	-4.98719E-3	7.65270E-6	1.00001E+0	2.08723E-9
9.94836E-1	-4.17810E-3	4.76931E-6	9.99963E-1	1.99595E-9
9.95492E-1	-5.52658E-3	6.60420E-6	1.00007E+0	1.60420E-9
9.96147E-1	-4.44780E-3	6.73526E-6	9.99925E-1	2.02114E-9
9.96803E-1	-3.63871E-3	1.31574E-5	1.00007E+0	1.25476E-9
9.97458E-1	-6.87507E-3	8.83228E-6	9.99866E-1	2.46376E-9
9.98113E-1	-4.98719E-3	1.40748E-5	1.00014E+0	2.04349E-9
9.98769E-1	-5.52658E-3	7.91483E-6	9.99864E-1	2.06821E-9
9.99424E-1	-5.79628E-3	7.91483E-6	6.64113E-1	5.48892E-7
