## Header ##
[General info]
User	Giorgos_Psaltakis
Device	Sample
Cell area (cm2)	1
Test	Pulsed
Date	2024-03-03
Time	04:02:28
Temperature	21.36
Note	

[Acquisition Settings]
Amplitude (V)	2.000
Frequency (Hz)	10.0
DC Offset (V)	1.000
Duty Cycle (%)	40
Phase (°)	0
Cycles	10

## Data ##
Time (s)	DC Channel Voltage (V)	DC Channel Current (A)	Pulse Channel Voltage (V)	Pulse Channel Current (A)
0.00000E+0	1.99292E+0	1.83999E-5	1.00422E+0	-1.65942E-7
6.55360E-4	1.99238E+0	1.14535E-5	9.99900E-1	-1.48815E-8
1.31072E-3	1.99292E+0	1.10604E-5	1.00001E+0	-8.08442E-9
1.96608E-3	1.99427E+0	-2.70131E-6	9.99589E-1	1.57490E-8
2.62144E-3	1.99292E+0	5.16250E-6	9.99707E-1	1.01260E-7
3.27680E-3	1.99373E+0	1.04050E-5	1.00002E+0	1.15691E-7
3.93216E-3	1.99292E+0	2.02348E-5	1.00013E+0	9.63239E-8
4.58752E-3	1.99508E+0	3.32761E-6	1.00024E+0	7.33962E-8
5.24288E-3	1.99427E+0	1.06672E-5	1.00008E+0	5.07058E-8
5.89824E-3	1.99427E+0	8.43908E-6	9.99931E-1	3.82854E-8
6.55360E-3	1.99346E+0	-1.25961E-6	1.00010E+0	2.92229E-8
7.20896E-3	1.99454E+0	1.31574E-5	1.00011E+0	2.10903E-8
7.86432E-3	1.99319E+0	1.01429E-5	9.99900E-1	1.65990E-8
8.51968E-3	1.99292E+0	9.09440E-6	1.00003E+0	1.35335E-8
9.17504E-3	1.99319E+0	1.09293E-5	1.00007E+0	1.15652E-8
9.83040E-3	1.99346E+0	3.19654E-6	9.99997E-1	9.38686E-9
1.04858E-2	1.99130E+0	2.20697E-5	9.99952E-1	8.01764E-9
1.11411E-2	1.99265E+0	1.00118E-5	1.00008E+0	7.41433E-9
1.17965E-2	1.99373E+0	2.12833E-5	9.99940E-1	8.59480E-9
1.24518E-2	1.99265E+0	1.38127E-5	1.00007E+0	7.15475E-9
1.31072E-2	1.99319E+0	2.67229E-6	9.99935E-1	6.17776E-9
1.37626E-2	1.99346E+0	9.61866E-6	1.00012E+0	4.81853E-9
1.44179E-2	1.99319E+0	1.25021E-5	9.99925E-1	4.93168E-9
1.50733E-2	1.99238E+0	1.48612E-5	1.00005E+0	3.41175E-9
1.57286E-2	1.99319E+0	1.09293E-5	9.99912E-1	3.84011E-9
1.63840E-2	1.99346E+0	6.99739E-6	1.00010E+0	3.64756E-9
1.70394E-2	1.99130E+0	6.86632E-6	9.99878E-1	3.32000E-9
1.76947E-2	1.99319E+0	1.30263E-5	1.00007E+0	3.66373E-9
1.83501E-2	1.99346E+0	1.02740E-5	9.99997E-1	3.70034E-9
1.90054E-2	1.99265E+0	1.44680E-5	1.00009E+0	1.99357E-9
1.96608E-2	1.99292E+0	3.45867E-6	9.99838E-1	2.70813E-9
2.03162E-2	1.99238E+0	6.73526E-6	1.00010E+0	1.94365E-9
2.09715E-2	1.99373E+0	8.57015E-6	9.99995E-1	2.59498E-9
2.16269E-2	1.99481E+0	1.01429E-5	9.99984E-1	2.81843E-9
2.22822E-2	1.99346E+0	1.07982E-5	1.00001E+0	2.37724E-9
2.29376E-2	1.99238E+0	8.70121E-6	1.00001E+0	1.11499E-9
2.35930E-2	1.99211E+0	8.96334E-6	9.99944E-1	3.83821E-9
2.42483E-2	1.99238E+0	1.19778E-5	1.00002E+0	2.29023E-9
2.49037E-2	1.99292E+0	9.09440E-6	1.00007E+0	2.25981E-9
2.55590E-2	1.99346E+0	1.02740E-5	9.99952E-1	2.74759E-9
2.62144E-2	1.99238E+0	9.74972E-6	9.99959E-1	1.56617E-9
2.68698E-2	1.99346E+0	8.43908E-6	1.00005E+0	1.91085E-9
2.75251E-2	1.99104E+0	4.90037E-6	1.00001E+0	1.97883E-9
2.81805E-2	1.99238E+0	7.52164E-6	9.99980E-1	3.41128E-9
2.88358E-2	1.99292E+0	1.00118E-5	1.00003E+0	9.91856E-10
2.94912E-2	1.99319E+0	6.21101E-6	9.99927E-1	3.54487E-9
3.01466E-2	1.99265E+0	9.09440E-6	1.00000E+0	1.68930E-9
3.08019E-2	1.99292E+0	7.25951E-6	1.00008E+0	2.22225E-9
3.14573E-2	1.99508E+0	5.55569E-6	1.00003E+0	1.62179E-9
3.21126E-2	1.99211E+0	1.04050E-5	9.99952E-1	2.19135E-9
3.27680E-2	1.99265E+0	9.35653E-6	1.00003E+0	2.92492E-9
3.34234E-2	1.99211E+0	-3.88088E-6	9.99940E-1	2.14856E-9
3.40787E-2	1.99346E+0	9.09440E-6	9.99978E-1	5.96305E-10
3.47341E-2	1.99265E+0	1.11914E-5	1.00001E+0	3.18545E-9
3.53894E-2	1.99184E+0	9.35653E-6	9.99976E-1	1.91798E-9
3.60448E-2	1.99265E+0	1.11914E-5	1.00005E+0	2.45378E-9
3.67002E-2	1.99265E+0	7.91483E-6	9.99980E-1	2.48230E-9
3.73555E-2	1.99319E+0	6.34207E-6	1.00003E+0	1.82717E-9
3.80109E-2	1.99427E+0	1.27642E-5	9.99931E-1	1.38646E-9
3.86662E-2	1.99184E+0	1.02740E-5	1.00006E+0	1.72781E-9
3.93216E-2	1.99319E+0	5.55569E-6	1.00002E+0	2.93205E-9
3.99770E-2	-5.25689E-3	7.91483E-6	9.64136E-1	-2.30108E-8
4.06323E-2	-6.60537E-3	1.19778E-5	9.99173E-1	-1.02140E-7
4.12877E-2	-7.95385E-3	1.57786E-5	9.99838E-1	4.25278E-9
4.19430E-2	-7.68415E-3	7.06338E-7	1.00003E+0	9.69303E-9
4.25984E-2	-4.98719E-3	8.83228E-6	9.99976E-1	8.77071E-9
4.32538E-2	-8.76294E-3	9.35653E-6	1.00005E+0	8.04950E-9
4.39091E-2	-6.06598E-3	7.25951E-6	9.99963E-1	8.26344E-9
4.45645E-2	-8.76294E-3	1.04050E-5	9.99933E-1	6.61752E-9
4.52198E-2	-6.60537E-3	1.11914E-5	1.00003E+0	6.91134E-9
4.58752E-2	-5.79628E-3	6.99739E-6	1.00005E+0	5.25306E-9
4.65306E-2	-6.33567E-3	1.11914E-5	9.99963E-1	7.15855E-9
4.71859E-2	-6.60537E-3	1.65650E-5	1.00007E+0	5.14419E-9
4.78413E-2	-5.79628E-3	8.30802E-6	9.99885E-1	4.94547E-9
4.84966E-2	-6.06598E-3	1.10604E-5	1.00007E+0	6.80627E-9
4.91520E-2	-5.52658E-3	7.78377E-6	9.99961E-1	3.88290E-9
4.98074E-2	-6.60537E-3	1.49923E-5	1.00000E+0	6.17586E-9
5.04627E-2	-5.79628E-3	1.14535E-5	1.00003E+0	4.76576E-9
5.11181E-2	-7.14476E-3	9.35653E-6	1.00004E+0	4.68161E-9
5.17734E-2	-4.98719E-3	9.09440E-6	9.99944E-1	3.93662E-9
5.24288E-2	-5.52658E-3	7.25951E-6	9.99980E-1	5.73229E-9
5.30842E-2	-6.60537E-3	5.42462E-6	1.00001E+0	4.75435E-9
5.37395E-2	-5.52658E-3	1.40748E-5	1.00001E+0	5.09285E-9
5.43949E-2	-5.25689E-3	9.88078E-6	9.99978E-1	4.37591E-9
5.50502E-2	-5.52658E-3	1.19778E-5	1.00004E+0	2.90068E-9
5.57056E-2	-6.33567E-3	7.06338E-7	9.99973E-1	5.63578E-9
5.63610E-2	-6.87507E-3	9.35653E-6	9.99971E-1	5.06622E-9
5.70163E-2	-6.33567E-3	8.43908E-6	1.00007E+0	2.36820E-9
5.76717E-2	-6.60537E-3	7.12845E-6	9.99938E-1	6.23719E-9
5.83270E-2	-6.06598E-3	4.90037E-6	9.99995E-1	3.59337E-9
5.89824E-2	-5.79628E-3	3.85186E-6	1.00009E+0	4.34120E-9
5.96378E-2	-6.60537E-3	1.99727E-5	9.99995E-1	4.22092E-9
6.02931E-2	-7.14476E-3	5.29356E-6	9.99921E-1	4.03884E-9
6.09485E-2	-4.71749E-3	1.01429E-5	1.00011E+0	3.63853E-9
6.16038E-2	-7.14476E-3	1.09293E-5	1.00002E+0	4.68636E-9
6.22592E-2	-5.79628E-3	9.88078E-6	9.99891E-1	4.53375E-9
6.29146E-2	-4.71749E-3	1.60408E-5	1.00004E+0	2.75044E-9
6.35699E-2	-4.71749E-3	1.60408E-5	9.99978E-1	5.36479E-9
6.42253E-2	-3.36901E-3	-4.73234E-7	1.00005E+0	2.59926E-9
6.48806E-2	-6.87507E-3	1.38127E-5	9.99954E-1	4.09256E-9
6.55360E-2	-7.41446E-3	1.17157E-5	9.99971E-1	5.13373E-9
6.61914E-2	-6.87507E-3	7.78377E-6	1.00001E+0	3.90524E-9
6.68467E-2	-6.33567E-3	6.60420E-6	1.00006E+0	2.80416E-9
6.75021E-2	-5.25689E-3	6.21101E-6	9.99995E-1	4.97779E-9
6.81574E-2	-5.52658E-3	8.83228E-6	9.99988E-1	3.95801E-9
6.88128E-2	-4.98719E-3	1.26331E-5	1.00002E+0	3.80731E-9
6.94682E-2	-6.33567E-3	9.35653E-6	1.00003E+0	3.04330E-9
7.01235E-2	-4.17810E-3	1.42059E-5	9.99942E-1	3.96182E-9
7.07789E-2	-7.41446E-3	1.18467E-5	1.00006E+0	3.57245E-9
7.14342E-2	-4.44780E-3	2.40356E-5	9.99838E-1	4.64215E-9
7.20896E-2	-4.98719E-3	1.11914E-5	1.00008E+0	2.58404E-9
7.27450E-2	-5.52658E-3	1.34195E-5	1.00006E+0	4.41870E-9
7.34003E-2	-6.06598E-3	5.29356E-6	1.00001E+0	3.62046E-9
7.40557E-2	-6.33567E-3	6.34207E-6	9.99935E-1	4.42060E-9
7.47110E-2	-6.87507E-3	8.43908E-6	1.00001E+0	2.99005E-9
7.53664E-2	-6.87507E-3	7.78377E-6	1.00001E+0	4.63121E-9
7.60218E-2	-4.98719E-3	1.11914E-5	9.99944E-1	3.66610E-9
7.66771E-2	-6.06598E-3	7.39058E-6	1.00000E+0	3.32856E-9
7.73325E-2	-6.06598E-3	2.01037E-5	9.99948E-1	3.55391E-9
7.79878E-2	-9.03264E-3	7.52164E-6	1.00013E+0	3.71840E-9
7.86432E-2	-6.60537E-3	2.93442E-6	1.00002E+0	4.21332E-9
7.92986E-2	-5.79628E-3	9.35653E-6	9.99946E-1	2.25790E-9
7.99539E-2	-5.79628E-3	1.01429E-5	9.99990E-1	5.16511E-9
8.06093E-2	-7.68415E-3	6.73526E-6	9.99995E-1	2.00641E-9
8.12646E-2	-8.22355E-3	1.10604E-5	1.00011E+0	4.91599E-9
8.19200E-2	-7.41446E-3	1.01429E-5	9.99908E-1	3.67894E-9
8.25754E-2	-4.71749E-3	1.99727E-5	1.00001E+0	3.55438E-9
8.32307E-2	-6.87507E-3	2.35114E-5	1.00001E+0	4.11490E-9
8.38861E-2	-5.52658E-3	1.13225E-5	9.99973E-1	2.73523E-9
8.45414E-2	-5.79628E-3	7.39058E-6	9.99971E-1	4.10159E-9
8.51968E-2	-6.06598E-3	1.14535E-5	9.99971E-1	3.47641E-9
8.58522E-2	-6.33567E-3	8.83228E-6	1.00013E+0	3.08942E-9
8.65075E-2	-6.60537E-3	1.04050E-5	9.99885E-1	4.07734E-9
8.71629E-2	-6.06598E-3	-4.27408E-6	9.99995E-1	3.43267E-9
8.78182E-2	-6.33567E-3	7.39058E-6	1.00011E+0	3.31239E-9
8.84736E-2	-6.06598E-3	8.57015E-6	9.99927E-1	4.06118E-9
8.91290E-2	-5.79628E-3	6.47313E-6	9.99973E-1	3.59146E-9
8.97843E-2	-6.06598E-3	1.18467E-5	1.00008E+0	2.97009E-9
9.04397E-2	-5.79628E-3	1.34195E-5	9.99982E-1	3.06089E-9
9.10950E-2	-6.60537E-3	1.14535E-5	9.99986E-1	3.55533E-9
9.17504E-2	-6.87507E-3	1.82688E-5	9.99973E-1	4.08115E-9
9.24058E-2	-5.79628E-3	9.88078E-6	1.00004E+0	3.62189E-9
9.30611E-2	-4.98719E-3	7.52164E-6	1.00003E+0	3.30954E-9
9.37165E-2	-6.33567E-3	1.36816E-5	1.00001E+0	3.52063E-9
9.43718E-2	-5.25689E-3	9.88078E-6	1.00000E+0	3.36849E-9
9.50272E-2	-7.41446E-3	7.78377E-6	9.99929E-1	3.93091E-9
9.56826E-2	-6.33567E-3	1.01429E-5	1.00002E+0	3.10273E-9
9.63379E-2	-5.52658E-3	9.09440E-6	1.00007E+0	3.69701E-9
9.69933E-2	-4.17810E-3	1.49272E-6	9.99938E-1	4.02552E-9
9.76486E-2	-7.14476E-3	2.18076E-5	9.99969E-1	3.16121E-9
9.83040E-2	-6.60537E-3	5.68675E-6	1.00007E+0	2.49467E-9
9.89594E-2	-7.41446E-3	5.29356E-6	1.00000E+0	5.01630E-9
9.96147E-2	1.99616E+0	1.78757E-5	1.05149E+0	-3.10326E-7
1.00270E-1	1.99427E+0	1.02740E-5	1.00052E+0	-3.66240E-8
1.00925E-1	1.99265E+0	1.19778E-5	9.99872E-1	-2.37496E-8
1.01581E-1	1.99319E+0	1.07982E-5	9.99980E-1	-1.57040E-8
1.02236E-1	1.99292E+0	7.39058E-6	9.99948E-1	-1.26575E-8
1.02892E-1	1.99319E+0	9.48759E-6	1.00008E+0	-1.09289E-8
1.03547E-1	1.99427E+0	1.45991E-5	1.00004E+0	-8.33497E-9
1.04202E-1	1.99265E+0	7.06338E-7	9.99828E-1	-7.56051E-9
1.04858E-1	1.99427E+0	9.74972E-6	1.00012E+0	-6.55166E-9
1.05513E-1	1.99292E+0	5.55569E-6	1.00002E+0	-5.12255E-9
1.06168E-1	1.99427E+0	9.61866E-6	1.00002E+0	-5.04077E-9
1.06824E-1	1.99292E+0	1.02740E-5	9.99988E-1	-4.60386E-9
1.07479E-1	1.99751E+0	6.73526E-6	1.00002E+0	-3.49755E-9
1.08134E-1	1.99400E+0	1.39438E-5	9.99988E-1	-3.42719E-9
1.08790E-1	1.99211E+0	9.48759E-6	9.99927E-1	-2.43308E-9
1.09445E-1	1.99292E+0	7.52164E-6	9.99908E-1	-3.27030E-9
1.10100E-1	1.99238E+0	1.66961E-5	1.00011E+0	-1.72946E-9
1.10756E-1	1.99319E+0	1.10604E-5	9.99938E-1	-2.44164E-9
1.11411E-1	1.99346E+0	9.88078E-6	1.00005E+0	-3.36016E-9
1.12067E-1	1.99373E+0	1.47301E-5	1.00003E+0	-5.43281E-10
1.12722E-1	1.99319E+0	6.21101E-6	9.99933E-1	-2.76540E-9
1.13377E-1	1.99373E+0	9.61866E-6	1.00003E+0	-1.07195E-9
1.14033E-1	1.99292E+0	-3.74982E-6	9.99982E-1	-1.39619E-9
1.14688E-1	1.99373E+0	1.31574E-5	9.99967E-1	-6.26005E-10
1.15343E-1	1.99265E+0	7.52164E-6	1.00014E+0	-1.73897E-9
1.15999E-1	1.99373E+0	7.65270E-6	1.00001E+0	-7.37253E-10
1.16654E-1	1.99292E+0	9.74972E-6	9.99923E-1	-3.13652E-10
1.17309E-1	1.99346E+0	1.25021E-5	9.99988E-1	-5.97479E-10
1.17965E-1	1.99454E+0	1.45991E-5	9.99959E-1	-1.21172E-9
1.18620E-1	1.99238E+0	9.61866E-6	1.00004E+0	-1.16894E-9
1.19276E-1	1.99346E+0	8.96334E-6	1.00002E+0	-2.80373E-10
1.19931E-1	1.99373E+0	1.09293E-5	9.99984E-1	3.97579E-10
1.20586E-1	1.99508E+0	1.01429E-5	1.00001E+0	-1.40094E-9
1.21242E-1	1.99319E+0	8.57015E-6	9.99948E-1	2.00754E-10
1.21897E-1	1.99265E+0	1.01429E-5	1.00009E+0	-4.01130E-10
1.22552E-1	1.99238E+0	9.88078E-6	9.99973E-1	-4.49623E-10
1.23208E-1	1.99346E+0	7.52164E-6	9.99980E-1	-3.47407E-10
1.23863E-1	1.99319E+0	2.14144E-5	9.99952E-1	3.07249E-10
1.24518E-1	1.99346E+0	1.17157E-5	1.00000E+0	-3.22210E-10
1.25174E-1	1.99238E+0	9.09440E-6	1.00012E+0	7.85708E-11
1.25829E-1	1.99211E+0	4.50718E-6	9.99959E-1	-9.66882E-10
1.26484E-1	1.99373E+0	-2.17706E-6	9.99916E-1	-3.85441E-10
1.27140E-1	1.99319E+0	9.09440E-6	1.00011E+0	1.07220E-9
1.27795E-1	1.99184E+0	7.39058E-6	9.99851E-1	-4.84804E-10
1.28451E-1	1.99319E+0	1.18467E-5	1.00008E+0	6.43372E-10
1.29106E-1	1.99265E+0	1.21089E-5	9.99925E-1	-1.94321E-10
1.29761E-1	1.99373E+0	9.48759E-6	1.00009E+0	2.23574E-10
1.30417E-1	1.99427E+0	1.00118E-5	9.99940E-1	1.54638E-10
1.31072E-1	1.99104E+0	9.61866E-6	1.00010E+0	-6.12217E-10
1.31727E-1	1.99265E+0	9.61866E-6	9.99916E-1	1.05651E-9
1.32383E-1	1.99238E+0	8.83228E-6	9.99990E-1	-4.93837E-10
1.33038E-1	1.99319E+0	1.07982E-5	1.00005E+0	1.12783E-9
1.33693E-1	1.99157E+0	9.68465E-7	9.99982E-1	1.61294E-10
1.34349E-1	1.99454E+0	9.35653E-6	1.00001E+0	-5.05723E-10
1.35004E-1	1.99346E+0	1.17157E-5	9.99986E-1	4.56056E-10
1.35660E-1	1.99319E+0	8.17696E-6	1.00007E+0	2.52100E-10
1.36315E-1	1.99373E+0	9.35653E-6	9.99952E-1	2.77006E-11
1.36970E-1	1.99319E+0	1.40748E-5	9.99935E-1	1.21626E-9
1.37626E-1	1.99184E+0	1.43369E-5	1.00004E+0	1.76508E-10
1.38281E-1	1.99292E+0	1.10604E-5	1.00007E+0	-5.12379E-10
1.38936E-1	1.99130E+0	8.37401E-7	9.99891E-1	9.83774E-10
1.39592E-1	-7.41446E-3	1.49923E-5	9.47269E-1	3.14615E-7
1.40247E-1	-5.25689E-3	1.13225E-5	9.99669E-1	3.99712E-8
1.40902E-1	-5.79628E-3	8.37401E-7	9.99944E-1	2.78988E-8
1.41558E-1	-7.68415E-3	8.57015E-6	1.00000E+0	1.99027E-8
1.42213E-1	-5.52658E-3	9.74972E-6	1.00004E+0	1.59852E-8
1.42868E-1	-6.33567E-3	9.74972E-6	1.00001E+0	1.44625E-8
1.43524E-1	-5.79628E-3	9.35653E-6	1.00005E+0	1.13513E-8
1.44179E-1	-7.41446E-3	8.43908E-6	9.99982E-1	1.10946E-8
1.44835E-1	-7.41446E-3	1.28952E-5	1.00001E+0	1.19722E-8
1.45490E-1	-6.33567E-3	1.66961E-5	1.00005E+0	8.51636E-9
1.46145E-1	-6.60537E-3	9.74972E-6	9.99980E-1	7.97580E-9
1.46801E-1	-6.87507E-3	9.22547E-6	1.00002E+0	9.00414E-9
1.47456E-1	-4.98719E-3	1.13225E-5	9.99988E-1	8.42128E-9
1.48111E-1	-7.14476E-3	1.04050E-5	9.99906E-1	5.99282E-9
1.48767E-1	-4.98719E-3	1.09293E-5	1.00017E+0	7.23747E-9
1.49422E-1	-7.68415E-3	6.21101E-6	9.99921E-1	6.89279E-9
1.50077E-1	-6.06598E-3	7.39058E-6	9.99942E-1	6.55810E-9
1.50733E-1	-9.30233E-3	1.51233E-5	1.00001E+0	5.89678E-9
1.51388E-1	-6.60537E-3	7.12845E-6	1.00000E+0	6.14591E-9
1.52044E-1	-6.06598E-3	1.06672E-5	9.99997E-1	6.26001E-9
1.52699E-1	-6.06598E-3	1.15846E-5	1.00002E+0	4.98588E-9
1.53354E-1	-8.22355E-3	7.12845E-6	9.99967E-1	4.80997E-9
1.54010E-1	-5.52658E-3	6.99739E-6	1.00007E+0	5.31439E-9
1.54665E-1	-5.79628E-3	8.43908E-6	1.00004E+0	4.83517E-9
1.55320E-1	-6.87507E-3	1.01429E-5	9.99910E-1	4.96543E-9
1.55976E-1	-5.52658E-3	8.17696E-6	1.00003E+0	6.19963E-9
1.56631E-1	-7.68415E-3	7.52164E-6	9.99992E-1	3.48259E-9
1.57286E-1	-6.87507E-3	5.94888E-6	1.00001E+0	5.91105E-9
1.57942E-1	-6.06598E-3	1.19778E-5	1.00005E+0	4.23091E-9
1.58597E-1	-5.79628E-3	1.14535E-5	9.99965E-1	5.14752E-9
1.59252E-1	-4.71749E-3	7.52164E-6	1.00003E+0	3.88100E-9
1.59908E-1	-6.60537E-3	8.17696E-6	1.00007E+0	4.24564E-9
1.60563E-1	-6.60537E-3	1.01429E-5	9.99916E-1	3.70984E-9
1.61219E-1	-6.87507E-3	-3.35663E-6	9.99984E-1	6.28758E-9
1.61874E-1	-6.87507E-3	2.19386E-5	9.99999E-1	4.13392E-9
1.62529E-1	-5.52658E-3	1.06672E-5	1.00007E+0	3.19401E-9
1.63185E-1	-6.87507E-3	8.70121E-6	9.99883E-1	4.47147E-9
1.63840E-1	-6.06598E-3	1.22399E-5	1.00001E+0	4.58747E-9
1.64495E-1	-5.25689E-3	9.74972E-6	1.00001E+0	4.62598E-9
1.65151E-1	-6.87507E-3	9.88078E-6	1.00002E+0	2.67152E-9
1.65806E-1	-5.79628E-3	1.21089E-5	1.00002E+0	5.24546E-9
1.66461E-1	-4.71749E-3	5.42462E-6	1.00003E+0	3.21208E-9
1.67117E-1	-6.60537E-3	8.83228E-6	9.99954E-1	4.85989E-9
1.67772E-1	-6.60537E-3	1.15846E-5	1.00003E+0	4.03218E-9
1.68428E-1	-6.06598E-3	9.09440E-6	9.99904E-1	3.43505E-9
1.69083E-1	-6.06598E-3	5.94888E-6	1.00009E+0	3.44694E-9
1.69738E-1	-6.06598E-3	1.00118E-5	9.99967E-1	5.25401E-9
1.70394E-1	-4.71749E-3	9.74972E-6	1.00001E+0	2.51321E-9
1.71049E-1	-5.52658E-3	1.49923E-5	9.99959E-1	4.68684E-9
1.71704E-1	-4.44780E-3	1.82084E-7	1.00007E+0	4.41965E-9
1.72360E-1	-4.44780E-3	1.06672E-5	1.00001E+0	2.61257E-9
1.73015E-1	-5.52658E-3	1.55165E-5	9.99927E-1	3.76737E-9
1.73670E-1	-6.06598E-3	9.61866E-6	1.00009E+0	4.22948E-9
1.74326E-1	-5.52658E-3	1.17157E-5	9.99973E-1	3.56484E-9
1.74981E-1	-5.25689E-3	1.14535E-5	1.00002E+0	3.84439E-9
1.75636E-1	-4.71749E-3	1.63029E-5	9.99992E-1	4.44722E-9
1.76292E-1	-6.60537E-3	8.96334E-6	1.00007E+0	3.06042E-9
1.76947E-1	-7.95385E-3	1.13225E-5	9.99868E-1	4.79285E-9
1.77603E-1	-3.36901E-3	1.17157E-5	1.00001E+0	2.53698E-9
1.78258E-1	-4.98719E-3	1.44680E-5	1.00002E+0	4.05120E-9
1.78913E-1	-6.60537E-3	8.70121E-6	1.00008E+0	3.62189E-9
1.79569E-1	-5.52658E-3	1.15846E-5	1.00002E+0	3.82727E-9
1.80224E-1	-6.60537E-3	1.22399E-5	9.99895E-1	4.21807E-9
1.80879E-1	-6.06598E-3	1.35506E-5	9.99946E-1	3.39797E-9
1.81535E-1	-7.41446E-3	3.98293E-6	1.00010E+0	3.52063E-9
1.82190E-1	-4.71749E-3	1.06672E-5	9.99997E-1	4.14485E-9
1.82845E-1	-5.25689E-3	6.60420E-6	9.99986E-1	3.58338E-9
1.83501E-1	-5.52658E-3	1.40748E-5	1.00002E+0	3.06184E-9
1.84156E-1	-8.22355E-3	2.67229E-6	9.99921E-1	3.56769E-9
1.84812E-1	-6.06598E-3	9.22547E-6	1.00003E+0	3.38418E-9
1.85467E-1	-4.71749E-3	7.78377E-6	9.99971E-1	3.99842E-9
1.86122E-1	-6.60537E-3	3.06548E-6	1.00003E+0	2.83031E-9
1.86778E-1	-5.79628E-3	9.74972E-6	1.00009E+0	4.03266E-9
1.87433E-1	-4.98719E-3	1.04050E-5	9.99942E-1	2.98673E-9
1.88088E-1	-6.06598E-3	1.14535E-5	1.00000E+0	4.72202E-9
1.88744E-1	-4.44780E-3	6.21101E-6	9.99948E-1	3.21065E-9
1.89399E-1	-5.25689E-3	9.61866E-6	1.00004E+0	2.88879E-9
1.90054E-1	-6.33567E-3	7.25951E-6	9.99997E-1	3.77165E-9
1.90710E-1	-5.25689E-3	1.14535E-5	1.00003E+0	2.96914E-9
1.91365E-1	-5.52658E-3	7.91483E-6	9.99984E-1	3.59527E-9
1.92020E-1	-6.33567E-3	4.76931E-6	9.99973E-1	4.31268E-9
1.92676E-1	-4.98719E-3	9.35653E-6	1.00006E+0	2.61352E-9
1.93331E-1	-6.33567E-3	5.75274E-7	9.99929E-1	4.96829E-9
1.93987E-1	-5.25689E-3	1.05361E-5	1.00001E+0	2.09579E-9
1.94642E-1	-6.60537E-3	1.40748E-5	1.00005E+0	3.73932E-9
1.95297E-1	-6.33567E-3	8.43908E-6	1.00004E+0	3.62760E-9
1.95953E-1	-3.63871E-3	1.66961E-5	9.99925E-1	3.11176E-9
1.96608E-1	-5.79628E-3	8.17696E-6	1.00000E+0	3.37847E-9
1.97263E-1	-6.06598E-3	1.06672E-5	9.99982E-1	4.00128E-9
1.97919E-1	-4.44780E-3	2.32493E-5	1.00009E+0	3.47784E-9
1.98574E-1	-6.60537E-3	1.04050E-5	9.99986E-1	3.76309E-9
1.99229E-1	-5.52658E-3	9.48759E-6	9.99885E-1	3.17214E-9
1.99885E-1	1.99157E+0	1.21089E-5	1.05280E+0	-3.30147E-7
2.00540E-1	1.99454E+0	1.48612E-5	9.99893E-1	-3.04934E-8
2.01196E-1	1.99265E+0	1.48612E-5	1.00003E+0	-1.90400E-8
2.01851E-1	1.99346E+0	9.61866E-6	1.00001E+0	-1.47018E-8
2.02506E-1	1.99346E+0	1.00118E-5	9.99857E-1	-1.18845E-8
2.03162E-1	1.99265E+0	1.31574E-5	1.00006E+0	-8.66967E-9
2.03817E-1	1.99211E+0	1.31574E-5	1.00001E+0	-8.40391E-9
2.04472E-1	1.99238E+0	1.09293E-5	9.99952E-1	-7.36701E-9
2.05128E-1	1.99265E+0	8.30802E-6	1.00003E+0	-5.94740E-9
2.05783E-1	1.99265E+0	6.86632E-6	9.99997E-1	-5.86420E-9
2.06438E-1	1.99265E+0	-3.42170E-7	1.00003E+0	-3.65254E-9
2.07094E-1	1.99265E+0	8.04589E-6	1.00005E+0	-4.36520E-9
2.07749E-1	1.99211E+0	1.06672E-5	9.99868E-1	-3.92924E-9
2.08404E-1	1.99346E+0	3.45867E-6	9.99992E-1	-2.77872E-9
2.09060E-1	1.99319E+0	9.35653E-6	1.00004E+0	-4.18216E-9
2.09715E-1	1.99130E+0	3.32761E-6	1.00001E+0	-2.45828E-9
2.10371E-1	1.99589E+0	1.49272E-6	1.00001E+0	-2.78014E-9
2.11026E-1	1.99400E+0	1.17157E-5	9.99973E-1	-1.74800E-9
2.11681E-1	1.99373E+0	7.65270E-6	9.99992E-1	-1.41711E-9
2.12337E-1	1.99346E+0	8.83228E-6	9.99931E-1	-1.84499E-9
2.12992E-1	1.99454E+0	8.83228E-6	1.00006E+0	-1.51695E-9
2.13647E-1	1.99184E+0	9.09440E-6	1.00009E+0	-2.24862E-9
2.14303E-1	1.99346E+0	1.18467E-5	9.99957E-1	-7.49905E-11
2.14958E-1	1.99400E+0	7.65270E-6	9.99963E-1	-2.00425E-9
2.15613E-1	1.99454E+0	6.60420E-6	1.00012E+0	-9.25996E-10
2.16269E-1	1.99292E+0	1.22399E-5	9.99963E-1	-1.17512E-9
2.16924E-1	1.99319E+0	1.00118E-5	9.99900E-1	-4.15868E-10
2.17580E-1	1.99130E+0	1.32884E-5	1.00007E+0	-7.73385E-10
2.18235E-1	1.99373E+0	2.37735E-5	9.99927E-1	-1.04675E-9
2.18890E-1	1.99427E+0	4.76931E-6	1.00007E+0	-1.04105E-9
2.19546E-1	1.99319E+0	6.47313E-6	9.99961E-1	2.46395E-10
2.20201E-1	1.99292E+0	1.25021E-5	9.99957E-1	-8.38994E-10
2.20856E-1	1.99373E+0	6.73526E-6	9.99984E-1	-5.60872E-10
2.21512E-1	1.99211E+0	8.70121E-6	1.00003E+0	-2.78947E-10
2.22167E-1	1.99346E+0	8.43908E-6	1.00002E+0	-7.62451E-10
2.22822E-1	1.99319E+0	2.93442E-6	1.00004E+0	-7.03023E-10
2.23478E-1	1.99346E+0	1.04050E-5	1.00000E+0	1.12801E-10
2.24133E-1	1.99292E+0	1.05361E-5	9.99935E-1	-1.79108E-10
2.24788E-1	1.99373E+0	1.04050E-5	9.99988E-1	-4.57230E-10
2.25444E-1	1.99373E+0	1.14535E-5	1.00011E+0	3.35774E-10
2.26099E-1	1.99292E+0	5.94888E-6	9.99973E-1	-5.54216E-10
2.26755E-1	1.99346E+0	1.15846E-5	1.00001E+0	-4.43918E-10
2.27410E-1	1.99238E+0	9.35653E-6	9.99944E-1	8.53033E-10
2.28065E-1	1.99292E+0	1.02740E-5	1.00004E+0	2.52100E-10
2.28721E-1	1.99346E+0	8.43908E-6	9.99954E-1	-1.06862E-9
2.29376E-1	1.99184E+0	5.94888E-6	1.00001E+0	1.00089E-9
2.30031E-1	1.99346E+0	7.12845E-6	9.99914E-1	-4.30131E-10
2.30687E-1	1.99265E+0	6.73526E-6	1.00005E+0	4.88860E-10
2.31342E-1	1.99427E+0	2.07591E-5	9.99978E-1	2.96023E-11
2.31997E-1	1.99373E+0	1.11914E-5	1.00012E+0	-8.48502E-10
2.32653E-1	1.99265E+0	1.62378E-6	9.99944E-1	8.80608E-10
2.33308E-1	1.99481E+0	8.57015E-6	9.99940E-1	-8.43145E-12
2.33964E-1	1.99130E+0	1.27642E-5	1.00006E+0	7.56998E-10
2.34619E-1	1.99346E+0	1.04050E-5	9.99971E-1	-1.08146E-9
2.35274E-1	1.99319E+0	8.83228E-6	1.00001E+0	1.02609E-9
2.35930E-1	1.99319E+0	6.86632E-6	1.00001E+0	5.59698E-10
2.36585E-1	1.99400E+0	6.34207E-6	1.00002E+0	7.37030E-10
2.37240E-1	1.99346E+0	9.22547E-6	9.99982E-1	-7.23466E-10
2.37896E-1	1.99319E+0	2.01697E-6	9.99984E-1	5.99633E-10
2.38551E-1	1.99319E+0	1.06672E-5	1.00007E+0	-4.39639E-10
2.39206E-1	1.99319E+0	7.39058E-6	9.99980E-1	3.36725E-10
2.39862E-1	-4.71749E-3	3.45867E-6	9.46665E-1	3.34155E-7
2.40517E-1	-8.49324E-3	1.13225E-5	1.00009E+0	3.35768E-8
2.41172E-1	-6.33567E-3	1.26331E-5	9.99984E-1	2.40474E-8
2.41828E-1	-6.33567E-3	1.42059E-5	1.00003E+0	1.73763E-8
2.42483E-1	-7.41446E-3	7.65270E-6	1.00002E+0	1.51708E-8
2.43139E-1	-6.60537E-3	7.12845E-6	1.00004E+0	1.38872E-8
2.43794E-1	-6.87507E-3	4.76931E-6	9.99990E-1	1.21277E-8
2.44449E-1	-7.14476E-3	1.17157E-5	1.00001E+0	1.01057E-8
2.45105E-1	-5.79628E-3	1.48612E-5	9.99986E-1	9.94738E-9
2.45760E-1	-5.79628E-3	5.03143E-6	9.99978E-1	9.66213E-9
2.46415E-1	-5.79628E-3	9.74972E-6	1.00007E+0	8.12842E-9
2.47071E-1	-6.60537E-3	9.35653E-6	9.99927E-1	7.55696E-9
2.47726E-1	-7.68415E-3	1.07982E-5	1.00003E+0	7.36156E-9
2.48381E-1	-5.79628E-3	1.34195E-5	9.99963E-1	7.83033E-9
2.49037E-1	-4.71749E-3	9.09440E-6	1.00004E+0	7.21180E-9
2.49692E-1	-6.33567E-3	9.35653E-6	9.99971E-1	6.09408E-9
2.50348E-1	-6.87507E-3	1.43369E-5	1.00008E+0	6.34891E-9
2.51003E-1	-6.06598E-3	-3.09450E-6	1.00000E+0	5.11281E-9
2.51658E-1	-5.79628E-3	9.88078E-6	9.99910E-1	5.73847E-9
2.52314E-1	-5.25689E-3	1.21089E-5	1.00003E+0	6.28330E-9
2.52969E-1	-6.87507E-3	3.98293E-6	1.00004E+0	3.96610E-9
2.53624E-1	-5.52658E-3	8.96334E-6	9.99965E-1	5.65432E-9
2.54280E-1	-6.60537E-3	9.48759E-6	1.00009E+0	5.97856E-9
2.54935E-1	-6.60537E-3	1.19778E-5	9.99862E-1	4.52282E-9
2.55590E-1	-4.98719E-3	1.15846E-5	1.00007E+0	4.34025E-9
2.56246E-1	-6.06598E-3	-1.78387E-6	9.99929E-1	5.04150E-9
2.56901E-1	-7.14476E-3	1.18467E-5	1.00003E+0	4.49999E-9
2.57556E-1	-6.87507E-3	8.96334E-6	1.00004E+0	5.93577E-9
2.58212E-1	-5.79628E-3	1.35506E-5	1.00004E+0	4.04311E-9
2.58867E-1	-6.33567E-3	1.35506E-5	9.99895E-1	4.73533E-9
2.59523E-1	-6.87507E-3	1.25021E-5	1.00004E+0	5.14990E-9
2.60178E-1	-6.87507E-3	8.43908E-6	1.00006E+0	3.90667E-9
2.60833E-1	-6.87507E-3	8.04589E-6	9.99938E-1	4.49952E-9
2.61489E-1	-5.52658E-3	7.65270E-6	1.00002E+0	4.33883E-9
2.62144E-1	-6.06598E-3	1.17157E-5	9.99963E-1	4.07592E-9
2.62799E-1	-4.98719E-3	7.91483E-6	1.00000E+0	4.52282E-9
2.63455E-1	-5.25689E-3	9.61866E-6	9.99986E-1	4.16530E-9
2.64110E-1	-7.95385E-3	7.25951E-6	1.00001E+0	4.17195E-9
2.64765E-1	-6.60537E-3	8.83228E-6	1.00005E+0	2.78372E-9
2.65421E-1	-7.95385E-3	9.74972E-6	9.99935E-1	5.07716E-9
2.66076E-1	-6.06598E-3	1.07982E-5	9.99957E-1	4.25230E-9
2.66732E-1	-4.17810E-3	1.09293E-5	1.00001E+0	3.04045E-9
2.67387E-1	-6.06598E-3	1.09293E-5	1.00008E+0	3.97751E-9
2.68042E-1	-5.25689E-3	1.38127E-5	1.00006E+0	4.21094E-9
2.68698E-1	-4.17810E-3	6.21101E-6	9.99988E-1	4.40776E-9
2.69353E-1	-6.87507E-3	1.13225E-5	9.99946E-1	2.74093E-9
2.70008E-1	-6.06598E-3	9.22547E-6	9.99982E-1	4.81282E-9
2.70664E-1	-7.41446E-3	1.09293E-5	1.00008E+0	3.34424E-9
2.71319E-1	-6.33567E-3	1.04050E-5	9.99986E-1	4.25705E-9
2.71974E-1	-4.71749E-3	1.11914E-5	1.00000E+0	3.12935E-9
2.72630E-1	-4.98719E-3	8.96334E-6	9.99933E-1	4.99681E-9
2.73285E-1	-6.33567E-3	7.12845E-6	9.99965E-1	2.31305E-9
2.73940E-1	-5.79628E-3	8.43908E-6	1.00007E+0	4.11395E-9
2.74596E-1	-5.79628E-3	5.68675E-6	1.00005E+0	3.74027E-9
2.75251E-1	-6.60537E-3	1.14535E-5	9.99948E-1	4.32504E-9
2.75907E-1	-7.41446E-3	1.06672E-5	9.99988E-1	3.20780E-9
2.76562E-1	-6.06598E-3	8.17696E-6	9.99944E-1	3.40938E-9
2.77217E-1	-7.41446E-3	1.00118E-5	1.00004E+0	4.31601E-9
2.77873E-1	-6.06598E-3	7.12845E-6	9.99938E-1	3.51777E-9
2.78528E-1	-4.44780E-3	9.48759E-6	1.00009E+0	3.42221E-9
2.79183E-1	-7.14476E-3	1.32884E-5	9.99923E-1	4.20523E-9
2.79839E-1	-5.52658E-3	9.09440E-6	1.00003E+0	3.70414E-9
2.80494E-1	-6.87507E-3	9.74972E-6	9.99978E-1	3.27388E-9
2.81149E-1	-4.98719E-3	4.37612E-6	1.00003E+0	3.84677E-9
2.81805E-1	-6.06598E-3	1.91863E-5	1.00003E+0	3.30621E-9
2.82460E-1	-6.60537E-3	1.05361E-5	1.00001E+0	3.44266E-9
2.83116E-1	-7.41446E-3	9.48759E-6	1.00005E+0	3.82822E-9
2.83771E-1	-7.14476E-3	2.80335E-6	9.99906E-1	2.97294E-9
2.84426E-1	-6.87507E-3	8.30802E-6	9.99992E-1	3.70271E-9
2.85082E-1	-6.06598E-3	3.06548E-6	1.00003E+0	3.96372E-9
2.85737E-1	-5.79628E-3	8.17696E-6	9.99986E-1	3.50208E-9
2.86392E-1	-6.33567E-3	1.13225E-5	9.99971E-1	2.81605E-9
2.87048E-1	-6.06598E-3	8.17696E-6	1.00002E+0	4.24469E-9
2.87703E-1	-7.41446E-3	8.83228E-6	9.99929E-1	2.87738E-9
2.88358E-1	-5.52658E-3	8.30802E-6	1.00016E+0	3.56246E-9
2.89014E-1	-4.98719E-3	1.02740E-5	9.99897E-1	4.28558E-9
2.89669E-1	-5.25689E-3	1.13225E-5	1.00007E+0	2.74807E-9
2.90324E-1	-5.52658E-3	7.25951E-6	1.00001E+0	3.22016E-9
2.90980E-1	-5.79628E-3	1.06672E-5	1.00001E+0	3.82537E-9
2.91635E-1	-7.14476E-3	1.09293E-5	9.99887E-1	3.28719E-9
2.92291E-1	-4.71749E-3	8.30802E-6	1.00010E+0	3.29385E-9
2.92946E-1	-6.33567E-3	8.37401E-7	1.00003E+0	4.13867E-9
2.93601E-1	-6.87507E-3	6.21101E-6	9.99950E-1	3.56532E-9
2.94257E-1	-6.87507E-3	8.57015E-6	9.99992E-1	2.59498E-9
2.94912E-1	-6.87507E-3	4.37612E-6	9.99988E-1	3.25296E-9
2.95567E-1	-7.41446E-3	1.49923E-5	1.00004E+0	3.06089E-9
2.96223E-1	-6.33567E-3	1.40748E-5	9.99967E-1	3.87719E-9
2.96878E-1	-6.87507E-3	5.03143E-6	9.99946E-1	3.72078E-9
2.97533E-1	-5.52658E-3	9.61866E-6	1.00008E+0	3.18878E-9
2.98189E-1	-5.25689E-3	7.91483E-6	1.00005E+0	4.14771E-9
2.98844E-1	-5.79628E-3	1.02740E-5	9.99925E-1	2.93396E-9
2.99500E-1	-6.33567E-3	6.86632E-6	1.05339E+0	-3.07705E-7
3.00155E-1	1.99535E+0	1.17157E-5	9.99053E-1	-3.68836E-8
3.00810E-1	1.99265E+0	1.05361E-5	9.99963E-1	-2.45773E-8
3.01466E-1	1.99319E+0	1.44680E-5	9.99859E-1	-1.64542E-8
3.02121E-1	1.99346E+0	1.19778E-5	1.00008E+0	-1.25429E-8
3.02776E-1	1.99292E+0	5.29356E-6	9.99978E-1	-1.12298E-8
3.03432E-1	1.99292E+0	1.13225E-5	9.99982E-1	-9.46648E-9
3.04087E-1	1.99400E+0	8.30802E-6	9.99881E-1	-7.07082E-9
3.04742E-1	1.99292E+0	7.91483E-6	1.00013E+0	-6.78177E-9
3.05398E-1	1.99238E+0	7.91483E-6	9.99954E-1	-4.54919E-9
3.06053E-1	1.99319E+0	8.30802E-6	9.99965E-1	-5.43965E-9
3.06708E-1	1.99292E+0	8.17696E-6	1.00005E+0	-4.09801E-9
3.07364E-1	1.99670E+0	1.55165E-5	1.00002E+0	-4.81495E-9
3.08019E-1	1.99130E+0	9.35653E-6	9.99980E-1	-3.62687E-9
3.08675E-1	1.99265E+0	1.32884E-5	9.99944E-1	-3.59597E-9
3.09330E-1	1.99346E+0	8.43908E-6	1.00004E+0	-2.08032E-9
3.09985E-1	1.99346E+0	1.21089E-5	9.99961E-1	-2.95938E-9
3.10641E-1	1.99427E+0	8.17696E-6	9.99948E-1	-2.42548E-9
3.11296E-1	1.99238E+0	8.04589E-6	1.00003E+0	-2.27857E-9
3.11951E-1	1.99373E+0	1.04050E-5	1.00006E+0	-1.66052E-9
3.12607E-1	1.99319E+0	1.05361E-5	1.00001E+0	-2.55669E-9
3.13262E-1	1.99481E+0	1.19778E-5	1.00001E+0	-4.67214E-10
3.13917E-1	1.99265E+0	1.30263E-5	9.99978E-1	-2.58997E-9
3.14573E-1	1.99211E+0	9.88078E-6	9.99971E-1	-1.39857E-9
3.15228E-1	1.99292E+0	4.76931E-6	9.99986E-1	-1.25594E-9
3.15884E-1	1.99238E+0	1.44680E-5	1.00004E+0	-1.44325E-9
3.16539E-1	1.99346E+0	1.14535E-5	9.99948E-1	4.49400E-10
3.17194E-1	1.99346E+0	9.35653E-6	1.00001E+0	-8.63240E-10
3.17850E-1	1.99265E+0	9.61866E-6	9.99997E-1	-9.60702E-10
3.18505E-1	1.99454E+0	7.39058E-6	1.00005E+0	-2.00502E-10
3.19160E-1	1.99238E+0	1.53855E-5	9.99897E-1	-1.78794E-9
3.19816E-1	1.99319E+0	9.22547E-6	1.00016E+0	-5.23313E-10
3.20471E-1	1.99157E+0	-7.15747E-6	9.99834E-1	-7.59598E-10
3.21126E-1	1.99238E+0	1.63029E-5	1.00013E+0	-3.36288E-11
3.21782E-1	1.99481E+0	5.55569E-6	9.99935E-1	-4.88132E-10
3.22437E-1	1.99400E+0	2.93442E-6	9.99988E-1	-1.39648E-10
3.23092E-1	1.99211E+0	9.61866E-6	1.00006E+0	-7.92693E-11
3.23748E-1	1.99238E+0	-1.05651E-5	9.99923E-1	-6.53104E-10
3.24403E-1	1.99346E+0	1.10604E-5	1.00009E+0	-6.50727E-10
3.25059E-1	1.99184E+0	8.70121E-6	9.99900E-1	-3.76408E-10
3.25714E-1	1.99454E+0	9.74972E-6	1.00004E+0	6.37192E-10
3.26369E-1	1.99319E+0	9.48759E-6	1.00004E+0	-6.45972E-10
3.27025E-1	1.99238E+0	5.68675E-6	9.99946E-1	-6.08889E-10
3.27680E-1	1.99211E+0	8.30802E-6	1.00003E+0	-9.11549E-11
3.28335E-1	1.99238E+0	3.06548E-6	9.99992E-1	1.18773E-9
3.28991E-1	1.99265E+0	5.94888E-6	1.00001E+0	-2.36450E-11
3.29646E-1	1.99104E+0	1.53855E-5	1.00008E+0	-1.11379E-9
3.30301E-1	1.99211E+0	1.31574E-5	9.99842E-1	4.80778E-10
3.30957E-1	1.99346E+0	9.88078E-6	1.00009E+0	6.39569E-10
3.31612E-1	1.99238E+0	1.19778E-5	9.99995E-1	-8.65142E-10
3.32268E-1	1.99292E+0	1.19778E-5	9.99978E-1	6.02961E-10
3.32923E-1	1.99346E+0	9.35653E-6	9.99980E-1	7.76199E-11
3.33578E-1	1.99400E+0	2.18076E-5	1.00007E+0	-2.02879E-10
3.34234E-1	1.99292E+0	1.53855E-5	9.99900E-1	1.60819E-10
3.34889E-1	1.99292E+0	6.60420E-6	1.00009E+0	1.52261E-10
3.35544E-1	1.99292E+0	1.31574E-5	1.00002E+0	-9.38229E-12
3.36200E-1	1.99373E+0	1.05361E-5	9.99957E-1	-2.21896E-10
3.36855E-1	1.99535E+0	1.13225E-5	9.99990E-1	1.93842E-9
3.37510E-1	1.99238E+0	1.01429E-5	1.00003E+0	-1.32725E-9
3.38166E-1	1.99238E+0	8.83228E-6	1.00003E+0	1.02846E-9
3.38821E-1	1.99346E+0	6.73526E-6	9.99862E-1	4.72220E-10
3.39476E-1	1.99184E+0	1.28952E-5	9.45106E-1	3.08188E-7
3.40132E-1	-7.68415E-3	1.02740E-5	1.00170E+0	4.41811E-8
3.40787E-1	-6.33567E-3	7.39058E-6	1.00017E+0	2.67806E-8
3.41443E-1	-6.06598E-3	1.34195E-5	9.99938E-1	2.06777E-8
3.42098E-1	-6.33567E-3	-3.42170E-7	1.00003E+0	1.62829E-8
3.42753E-1	-5.79628E-3	1.11914E-5	1.00003E+0	1.52246E-8
3.43409E-1	-7.41446E-3	1.52544E-5	9.99944E-1	1.22475E-8
3.44064E-1	-7.68415E-3	5.03143E-6	1.00000E+0	1.10622E-8
3.44719E-1	-6.60537E-3	1.07982E-5	1.00003E+0	1.00986E-8
3.45375E-1	-5.79628E-3	1.40748E-5	9.99980E-1	9.39874E-9
3.46030E-1	-6.06598E-3	1.78757E-5	1.00003E+0	8.31003E-9
3.46685E-1	-4.71749E-3	7.65270E-6	1.00007E+0	8.21637E-9
3.47341E-1	-6.06598E-3	9.22547E-6	9.99952E-1	7.09485E-9
3.47996E-1	-4.98719E-3	5.42462E-6	1.00001E+0	7.11006E-9
3.48652E-1	-6.33567E-3	6.99739E-6	9.99992E-1	7.82842E-9
3.49307E-1	-6.33567E-3	1.38127E-5	9.99976E-1	6.28616E-9
3.49962E-1	-5.25689E-3	1.13225E-5	9.99984E-1	6.35889E-9
3.50618E-1	-6.60537E-3	-1.39068E-6	1.00004E+0	5.36812E-9
3.51273E-1	-6.60537E-3	1.19778E-5	9.99967E-1	6.00280E-9
3.51928E-1	-5.25689E-3	2.54123E-6	1.00000E+0	5.83783E-9
3.52584E-1	-6.60537E-3	6.47313E-6	1.00007E+0	5.26210E-9
3.53239E-1	-6.33567E-3	1.23710E-5	1.00002E+0	5.64861E-9
3.53894E-1	-5.79628E-3	9.88078E-6	9.99950E-1	5.25354E-9
3.54550E-1	-6.60537E-3	3.98293E-6	9.99984E-1	5.20505E-9
3.55205E-1	-4.71749E-3	1.05361E-5	9.99984E-1	5.78981E-9
3.55860E-1	-6.60537E-3	3.45867E-6	1.00004E+0	3.63710E-9
3.56516E-1	-5.52658E-3	9.88078E-6	9.99952E-1	5.09665E-9
3.57171E-1	-6.87507E-3	7.52164E-6	9.99969E-1	4.84515E-9
3.57827E-1	-8.22355E-3	1.26331E-5	1.00012E+0	4.66925E-9
3.58482E-1	-6.33567E-3	9.48759E-6	9.99976E-1	4.63359E-9
3.59137E-1	-6.33567E-3	-2.30812E-6	1.00004E+0	4.27607E-9
3.59793E-1	-5.52658E-3	1.30263E-5	9.99883E-1	4.80522E-9
3.60448E-1	-6.60537E-3	6.60420E-6	1.00011E+0	4.14723E-9
3.61103E-1	-6.33567E-3	8.04589E-6	9.99887E-1	4.12108E-9
3.61759E-1	-6.06598E-3	1.60408E-5	1.00012E+0	3.50399E-9
3.62414E-1	-5.25689E-3	5.29356E-6	9.99893E-1	4.39302E-9
3.63069E-1	-5.52658E-3	1.11914E-5	1.00011E+0	4.18574E-9
3.63725E-1	-4.71749E-3	1.06672E-5	9.99912E-1	4.58937E-9
3.64380E-1	-6.33567E-3	8.43908E-6	9.99990E-1	3.64519E-9
3.65036E-1	-6.60537E-3	9.74972E-6	1.00003E+0	4.41489E-9
3.65691E-1	-6.06598E-3	8.17696E-6	1.00001E+0	3.57530E-9
3.66346E-1	-7.14476E-3	8.17696E-6	9.99999E-1	4.18241E-9
3.67002E-1	-5.52658E-3	1.13225E-5	9.99976E-1	3.49543E-9
3.67657E-1	-6.33567E-3	1.28952E-5	9.99952E-1	4.51711E-9
3.68312E-1	-6.87507E-3	1.30263E-5	1.00004E+0	2.71574E-9
3.68968E-1	-5.25689E-3	1.14535E-5	1.00005E+0	4.92217E-9
3.69623E-1	-7.14476E-3	1.09293E-5	9.99916E-1	2.91874E-9
3.70278E-1	-5.79628E-3	8.17696E-6	1.00005E+0	4.10682E-9
3.70934E-1	-5.79628E-3	8.43908E-6	9.99948E-1	4.48003E-9
3.71589E-1	-6.06598E-3	2.15454E-5	1.00002E+0	2.81035E-9
3.72244E-1	-6.60537E-3	1.04050E-5	9.99995E-1	4.84800E-9
3.72900E-1	-6.33567E-3	9.35653E-6	9.99990E-1	3.12175E-9
3.73555E-1	-4.71749E-3	6.73526E-6	1.00005E+0	3.22919E-9
3.74211E-1	-5.79628E-3	9.61866E-6	9.99982E-1	4.63121E-9
3.74866E-1	-6.60537E-3	1.62378E-6	9.99978E-1	3.42507E-9
3.75521E-1	-6.06598E-3	-8.00432E-8	9.99997E-1	2.73000E-9
3.76177E-1	-4.98719E-3	7.25951E-6	1.00005E+0	4.17861E-9
3.76832E-1	-4.44780E-3	8.70121E-6	9.99923E-1	3.25439E-9
3.77487E-1	-5.52658E-3	1.14535E-5	1.00006E+0	3.64851E-9
3.78143E-1	-5.79628E-3	4.37612E-6	9.99976E-1	4.52709E-9
3.78798E-1	-5.79628E-3	1.26331E-5	9.99984E-1	3.27293E-9
3.79453E-1	-4.17810E-3	1.14535E-5	9.99961E-1	3.84914E-9
3.80109E-1	-5.52658E-3	7.91483E-6	1.00009E+0	2.53127E-9
3.80764E-1	-5.79628E-3	7.25951E-6	9.99984E-1	3.81776E-9
3.81420E-1	-6.60537E-3	1.10604E-5	1.00004E+0	4.13772E-9
3.82075E-1	-5.25689E-3	8.17696E-6	9.99887E-1	2.76661E-9
3.82730E-1	-5.79628E-3	3.72080E-6	1.00008E+0	4.15436E-9
3.83386E-1	-6.87507E-3	8.70121E-6	9.99999E-1	3.45977E-9
3.84041E-1	-4.17810E-3	1.02740E-5	9.99990E-1	3.38608E-9
3.84696E-1	-6.60537E-3	1.06672E-5	9.99971E-1	3.06042E-9
3.85352E-1	-5.52658E-3	1.04050E-5	1.00007E+0	2.82508E-9
3.86007E-1	-6.06598E-3	9.22547E-6	9.99931E-1	4.19430E-9
3.86662E-1	-6.33567E-3	1.64340E-5	1.00009E+0	3.23965E-9
3.87318E-1	-6.33567E-3	9.35653E-6	1.00001E+0	3.60002E-9
3.87973E-1	-6.06598E-3	1.18467E-5	9.99929E-1	4.13012E-9
3.88628E-1	-5.79628E-3	1.83999E-5	9.99916E-1	2.81130E-9
3.89284E-1	-6.06598E-3	6.86632E-6	1.00009E+0	3.74170E-9
3.89939E-1	-5.25689E-3	7.39058E-6	9.99925E-1	3.00669E-9
3.90595E-1	-6.06598E-3	1.19778E-5	1.00014E+0	2.99338E-9
3.91250E-1	-5.25689E-3	9.88078E-6	9.99916E-1	4.18241E-9
3.91905E-1	-7.14476E-3	1.06672E-5	1.00001E+0	2.40433E-9
3.92561E-1	-5.52658E-3	6.60420E-6	9.99948E-1	3.86959E-9
3.93216E-1	-5.79628E-3	6.60420E-6	1.00002E+0	2.87215E-9
3.93871E-1	-5.52658E-3	1.19778E-5	1.00008E+0	3.82870E-9
3.94527E-1	-5.79628E-3	9.61866E-6	9.99895E-1	3.07183E-9
3.95182E-1	-6.87507E-3	1.19778E-5	1.00005E+0	2.93396E-9
3.95837E-1	-6.60537E-3	1.17157E-5	9.99988E-1	4.20809E-9
3.96493E-1	-4.98719E-3	8.70121E-6	9.99973E-1	3.28624E-9
3.97148E-1	-6.33567E-3	6.99739E-6	1.00005E+0	3.99985E-9
3.97804E-1	-5.52658E-3	7.52164E-6	1.00002E+0	1.90562E-9
3.98459E-1	-7.41446E-3	1.04050E-5	1.00004E+0	3.45216E-9
3.99114E-1	-4.98719E-3	1.78757E-5	9.99963E-1	3.70081E-9
3.99770E-1	1.99319E+0	9.74972E-6	1.05330E+0	-3.26716E-7
4.00425E-1	1.99373E+0	9.09440E-6	9.99927E-1	-3.19454E-8
4.01080E-1	1.99562E+0	7.78377E-6	9.99950E-1	-1.96676E-8
4.01736E-1	1.99319E+0	1.26331E-5	1.00004E+0	-1.49053E-8
4.02391E-1	1.99319E+0	1.15846E-5	9.99876E-1	-1.23437E-8
4.03046E-1	1.99184E+0	8.43908E-6	9.99969E-1	-9.00246E-9
4.03702E-1	1.99265E+0	-2.43919E-6	9.99999E-1	-8.83369E-9
4.04357E-1	1.99292E+0	1.69582E-5	1.00012E+0	-7.11599E-9
4.05012E-1	1.99292E+0	1.38127E-5	9.99940E-1	-5.68972E-9
4.05668E-1	1.99238E+0	1.05361E-5	9.99927E-1	-6.89112E-9
4.06323E-1	1.99265E+0	5.81781E-6	9.99986E-1	-3.70817E-9
4.06979E-1	1.99373E+0	8.17696E-6	1.00003E+0	-4.66899E-9
4.07634E-1	1.99346E+0	1.02740E-5	9.99997E-1	-2.81009E-9
4.08289E-1	1.99319E+0	1.22399E-5	1.00002E+0	-4.14888E-9
4.08945E-1	1.99292E+0	1.14535E-5	1.00007E+0	-2.71929E-9
4.09600E-1	1.99238E+0	1.07982E-5	9.99919E-1	-3.33163E-9
4.10255E-1	1.99346E+0	1.00118E-5	1.00009E+0	-2.61565E-9
4.10911E-1	1.99319E+0	6.34207E-6	9.99910E-1	-2.02375E-9
4.11566E-1	1.99077E+0	1.95795E-5	1.00007E+0	-2.36510E-9
4.12221E-1	1.99265E+0	1.26331E-5	9.99868E-1	-1.70806E-9
4.12877E-1	1.99238E+0	5.68675E-6	1.00006E+0	-1.87636E-9
4.13532E-1	1.99346E+0	2.32493E-5	1.00006E+0	-1.13851E-9
4.14188E-1	1.99211E+0	1.25021E-5	9.99897E-1	-2.05750E-9
4.14843E-1	1.99130E+0	1.07982E-5	1.00014E+0	-8.76552E-10
4.15498E-1	1.99238E+0	1.18467E-5	9.99957E-1	-8.14747E-10
4.16154E-1	1.99400E+0	7.91483E-6	9.99952E-1	-2.13594E-9
4.16809E-1	1.99319E+0	7.65270E-6	9.99982E-1	2.62744E-11
4.17464E-1	1.99238E+0	6.73526E-6	9.99988E-1	-1.24120E-9
4.18120E-1	1.99292E+0	6.99739E-6	9.99963E-1	-5.92725E-10
4.18775E-1	1.99238E+0	7.91483E-6	1.00010E+0	-4.49148E-10
4.19430E-1	1.99319E+0	5.03143E-6	9.99893E-1	-8.82257E-10
4.20086E-1	1.99184E+0	7.91483E-6	1.00011E+0	-7.49614E-10
4.20741E-1	1.99238E+0	1.15846E-5	1.00001E+0	-1.16228E-9
4.21396E-1	1.99265E+0	5.94888E-6	1.00001E+0	-6.97318E-10
4.22052E-1	1.99616E+0	1.10604E-5	9.99965E-1	-5.42806E-10
4.22707E-1	1.99211E+0	1.09293E-5	9.99942E-1	1.29441E-10
4.23363E-1	1.99265E+0	1.11914E-5	9.99980E-1	-3.46456E-10
4.24018E-1	1.99238E+0	1.17157E-5	9.99963E-1	-4.52951E-10
4.24673E-1	1.99373E+0	8.30802E-6	1.00014E+0	1.75081E-10
4.25329E-1	1.99346E+0	9.35653E-6	9.99980E-1	-2.16666E-10
4.25984E-1	1.99157E+0	1.00118E-5	9.99957E-1	-2.92258E-10
4.26639E-1	1.99373E+0	2.35114E-5	9.99992E-1	2.16919E-10
4.27295E-1	1.99292E+0	9.48759E-6	9.99997E-1	-6.45972E-10
4.27950E-1	1.99373E+0	1.18467E-5	1.00002E+0	-1.30586E-9
4.28605E-1	1.99184E+0	5.29356E-6	1.00001E+0	1.32893E-9
4.29261E-1	1.99292E+0	8.43908E-6	1.00006E+0	-6.10316E-10
4.29916E-1	1.99292E+0	9.74972E-6	9.99929E-1	4.29432E-10
4.30572E-1	1.99292E+0	6.99739E-6	1.00006E+0	-9.14110E-10
4.31227E-1	1.99319E+0	1.15846E-5	9.99976E-1	9.93758E-10
4.31882E-1	1.99265E+0	8.96334E-6	1.00002E+0	-4.34410E-10
4.32538E-1	1.99130E+0	2.35114E-5	9.99948E-1	5.77764E-10
4.33193E-1	1.99373E+0	1.51233E-5	1.00003E+0	1.48933E-10
4.33848E-1	1.99319E+0	8.57015E-6	9.99967E-1	-6.07939E-10
4.34504E-1	1.99211E+0	-4.40514E-6	1.00001E+0	2.02180E-10
4.35159E-1	1.99346E+0	1.17157E-5	1.00001E+0	2.16919E-10
4.35814E-1	1.99265E+0	9.61866E-6	1.00005E+0	-2.03830E-10
4.36470E-1	1.99211E+0	6.21101E-6	9.99919E-1	1.48487E-9
4.37125E-1	1.99157E+0	1.11914E-5	9.99988E-1	-4.86231E-10
4.37780E-1	1.99157E+0	-3.42170E-7	1.00003E+0	-8.26157E-10
4.38436E-1	1.99427E+0	7.25951E-6	9.99946E-1	2.01877E-9
4.39091E-1	1.99265E+0	4.63824E-6	1.00009E+0	-1.15515E-9
4.39747E-1	-7.14476E-3	9.22547E-6	9.46800E-1	3.30144E-7
4.40402E-1	-7.95385E-3	2.20697E-5	1.00009E+0	3.61579E-8
4.41057E-1	-8.22355E-3	6.47313E-6	1.00005E+0	2.36909E-8
4.41713E-1	-5.25689E-3	1.02740E-5	9.99969E-1	1.84712E-8
4.42368E-1	-7.14476E-3	1.07982E-5	1.00016E+0	1.48243E-8
4.43023E-1	-4.98719E-3	3.19654E-6	9.99864E-1	1.33747E-8
4.43679E-1	-6.06598E-3	1.28952E-5	1.00013E+0	1.11464E-8
4.44334E-1	-7.14476E-3	1.22399E-5	9.99857E-1	1.12125E-8
4.44989E-1	-6.33567E-3	1.68271E-5	1.00018E+0	9.58226E-9
4.45645E-1	-5.52658E-3	6.34207E-6	9.99859E-1	9.36546E-9
4.46300E-1	-4.98719E-3	1.81378E-5	1.00006E+0	7.83603E-9
4.46956E-1	-6.06598E-3	1.47301E-5	9.99944E-1	8.40083E-9
4.47611E-1	-6.60537E-3	1.06672E-5	1.00001E+0	6.71831E-9
4.48266E-1	-6.60537E-3	1.07982E-5	1.00005E+0	6.92322E-9
4.48922E-1	-4.44780E-3	1.18467E-5	9.99952E-1	7.59642E-9
4.49577E-1	-6.60537E-3	1.01429E-5	1.00012E+0	6.61229E-9
4.50232E-1	-6.87507E-3	9.61866E-6	9.99921E-1	5.77270E-9
4.50888E-1	-6.06598E-3	1.09293E-5	9.99990E-1	6.03989E-9
4.51543E-1	-7.41446E-3	1.18467E-5	9.99927E-1	5.06242E-9
4.52198E-1	-6.87507E-3	2.01697E-6	1.00010E+0	6.58995E-9
4.52854E-1	-6.06598E-3	7.25951E-6	1.00004E+0	4.95497E-9
4.53509E-1	-5.52658E-3	1.13225E-5	9.99978E-1	4.57178E-9
4.54164E-1	-5.79628E-3	8.30802E-6	1.00002E+0	4.74959E-9
4.54820E-1	-7.68415E-3	4.76931E-6	9.99885E-1	5.09237E-9
4.55475E-1	-6.33567E-3	7.78377E-6	1.00011E+0	4.61410E-9
4.56131E-1	-5.79628E-3	9.22547E-6	9.99916E-1	5.24308E-9
4.56786E-1	-7.14476E-3	1.01429E-5	1.00003E+0	5.29538E-9
4.57441E-1	-5.79628E-3	6.99739E-6	1.00007E+0	3.66943E-9
4.58097E-1	-6.33567E-3	6.99739E-6	9.99980E-1	4.16387E-9
4.58752E-1	-6.06598E-3	4.24505E-6	9.99946E-1	4.20143E-9
4.59407E-1	-7.14476E-3	5.68675E-6	1.00004E+0	5.06242E-9
4.60063E-1	-6.60537E-3	1.19778E-5	1.00000E+0	4.15484E-9
4.60718E-1	-6.87507E-3	9.48759E-6	1.00003E+0	4.55324E-9
4.61373E-1	-7.14476E-3	6.34207E-6	9.99954E-1	5.18888E-9
4.62029E-1	-5.52658E-3	1.28952E-5	9.99887E-1	3.15693E-9
4.62684E-1	-4.17810E-3	9.61866E-6	1.00010E+0	3.24868E-9
4.63340E-1	-6.06598E-3	9.74972E-6	1.00005E+0	4.62456E-9
4.63995E-1	-6.06598E-3	1.68271E-5	9.99997E-1	4.86797E-9
4.64650E-1	-6.33567E-3	7.91483E-6	9.99927E-1	3.53727E-9
4.65306E-1	-5.79628E-3	9.09440E-6	1.00008E+0	3.29765E-9
4.65961E-1	-6.87507E-3	2.67229E-6	1.00000E+0	4.57178E-9
4.66616E-1	-5.52658E-3	1.11914E-5	9.99938E-1	3.60763E-9
4.67272E-1	-5.52658E-3	8.30802E-6	1.00008E+0	4.07497E-9
4.67927E-1	-7.14476E-3	4.90037E-6	9.99902E-1	3.79399E-9
4.68582E-1	-4.71749E-3	1.13225E-5	1.00010E+0	4.57178E-9
4.69238E-1	-6.33567E-3	1.06672E-5	9.99866E-1	3.01858E-9
4.69893E-1	-5.79628E-3	5.68675E-6	1.00010E+0	4.31696E-9
4.70548E-1	-4.71749E-3	1.25021E-5	9.99986E-1	3.85818E-9
4.71204E-1	-4.44780E-3	9.35653E-6	9.99976E-1	3.38703E-9
4.71859E-1	-6.06598E-3	5.55569E-6	9.99980E-1	3.15740E-9
4.72515E-1	-7.14476E-3	9.48759E-6	1.00008E+0	4.36545E-9
4.73170E-1	-6.06598E-3	3.13147E-7	9.99969E-1	2.25933E-9
4.73825E-1	-5.25689E-3	6.73526E-6	9.99980E-1	4.88366E-9
4.74481E-1	-7.41446E-3	3.45867E-6	1.00001E+0	3.18593E-9
4.75136E-1	-4.98719E-3	6.21101E-6	9.99999E-1	4.24184E-9
4.75791E-1	-4.71749E-3	1.09293E-5	1.00001E+0	3.71222E-9
4.76447E-1	-5.79628E-3	1.09293E-5	9.99952E-1	3.52253E-9
4.77102E-1	-3.90841E-3	1.59097E-5	1.00008E+0	2.58452E-9
4.77757E-1	-4.71749E-3	1.00118E-5	9.99889E-1	4.36878E-9
4.78413E-1	-5.25689E-3	7.65270E-6	1.00003E+0	3.40367E-9
4.79068E-1	-6.06598E-3	9.61866E-6	9.99990E-1	3.05186E-9
4.79724E-1	-5.25689E-3	3.19654E-6	1.00001E+0	2.74807E-9
4.80379E-1	-4.17810E-3	5.42462E-6	1.00003E+0	3.90001E-9
4.81034E-1	-5.79628E-3	9.09440E-6	1.00003E+0	3.62474E-9
4.81690E-1	-5.52658E-3	7.25951E-6	9.99973E-1	4.20191E-9
4.82345E-1	-5.79628E-3	1.00118E-5	1.00003E+0	2.58642E-9
4.83000E-1	-5.25689E-3	1.45991E-5	1.00001E+0	3.69225E-9
4.83656E-1	-6.06598E-3	7.78377E-6	9.99976E-1	3.72220E-9
4.84311E-1	-6.60537E-3	1.01429E-5	9.99973E-1	2.72762E-9
4.84966E-1	-6.33567E-3	1.02740E-5	9.99990E-1	4.54088E-9
4.85622E-1	-4.17810E-3	8.30802E-6	1.00001E+0	3.21255E-9
4.86277E-1	-6.33567E-3	-7.35361E-7	1.00001E+0	3.85532E-9
4.86932E-1	-6.33567E-3	9.22547E-6	9.99969E-1	2.96819E-9
4.87588E-1	-4.98719E-3	1.21089E-5	1.00007E+0	4.07925E-9
4.88243E-1	-6.06598E-3	7.52164E-6	1.00001E+0	2.18849E-9
4.88899E-1	-4.44780E-3	7.52164E-6	9.99897E-1	3.78876E-9
4.89554E-1	-6.33567E-3	9.35653E-6	1.00010E+0	3.63473E-9
4.90209E-1	-5.52658E-3	1.15846E-5	9.99954E-1	3.13363E-9
4.90865E-1	-6.60537E-3	1.14535E-5	9.99957E-1	2.64728E-9
4.91520E-1	-6.06598E-3	1.23710E-5	1.00002E+0	4.09494E-9
4.92175E-1	-5.79628E-3	1.00118E-5	1.00002E+0	3.55105E-9
4.92831E-1	-6.06598E-3	8.30802E-6	1.00002E+0	4.01506E-9
4.93486E-1	-6.06598E-3	8.83228E-6	1.00000E+0	2.67628E-9
4.94141E-1	-4.98719E-3	1.05361E-5	9.99938E-1	3.47499E-9
4.94797E-1	-6.06598E-3	8.04589E-6	1.00011E+0	2.36820E-9
4.95452E-1	-4.17810E-3	1.19778E-5	1.00001E+0	3.48449E-9
4.96108E-1	-4.71749E-3	1.18467E-5	9.99910E-1	3.34092E-9
4.96763E-1	-6.06598E-3	5.75274E-7	1.00001E+0	3.19734E-9
4.97418E-1	-6.33567E-3	1.56476E-5	9.99997E-1	4.48906E-9
4.98074E-1	-6.33567E-3	1.38127E-5	9.99971E-1	2.37201E-9
4.98729E-1	-7.41446E-3	1.00118E-5	1.00008E+0	3.94280E-9
4.99384E-1	-5.79628E-3	1.57786E-5	1.05753E+0	-2.68102E-7
5.00040E-1	1.99481E+0	1.09293E-5	9.95296E-1	-7.44281E-8
5.00695E-1	1.99427E+0	1.45991E-5	9.99859E-1	-2.45231E-8
5.01350E-1	1.99292E+0	7.12845E-6	9.99982E-1	-1.74041E-8
5.02006E-1	1.99346E+0	4.37612E-6	1.00012E+0	-1.38351E-8
5.02661E-1	1.99211E+0	1.07982E-5	9.99832E-1	-1.05723E-8
5.03316E-1	1.99292E+0	8.83228E-6	1.00009E+0	-9.61623E-9
5.03972E-1	1.99265E+0	4.44211E-7	9.99957E-1	-7.10030E-9
5.04627E-1	1.99184E+0	9.09440E-6	9.99954E-1	-7.01235E-9
5.05283E-1	1.99319E+0	7.25951E-6	1.00003E+0	-5.27420E-9
5.05938E-1	1.99346E+0	1.97105E-5	9.99971E-1	-6.39192E-9
5.06593E-1	1.99238E+0	1.98416E-5	1.00006E+0	-4.32764E-9
5.07249E-1	1.99454E+0	1.00118E-5	9.99923E-1	-3.22133E-9
5.07904E-1	1.99373E+0	5.42462E-6	1.00009E+0	-3.76902E-9
5.08559E-1	1.99238E+0	8.57015E-6	9.99971E-1	-4.38707E-9
5.09215E-1	1.99427E+0	6.99739E-6	1.00002E+0	-2.31090E-9
5.09870E-1	1.99211E+0	9.35653E-6	9.99980E-1	-2.28665E-9
5.10525E-1	1.99292E+0	1.05361E-5	9.99944E-1	-3.92448E-9
5.11181E-1	1.99427E+0	9.74972E-6	1.00007E+0	-1.33581E-9
5.11836E-1	1.99238E+0	5.03143E-6	9.99997E-1	-2.53768E-9
5.12492E-1	1.99292E+0	-3.42170E-7	9.99992E-1	-1.53406E-9
5.13147E-1	1.99130E+0	1.80067E-5	9.99897E-1	-1.23359E-9
5.13802E-1	1.99319E+0	1.34195E-5	1.00008E+0	-1.13280E-9
5.14458E-1	1.99265E+0	1.19778E-5	9.99942E-1	-1.94150E-9
5.15113E-1	1.99265E+0	1.09293E-5	1.00005E+0	-1.83215E-9
5.15768E-1	1.99319E+0	5.81781E-6	1.00005E+0	-1.48129E-9
5.16424E-1	1.99373E+0	1.21089E-5	9.99889E-1	-9.24094E-10
5.17079E-1	1.99346E+0	1.32884E-5	1.00014E+0	-9.63079E-10
5.17734E-1	1.99050E+0	1.52544E-5	9.99889E-1	-4.15393E-10
5.18390E-1	1.99319E+0	1.05361E-5	1.00003E+0	-1.23008E-10
5.19045E-1	1.99157E+0	1.17157E-5	9.99950E-1	-1.37765E-9
5.19700E-1	1.99319E+0	6.47313E-6	9.99990E-1	-1.29492E-9
5.20356E-1	1.99346E+0	1.15846E-5	1.00006E+0	4.40842E-10
5.21011E-1	1.99481E+0	1.14535E-5	9.99965E-1	-1.86163E-9
5.21667E-1	1.99319E+0	1.19778E-5	1.00003E+0	-4.51049E-10
5.22322E-1	1.99238E+0	5.94888E-6	1.00004E+0	-2.70864E-10
5.22977E-1	1.99238E+0	6.86632E-6	9.99933E-1	1.75557E-10
5.23633E-1	1.99130E+0	1.35506E-5	9.99992E-1	-1.07147E-9
5.24288E-1	1.99319E+0	2.16765E-5	1.00010E+0	2.84428E-10
5.24943E-1	1.99319E+0	-3.09450E-6	9.99992E-1	-2.28552E-10
5.25599E-1	1.99400E+0	9.48759E-6	9.99923E-1	-3.26489E-10
5.26254E-1	1.99238E+0	1.22399E-5	1.00001E+0	-9.30275E-10
5.26909E-1	1.99319E+0	2.14804E-6	1.00002E+0	-2.77996E-10
5.27565E-1	1.99157E+0	4.44211E-7	9.99988E-1	1.29916E-10
5.28220E-1	1.99265E+0	1.22399E-5	1.00003E+0	-9.35320E-11
5.28876E-1	1.99427E+0	5.81781E-6	9.99992E-1	4.44646E-10
5.29531E-1	1.99077E+0	6.73526E-6	9.99950E-1	-1.16828E-10
5.30186E-1	1.99238E+0	1.17157E-5	1.00005E+0	-1.08669E-9
5.30842E-1	1.99346E+0	9.35653E-6	1.00003E+0	6.88537E-10
5.31497E-1	1.99292E+0	8.96334E-6	9.99940E-1	8.39246E-10
5.32152E-1	1.99184E+0	1.31574E-5	1.00002E+0	-1.67193E-9
5.32808E-1	1.99211E+0	6.99739E-6	9.99946E-1	6.98046E-10
5.33463E-1	1.99427E+0	9.35653E-6	1.00006E+0	-4.10638E-10
5.34118E-1	1.99319E+0	1.18467E-5	9.99978E-1	1.36078E-9
5.34774E-1	1.99319E+0	5.55569E-6	1.00002E+0	-1.30824E-9
5.35429E-1	1.99346E+0	1.04050E-5	1.00007E+0	7.49391E-10
5.36084E-1	1.99104E+0	7.39058E-6	9.99881E-1	-2.52798E-10
5.36740E-1	1.99077E+0	9.35653E-6	9.99995E-1	7.83622E-10
5.37395E-1	1.99400E+0	2.19386E-5	1.00003E+0	8.88690E-10
5.38051E-1	1.99373E+0	6.07994E-6	9.99984E-1	-1.30158E-9
5.38706E-1	1.99265E+0	1.05361E-5	1.00002E+0	1.01325E-9
5.39361E-1	1.99265E+0	1.73514E-5	9.41962E-1	2.55790E-7
5.40017E-1	-5.25689E-3	3.58973E-6	1.00524E+0	9.25857E-8
5.40672E-1	-7.14476E-3	1.19778E-5	1.00004E+0	2.91478E-8
5.41327E-1	-6.33567E-3	9.88078E-6	9.99980E-1	2.05764E-8
5.41983E-1	-5.25689E-3	8.43908E-6	9.99948E-1	1.59063E-8
5.42638E-1	-6.06598E-3	1.51233E-5	1.00006E+0	1.51185E-8
5.43293E-1	-6.33567E-3	1.07982E-5	1.00007E+0	1.30600E-8
5.43949E-1	-6.33567E-3	7.12845E-6	1.00007E+0	9.86133E-9
5.44604E-1	-5.79628E-3	1.14535E-5	9.99938E-1	1.07884E-8
5.45260E-1	-6.33567E-3	5.81781E-6	9.99938E-1	9.01080E-9
5.45915E-1	-7.68415E-3	2.45599E-5	1.00008E+0	8.06186E-9
5.46570E-1	-6.60537E-3	1.25021E-5	9.99948E-1	9.28322E-9
5.47226E-1	-6.60537E-3	1.04050E-5	1.00012E+0	7.06680E-9
5.47881E-1	-6.33567E-3	9.35653E-6	9.99967E-1	7.40054E-9
5.48536E-1	-7.95385E-3	8.04589E-6	1.00001E+0	6.90801E-9
5.49192E-1	-5.52658E-3	9.88078E-6	9.99927E-1	7.07060E-9
5.49847E-1	-6.33567E-3	1.19778E-5	1.00005E+0	5.50123E-9
5.50502E-1	-6.06598E-3	2.04969E-5	1.00001E+0	6.51626E-9
5.51158E-1	-5.52658E-3	8.30802E-6	9.99978E-1	4.96781E-9
5.51813E-1	-7.41446E-3	1.07982E-5	1.00007E+0	5.70091E-9
5.52468E-1	-7.41446E-3	1.01429E-5	9.99887E-1	5.79172E-9
5.53124E-1	-6.33567E-3	1.30263E-5	1.00008E+0	4.70918E-9
5.53779E-1	-5.52658E-3	1.26331E-5	9.99921E-1	6.07126E-9
5.54435E-1	-6.06598E-3	1.38127E-5	1.00005E+0	4.33360E-9
5.55090E-1	-6.33567E-3	1.77446E-5	9.99965E-1	4.96733E-9
5.55745E-1	-7.68415E-3	1.17157E-5	1.00007E+0	3.67133E-9
5.56401E-1	-4.44780E-3	1.88591E-6	1.00005E+0	5.41946E-9
5.57056E-1	-4.71749E-3	1.89242E-5	9.99881E-1	5.11091E-9
5.57711E-1	-6.87507E-3	4.90037E-6	9.99971E-1	3.82632E-9
5.58367E-1	-5.25689E-3	6.99739E-6	1.00010E+0	4.07877E-9
5.59022E-1	-5.52658E-3	7.65270E-6	9.99999E-1	5.31392E-9
5.59677E-1	-5.79628E-3	1.25021E-5	9.99986E-1	3.29337E-9
5.60333E-1	-4.71749E-3	7.12845E-6	9.99957E-1	5.04483E-9
5.60988E-1	-5.52658E-3	1.05361E-5	9.99992E-1	3.36516E-9
5.61644E-1	-6.87507E-3	1.17157E-5	1.00006E+0	4.56750E-9
5.62299E-1	-4.98719E-3	5.55569E-6	9.99978E-1	4.86179E-9
5.62954E-1	-6.06598E-3	1.28952E-5	1.00002E+0	3.67276E-9
5.63610E-1	-6.06598E-3	7.12845E-6	9.99988E-1	2.82176E-9
5.64265E-1	-5.79628E-3	1.06672E-5	1.00005E+0	3.94042E-9
5.64920E-1	-6.06598E-3	-5.19152E-6	9.99914E-1	5.03009E-9
5.65576E-1	-6.87507E-3	1.32884E-5	1.00004E+0	3.36992E-9
5.66231E-1	-5.79628E-3	1.26331E-5	1.00005E+0	3.42602E-9
5.66886E-1	-6.33567E-3	7.52164E-6	9.99959E-1	4.78144E-9
5.67542E-1	-4.44780E-3	6.86632E-6	9.99973E-1	3.85865E-9
5.68197E-1	-5.79628E-3	1.55165E-5	1.00001E+0	4.12489E-9
5.68852E-1	-7.41446E-3	1.06672E-5	1.00006E+0	2.11670E-9
5.69508E-1	-7.14476E-3	1.02740E-5	9.99927E-1	4.34406E-9
5.70163E-1	-6.33567E-3	2.54123E-6	1.00005E+0	4.46814E-9
5.70819E-1	-5.79628E-3	6.99739E-6	9.99946E-1	3.01288E-9
5.71474E-1	-5.25689E-3	1.10604E-5	1.00005E+0	4.20095E-9
5.72129E-1	-6.60537E-3	2.22008E-5	9.99982E-1	2.66439E-9
5.72785E-1	-5.25689E-3	3.19654E-6	9.99982E-1	4.42440E-9
5.73440E-1	-5.79628E-3	1.44680E-5	1.00002E+0	4.07307E-9
5.74095E-1	-5.52658E-3	1.65650E-5	1.00006E+0	2.12954E-9
5.74751E-1	-6.33567E-3	8.43908E-6	9.99872E-1	4.37971E-9
5.75406E-1	-5.52658E-3	1.31574E-5	1.00005E+0	3.12127E-9
5.76061E-1	-6.87507E-3	9.61866E-6	1.00006E+0	3.37515E-9
5.76717E-1	-5.25689E-3	1.36816E-5	9.99984E-1	4.07877E-9
5.77372E-1	-5.25689E-3	7.39058E-6	9.99990E-1	4.17813E-9
5.78028E-1	-6.60537E-3	6.34207E-6	9.99940E-1	3.62664E-9
5.78683E-1	-5.52658E-3	8.04589E-6	1.00013E+0	2.50512E-9
5.79338E-1	-6.33567E-3	8.83228E-6	9.99845E-1	2.97484E-9
5.79994E-1	-5.79628E-3	1.15846E-5	1.00009E+0	4.03075E-9
5.80649E-1	-3.36901E-3	2.12833E-5	9.99992E-1	3.99652E-9
5.81304E-1	-5.52658E-3	8.43908E-6	9.99973E-1	3.00669E-9
5.81960E-1	-4.98719E-3	9.74972E-6	9.99995E-1	3.96134E-9
5.82615E-1	-6.60537E-3	1.13225E-5	9.99999E-1	2.10006E-9
5.83270E-1	-6.87507E-3	1.32884E-5	1.00007E+0	3.41461E-9
5.83926E-1	-4.98719E-3	1.31574E-5	1.00000E+0	3.79970E-9
5.84581E-1	-6.06598E-3	1.40748E-5	9.99988E-1	3.47213E-9
5.85236E-1	-4.44780E-3	6.07994E-6	1.00001E+0	4.11776E-9
5.85892E-1	-3.90841E-3	2.36425E-5	9.99957E-1	3.52443E-9
5.86547E-1	-7.14476E-3	8.96334E-6	1.00000E+0	3.04948E-9
5.87203E-1	-5.79628E-3	1.27642E-5	9.99969E-1	3.14885E-9
5.87858E-1	-4.17810E-3	6.86632E-6	1.00002E+0	2.76138E-9
5.88513E-1	-5.52658E-3	6.34207E-6	1.00002E+0	4.34311E-9
5.89169E-1	-5.52658E-3	3.11131E-5	9.99946E-1	3.36374E-9
5.89824E-1	-5.25689E-3	8.96334E-6	1.00011E+0	2.80749E-9
5.90479E-1	-5.79628E-3	1.17157E-5	9.99904E-1	3.22872E-9
5.91135E-1	-6.33567E-3	1.14535E-5	1.00010E+0	3.25629E-9
5.91790E-1	-4.17810E-3	7.39058E-6	9.99973E-1	3.87339E-9
5.92445E-1	-5.25689E-3	1.06672E-5	9.99995E-1	2.33017E-9
5.93101E-1	-5.79628E-3	1.13225E-5	9.99881E-1	4.03218E-9
5.93756E-1	-6.06598E-3	8.30802E-6	1.00010E+0	2.95487E-9
5.94412E-1	-6.33567E-3	1.04050E-5	1.00002E+0	3.53774E-9
5.95067E-1	-6.60537E-3	9.35653E-6	9.99995E-1	2.59403E-9
5.95722E-1	-7.14476E-3	-2.70131E-6	9.99986E-1	4.41252E-9
5.96378E-1	-6.33567E-3	2.93442E-6	9.99967E-1	2.05015E-9
5.97033E-1	-4.98719E-3	8.57015E-6	9.99973E-1	4.00175E-9
5.97688E-1	-6.06598E-3	8.30802E-6	1.00011E+0	3.07516E-9
5.98344E-1	-5.25689E-3	1.25021E-5	9.99904E-1	3.21350E-9
5.98999E-1	-6.33567E-3	7.78377E-6	1.00003E+0	2.60972E-9
5.99654E-1	1.99697E+0	5.29356E-6	1.05319E+0	-3.20872E-7
6.00310E-1	1.99373E+0	8.57015E-6	9.99707E-1	-3.51607E-8
6.00965E-1	1.99292E+0	1.05361E-5	1.00005E+0	-2.07449E-8
6.01620E-1	1.99265E+0	7.12845E-6	9.99957E-1	-1.46567E-8
6.02276E-1	1.99346E+0	1.23710E-5	9.99910E-1	-1.24393E-8
6.02931E-1	1.99346E+0	-8.66424E-7	9.99957E-1	-1.02652E-8
6.03587E-1	1.99184E+0	1.09293E-5	9.99997E-1	-8.10724E-9
6.04242E-1	1.99400E+0	9.48759E-6	1.00007E+0	-7.78633E-9
6.04897E-1	1.99427E+0	8.30802E-6	1.00004E+0	-6.00968E-9
6.05553E-1	1.99427E+0	1.82688E-5	9.99919E-1	-6.34200E-9
6.06208E-1	1.99292E+0	1.10604E-5	1.00007E+0	-4.12654E-9
6.06863E-1	1.99400E+0	9.35653E-6	9.99942E-1	-4.21069E-9
6.07519E-1	1.99319E+0	1.21089E-5	9.99986E-1	-3.47663E-9
6.08174E-1	1.99292E+0	5.68675E-6	9.99906E-1	-4.67042E-9
6.08829E-1	1.99400E+0	1.43369E-5	1.00016E+0	-2.90137E-9
6.09485E-1	1.99292E+0	8.43908E-6	9.99940E-1	-3.43622E-9
6.10140E-1	1.99211E+0	1.90552E-5	9.99959E-1	-2.09934E-9
6.10796E-1	1.99238E+0	7.65270E-6	9.99978E-1	-2.07557E-9
6.11451E-1	1.99427E+0	8.57015E-6	1.00003E+0	-2.13927E-9
6.12106E-1	1.99157E+0	1.56476E-5	9.99959E-1	-1.93151E-9
6.12762E-1	1.99130E+0	1.04050E-5	1.00004E+0	-1.28161E-9
6.13417E-1	1.99481E+0	1.14535E-5	1.00007E+0	-2.78157E-9
6.14072E-1	1.99400E+0	1.05361E-5	9.99976E-1	-1.82407E-9
6.14728E-1	1.99454E+0	1.70893E-5	9.99959E-1	-1.59140E-10
6.15383E-1	1.99346E+0	1.19778E-5	9.99948E-1	-1.29730E-9
6.16038E-1	1.99157E+0	1.30263E-5	1.00009E+0	-1.36243E-9
6.16694E-1	1.99454E+0	1.07982E-5	9.99986E-1	-2.10457E-9
6.17349E-1	1.99454E+0	1.26331E-5	9.99988E-1	-8.57060E-10
6.18004E-1	1.99319E+0	5.81781E-6	9.99971E-1	-7.82418E-10
6.18660E-1	1.99319E+0	2.28561E-5	1.00001E+0	-1.03677E-9
6.19315E-1	1.99292E+0	9.35653E-6	9.99965E-1	1.46556E-10
6.19971E-1	1.99130E+0	1.02740E-5	1.00010E+0	-1.86495E-9
6.20626E-1	1.99319E+0	8.30802E-6	9.99971E-1	-6.49776E-10
6.21281E-1	1.99292E+0	5.81781E-6	9.99984E-1	4.82679E-10
6.21937E-1	1.99292E+0	1.11914E-5	1.00001E+0	-1.30015E-9
6.22592E-1	1.99211E+0	9.35653E-6	9.99938E-1	-4.42016E-10
6.23247E-1	1.99346E+0	1.02740E-5	1.00003E+0	2.64936E-10
6.23903E-1	1.99292E+0	8.83228E-6	9.99990E-1	-2.54225E-10
6.24558E-1	1.99023E+0	-2.17706E-6	1.00006E+0	-1.99076E-10
6.25213E-1	1.99265E+0	1.14535E-5	9.99919E-1	-7.01597E-10
6.25869E-1	1.99104E+0	7.91483E-6	1.00013E+0	-7.24417E-10
6.26524E-1	1.99265E+0	6.21101E-6	9.99910E-1	8.65870E-10
6.27180E-1	1.99373E+0	6.73526E-6	1.00004E+0	-1.50506E-9
6.27835E-1	1.99184E+0	3.08509E-5	9.99946E-1	-4.31557E-10
6.28490E-1	1.99104E+0	1.42059E-5	9.99980E-1	1.28091E-9
6.29146E-1	1.99238E+0	8.30802E-6	1.00006E+0	-1.13661E-9
6.29801E-1	1.99184E+0	8.30802E-6	1.00002E+0	6.32437E-10
6.30456E-1	1.99319E+0	1.15846E-5	1.00001E+0	-1.22361E-9
6.31112E-1	1.99373E+0	9.22547E-6	1.00004E+0	2.77297E-10
6.31767E-1	1.99346E+0	1.04050E-5	9.99963E-1	2.34218E-11
6.32422E-1	1.99508E+0	-7.35361E-7	9.99897E-1	2.97265E-10
6.33078E-1	1.99184E+0	1.28952E-5	1.00014E+0	-2.22187E-11
6.33733E-1	1.99292E+0	6.86632E-6	9.99819E-1	-1.14926E-10
6.34388E-1	1.99292E+0	8.70121E-6	1.00017E+0	-3.09849E-10
6.35044E-1	1.99373E+0	8.57015E-6	9.99881E-1	7.78392E-10
6.35699E-1	1.99427E+0	8.43908E-6	1.00009E+0	2.61608E-10
6.36355E-1	1.99292E+0	9.88078E-6	9.99997E-1	-1.04438E-9
6.37010E-1	1.99427E+0	5.94888E-6	9.99923E-1	1.05984E-9
6.37665E-1	1.99184E+0	9.35653E-6	1.00010E+0	3.20085E-10
6.38321E-1	1.99211E+0	1.01429E-5	9.99927E-1	1.51310E-10
6.38976E-1	1.99211E+0	1.30263E-5	1.00007E+0	-4.54377E-10
6.39631E-1	-6.87507E-3	5.75274E-7	9.46498E-1	3.25149E-7
6.40287E-1	-7.68415E-3	7.52164E-6	1.00029E+0	3.86068E-8
6.40942E-1	-4.98719E-3	1.74825E-5	9.99984E-1	2.44240E-8
6.41597E-1	-5.25689E-3	8.96334E-6	1.00006E+0	1.83609E-8
6.42253E-1	-7.41446E-3	7.25951E-6	9.99948E-1	1.50986E-8
6.42908E-1	-6.33567E-3	5.42462E-6	1.00012E+0	1.39723E-8
6.43564E-1	-7.14476E-3	8.70121E-6	9.99948E-1	1.06667E-8
6.44219E-1	-6.33567E-3	1.11914E-5	1.00001E+0	1.08336E-8
6.44874E-1	-6.33567E-3	3.98293E-6	1.00000E+0	9.73677E-9
6.45530E-1	-6.06598E-3	1.47301E-5	1.00000E+0	9.44486E-9
6.46185E-1	-7.14476E-3	1.90552E-5	1.00003E+0	8.82348E-9
6.46840E-1	-6.06598E-3	7.52164E-6	9.99978E-1	6.57806E-9
6.47496E-1	-5.79628E-3	1.23059E-6	1.00002E+0	8.17501E-9
6.48151E-1	-5.79628E-3	1.02740E-5	9.99927E-1	6.44162E-9
6.48806E-1	-5.79628E-3	4.76931E-6	1.00017E+0	6.85381E-9
6.49462E-1	-6.33567E-3	1.15846E-5	9.99931E-1	5.76890E-9
6.50117E-1	-5.79628E-3	7.52164E-6	1.00000E+0	6.81720E-9
6.50772E-1	-4.98719E-3	5.29356E-6	9.99942E-1	5.52833E-9
6.51428E-1	-6.87507E-3	9.74972E-6	1.00005E+0	6.34368E-9
6.52083E-1	-6.06598E-3	6.21101E-6	1.00005E+0	3.80778E-9
6.52739E-1	-5.52658E-3	7.78377E-6	9.99940E-1	6.67030E-9
6.53394E-1	-7.41446E-3	1.09293E-5	1.00003E+0	4.30745E-9
6.54049E-1	-5.52658E-3	2.02348E-5	9.99942E-1	4.46814E-9
6.54705E-1	-6.06598E-3	1.04050E-5	1.00008E+0	5.40853E-9
6.55360E-1	-6.33567E-3	6.21101E-6	9.99969E-1	4.87653E-9
6.56015E-1	-5.52658E-3	1.11914E-5	9.99973E-1	5.26305E-9
6.56671E-1	-5.79628E-3	1.13225E-5	1.00002E+0	3.90239E-9
6.57326E-1	-8.22355E-3	1.07982E-5	1.00002E+0	5.38238E-9
6.57981E-1	-4.98719E-3	1.07982E-5	9.99906E-1	3.75929E-9
6.58637E-1	-6.06598E-3	5.81781E-6	1.00014E+0	4.15246E-9
6.59292E-1	-4.98719E-3	1.00118E-5	9.99976E-1	4.74103E-9
6.59948E-1	-4.71749E-3	1.21089E-5	9.99957E-1	3.41508E-9
6.60603E-1	-6.33567E-3	4.50718E-6	9.99925E-1	4.28938E-9
6.61258E-1	-4.98719E-3	8.83228E-6	1.00013E+0	4.17338E-9
6.61914E-1	-7.41446E-3	-2.57025E-6	9.99986E-1	4.50950E-9
6.62569E-1	-7.14476E-3	6.86632E-6	9.99906E-1	4.26133E-9
6.63224E-1	-6.06598E-3	7.39058E-6	9.99999E-1	3.75406E-9
6.63880E-1	-4.44780E-3	6.73526E-6	9.99995E-1	2.89497E-9
6.64535E-1	-6.60537E-3	3.45867E-6	1.00008E+0	4.40158E-9
6.65190E-1	-6.60537E-3	1.09953E-6	1.00002E+0	3.88670E-9
6.65846E-1	-6.33567E-3	7.65270E-6	9.99967E-1	3.66088E-9
6.66501E-1	-6.60537E-3	9.35653E-6	9.99957E-1	4.69682E-9
6.67156E-1	-5.79628E-3	2.01037E-5	1.00005E+0	4.05120E-9
6.67812E-1	-4.98719E-3	9.61866E-6	9.99997E-1	2.74331E-9
6.68467E-1	-6.33567E-3	5.81781E-6	9.99984E-1	3.36421E-9
6.69123E-1	-5.25689E-3	1.09293E-5	9.99984E-1	4.89602E-9
6.69778E-1	-4.71749E-3	2.29871E-5	1.00010E+0	2.85836E-9
6.70433E-1	-6.60537E-3	6.99739E-6	9.99965E-1	3.84058E-9
6.71089E-1	-5.79628E-3	8.70121E-6	9.99929E-1	3.08276E-9
6.71744E-1	-6.33567E-3	8.83228E-6	9.99992E-1	4.01411E-9
6.72399E-1	-4.98719E-3	1.07982E-5	1.00003E+0	3.36897E-9
6.73055E-1	-6.87507E-3	1.02740E-5	1.00002E+0	3.67561E-9
6.73710E-1	-5.79628E-3	7.78377E-6	9.99982E-1	3.96134E-9
6.74365E-1	-6.06598E-3	9.35653E-6	9.99971E-1	3.58053E-9
6.75021E-1	-6.06598E-3	1.83999E-5	1.00005E+0	3.37800E-9
6.75676E-1	-5.25689E-3	6.47313E-6	9.99995E-1	3.97560E-9
6.76332E-1	-5.52658E-3	1.52544E-5	9.99931E-1	2.54744E-9
6.76987E-1	-6.60537E-3	1.30263E-5	1.00007E+0	3.36136E-9
6.77642E-1	-5.25689E-3	4.76931E-6	1.00004E+0	4.02980E-9
6.78298E-1	-5.79628E-3	6.21101E-6	9.99957E-1	3.37895E-9
6.78953E-1	-5.52658E-3	1.09293E-5	1.00001E+0	2.97912E-9
6.79608E-1	-4.17810E-3	8.57015E-6	1.00001E+0	4.27179E-9
6.80264E-1	-6.33567E-3	7.91483E-6	9.99944E-1	3.24821E-9
6.80919E-1	-6.60537E-3	1.62378E-6	1.00008E+0	3.53346E-9
6.81574E-1	-5.52658E-3	2.39046E-5	1.00002E+0	3.16881E-9
6.82230E-1	-5.25689E-3	1.31574E-5	9.99942E-1	3.56246E-9
6.82885E-1	-4.98719E-3	2.18076E-5	9.99997E-1	3.39226E-9
6.83540E-1	-6.06598E-3	1.09293E-5	1.00002E+0	2.26551E-9
6.84196E-1	-6.33567E-3	2.14804E-6	9.99978E-1	3.76499E-9
6.84851E-1	-4.98719E-3	5.68675E-6	1.00001E+0	3.85865E-9
6.85507E-1	-6.33567E-3	1.11914E-5	1.00004E+0	2.73808E-9
6.86162E-1	-5.79628E-3	1.14535E-5	9.99986E-1	3.94755E-9
6.86817E-1	-4.17810E-3	8.04589E-6	9.99965E-1	3.36469E-9
6.87473E-1	-5.25689E-3	1.23710E-5	9.99980E-1	2.06203E-9
6.88128E-1	-5.52658E-3	6.86632E-6	1.00006E+0	4.10207E-9
6.88783E-1	-5.52658E-3	8.96334E-6	9.99982E-1	4.26846E-9
6.89439E-1	-4.71749E-3	1.34195E-5	9.99995E-1	2.97864E-9
6.90094E-1	-5.25689E-3	9.35653E-6	1.00002E+0	1.76299E-9
6.90749E-1	-6.33567E-3	1.06672E-5	9.99990E-1	3.50636E-9
6.91405E-1	-7.95385E-3	1.09293E-5	1.00001E+0	3.44218E-9
6.92060E-1	-7.41446E-3	5.03143E-6	9.99957E-1	3.18688E-9
6.92716E-1	-7.41446E-3	8.57015E-6	9.99965E-1	3.74598E-9
6.93371E-1	-5.79628E-3	1.27642E-5	1.00004E+0	3.60525E-9
6.94026E-1	-4.71749E-3	1.10604E-5	9.99984E-1	3.11224E-9
6.94682E-1	-5.25689E-3	7.52164E-6	9.99961E-1	2.38865E-9
6.95337E-1	-6.87507E-3	5.55569E-6	1.00003E+0	4.37163E-9
6.95992E-1	-6.06598E-3	6.99739E-6	9.99986E-1	2.98958E-9
6.96648E-1	-5.79628E-3	6.99739E-6	1.00010E+0	2.32066E-9
6.97303E-1	-5.79628E-3	1.19778E-5	9.99923E-1	3.22919E-9
6.97958E-1	-7.41446E-3	3.45867E-6	1.00004E+0	4.15626E-9
6.98614E-1	-7.14476E-3	9.35653E-6	9.99990E-1	2.22748E-9
6.99269E-1	-3.90841E-3	6.73526E-6	1.05527E+0	-1.88281E-7
6.99924E-1	1.99454E+0	7.65270E-6	9.97169E-1	-1.49622E-7
7.00580E-1	1.99292E+0	8.30802E-6	1.00005E+0	-2.71926E-8
7.01235E-1	1.99427E+0	1.15846E-5	9.99895E-1	-1.73423E-8
7.01891E-1	1.99373E+0	9.09440E-6	9.99952E-1	-1.32237E-8
7.02546E-1	1.99481E+0	8.43908E-6	9.99948E-1	-1.15398E-8
7.03201E-1	1.99319E+0	7.91483E-6	1.00004E+0	-9.95283E-9
7.03857E-1	1.99292E+0	1.82688E-5	9.99950E-1	-7.16829E-9
7.04512E-1	1.99238E+0	1.10604E-5	9.99992E-1	-7.59807E-9
7.05167E-1	1.99373E+0	7.65270E-6	1.00003E+0	-5.08404E-9
7.05823E-1	1.99319E+0	9.88078E-6	1.00003E+0	-6.06341E-9
7.06478E-1	1.99319E+0	9.48759E-6	1.00000E+0	-4.91193E-9
7.07133E-1	1.99211E+0	9.88078E-6	1.00004E+0	-4.13367E-9
7.07789E-1	1.99130E+0	1.36816E-5	9.99927E-1	-2.33039E-9
7.08444E-1	1.99319E+0	1.44680E-5	9.99910E-1	-4.12939E-9
7.09100E-1	1.99427E+0	8.30802E-6	1.00013E+0	-3.13671E-9
7.09755E-1	1.99265E+0	1.05361E-5	9.99876E-1	-2.51391E-9
7.10410E-1	1.99265E+0	9.48759E-6	1.00011E+0	-3.50468E-9
7.11066E-1	1.99265E+0	1.05361E-5	9.99921E-1	-1.40570E-9
7.11721E-1	1.99319E+0	1.17157E-5	1.00001E+0	-2.06225E-9
7.12376E-1	1.99346E+0	5.42462E-6	9.99969E-1	-2.52436E-9
7.13032E-1	1.99265E+0	7.52164E-6	1.00006E+0	-9.43111E-10
7.13687E-1	1.99104E+0	9.61866E-6	1.00004E+0	-2.12311E-9
7.14342E-1	1.99184E+0	7.39058E-6	9.99914E-1	-1.39619E-9
7.14998E-1	1.99238E+0	1.07982E-5	1.00002E+0	-2.02993E-9
7.15653E-1	1.99373E+0	1.07982E-5	9.99992E-1	2.44018E-10
7.16308E-1	1.99265E+0	4.11399E-6	1.00004E+0	-1.16038E-9
7.16964E-1	1.99265E+0	1.01429E-5	9.99914E-1	-1.11569E-9
7.17619E-1	1.99427E+0	2.14144E-5	1.00002E+0	-2.51295E-9
7.18275E-1	1.99346E+0	1.05361E-5	1.00005E+0	-8.08567E-10
7.18930E-1	1.99184E+0	1.32884E-5	9.99995E-1	5.07401E-10
7.19585E-1	1.99346E+0	6.07994E-6	1.00006E+0	-8.28534E-10
7.20241E-1	1.99346E+0	4.37612E-6	9.99904E-1	-6.66415E-10
7.20896E-1	1.99319E+0	9.88078E-6	1.00003E+0	-7.03023E-10
7.21551E-1	1.99319E+0	1.01429E-5	9.99986E-1	-5.84167E-10
7.22207E-1	1.99346E+0	1.04050E-5	1.00002E+0	-1.26640E-9
7.22862E-1	1.99211E+0	1.49272E-6	1.00004E+0	3.41955E-10
7.23517E-1	1.99292E+0	1.32884E-5	1.00001E+0	-1.29778E-9
7.24173E-1	1.99319E+0	9.61866E-6	9.99885E-1	-2.60405E-10
7.24828E-1	1.99211E+0	2.41016E-6	1.00009E+0	4.88860E-10
7.25484E-1	1.99265E+0	1.36816E-5	9.99957E-1	-1.44373E-9
7.26139E-1	1.99400E+0	1.57786E-5	1.00003E+0	9.63458E-12
7.26794E-1	1.99400E+0	4.37612E-6	1.00002E+0	-6.64989E-10
7.27450E-1	1.99157E+0	1.09293E-5	9.99999E-1	8.60640E-10
7.28105E-1	1.99130E+0	8.43908E-6	9.99976E-1	-2.18093E-10
7.28760E-1	1.99238E+0	1.49923E-5	9.99923E-1	3.02495E-10
7.29416E-1	1.99454E+0	1.31574E-5	1.00007E+0	-2.31880E-10
7.30071E-1	1.99184E+0	8.43908E-6	1.00003E+0	-1.18463E-9
7.30726E-1	1.99292E+0	6.60420E-6	1.00000E+0	-1.50874E-11
7.31382E-1	1.99130E+0	1.53855E-5	9.99950E-1	3.60496E-10
7.32037E-1	1.99292E+0	7.65270E-6	9.99990E-1	-3.00816E-10
7.32692E-1	1.99238E+0	9.74972E-6	1.00008E+0	3.74759E-10
7.33348E-1	1.99319E+0	1.05361E-5	9.99921E-1	-1.59140E-10
7.34003E-1	1.99319E+0	8.96334E-6	1.00007E+0	-4.85280E-10
7.34659E-1	1.99157E+0	1.13225E-5	9.99931E-1	1.32798E-9
7.35314E-1	1.99265E+0	1.42059E-5	1.00009E+0	-8.20928E-10
7.35969E-1	1.99319E+0	6.99739E-6	9.99954E-1	3.54791E-10
7.36625E-1	1.99238E+0	1.57786E-5	9.99976E-1	-5.43757E-10
7.37280E-1	1.99319E+0	6.47313E-6	1.00001E+0	1.29916E-10
7.37935E-1	1.99238E+0	1.09293E-5	9.99965E-1	9.72839E-10
7.38591E-1	1.99346E+0	1.10604E-5	1.00001E+0	3.53365E-10
7.39246E-1	1.99427E+0	6.47313E-6	9.46314E-1	1.73975E-7
7.39901E-1	-6.33567E-3	8.70121E-6	1.00040E+0	1.69721E-7
7.40557E-1	-4.98719E-3	1.00118E-5	1.00011E+0	3.00164E-8
7.41212E-1	-6.87507E-3	9.61866E-6	9.99988E-1	2.16009E-8
7.41868E-1	-5.79628E-3	1.94484E-5	9.99969E-1	1.78679E-8
7.42523E-1	-6.60537E-3	1.17157E-5	1.00011E+0	1.43498E-8
7.43178E-1	-5.79628E-3	1.05361E-5	1.00006E+0	1.22342E-8
7.43834E-1	-6.60537E-3	1.40748E-5	9.99855E-1	1.05954E-8
7.44489E-1	-6.60537E-3	8.43908E-6	1.00008E+0	1.11469E-8
7.45144E-1	-6.87507E-3	1.55165E-5	9.99986E-1	9.51617E-9
7.45800E-1	-7.41446E-3	1.00118E-5	9.99959E-1	8.36280E-9
7.46455E-1	-5.52658E-3	1.11914E-5	1.00006E+0	7.52891E-9
7.47110E-1	-6.06598E-3	4.90037E-6	1.00003E+0	7.10578E-9
7.47766E-1	-6.06598E-3	5.29356E-6	9.99902E-1	7.72668E-9
7.48421E-1	-6.87507E-3	1.21089E-5	1.00004E+0	6.82623E-9
7.49076E-1	-5.79628E-3	9.22547E-6	1.00001E+0	6.50057E-9
7.49732E-1	-5.52658E-3	6.07994E-6	1.00004E+0	5.51978E-9
7.50387E-1	-5.25689E-3	9.48759E-6	9.99957E-1	6.81578E-9
7.51043E-1	-6.06598E-3	1.06672E-5	1.00007E+0	5.08762E-9
7.51698E-1	-6.06598E-3	1.02740E-5	1.00002E+0	5.96192E-9
7.52353E-1	-5.25689E-3	1.66961E-5	9.99897E-1	4.55752E-9
7.53009E-1	-6.06598E-3	1.10604E-5	1.00002E+0	5.61391E-9
7.53664E-1	-5.25689E-3	5.81781E-6	1.00006E+0	5.40995E-9
7.54319E-1	-6.06598E-3	9.61866E-6	9.99938E-1	5.04388E-9
7.54975E-1	-5.52658E-3	1.09293E-5	9.99995E-1	4.82518E-9
7.55630E-1	-7.41446E-3	-1.12855E-6	1.00001E+0	3.90667E-9
7.56285E-1	-5.25689E-3	1.02740E-5	1.00001E+0	4.99063E-9
7.56941E-1	-5.25689E-3	1.22399E-5	1.00009E+0	3.97798E-9
7.57596E-1	-6.06598E-3	2.54123E-6	9.99910E-1	5.02534E-9
7.58252E-1	-5.25689E-3	1.88591E-6	1.00002E+0	3.68322E-9
7.58907E-1	-6.60537E-3	8.96334E-6	1.00006E+0	4.82090E-9
7.59562E-1	-5.79628E-3	2.07591E-5	9.99904E-1	3.84439E-9
7.60218E-1	-7.68415E-3	8.30802E-6	1.00002E+0	3.74027E-9
7.60873E-1	-6.60537E-3	1.11914E-5	1.00000E+0	3.87862E-9
7.61528E-1	-7.41446E-3	9.88078E-6	1.00006E+0	4.77859E-9
7.62184E-1	-5.52658E-3	5.81781E-6	1.00002E+0	4.27274E-9
7.62839E-1	-6.33567E-3	1.15846E-5	1.00002E+0	3.44694E-9
7.63494E-1	-4.71749E-3	1.80067E-5	9.99908E-1	3.73884E-9
7.64150E-1	-4.98719E-3	1.00118E-5	1.00007E+0	3.77926E-9
7.64805E-1	-5.25689E-3	8.43908E-6	9.99980E-1	4.06498E-9
7.65460E-1	-5.52658E-3	8.17696E-6	9.99950E-1	3.76452E-9
7.66116E-1	-4.71749E-3	1.70893E-5	1.00006E+0	4.76671E-9
7.66771E-1	-5.52658E-3	1.14535E-5	9.99935E-1	2.45711E-9
7.67427E-1	-6.60537E-3	1.21089E-5	9.99978E-1	4.64215E-9
7.68082E-1	-7.68415E-3	1.22399E-5	9.99988E-1	2.98340E-9
7.68737E-1	-6.87507E-3	1.00118E-5	1.00008E+0	3.62142E-9
7.69393E-1	-6.60537E-3	8.96334E-6	9.99969E-1	3.98131E-9
7.70048E-1	-6.06598E-3	3.58973E-6	1.00001E+0	2.98483E-9
7.70703E-1	-5.25689E-3	1.15846E-5	1.00003E+0	4.74151E-9
7.71359E-1	-6.06598E-3	8.96334E-6	9.99999E-1	3.61761E-9
7.72014E-1	-6.60537E-3	2.93442E-6	1.00002E+0	2.00878E-9
7.72669E-1	-6.06598E-3	7.78377E-6	9.99883E-1	5.28729E-9
7.73325E-1	-4.71749E-3	1.02740E-5	1.00012E+0	3.01050E-9
7.73980E-1	-6.06598E-3	5.16250E-6	9.99971E-1	2.68293E-9
7.74636E-1	-5.52658E-3	1.42059E-5	1.00006E+0	3.90619E-9
7.75291E-1	-5.52658E-3	-5.58471E-6	9.99910E-1	4.36070E-9
7.75946E-1	-6.06598E-3	6.47313E-6	1.00008E+0	3.17880E-9
7.76602E-1	-5.25689E-3	1.28952E-5	9.99919E-1	2.67818E-9
7.77257E-1	-5.52658E-3	1.14535E-5	1.00007E+0	3.72839E-9
7.77912E-1	-6.87507E-3	7.25951E-6	9.99891E-1	3.70034E-9
7.78568E-1	-4.71749E-3	6.73526E-6	1.00003E+0	2.81653E-9
7.79223E-1	-5.79628E-3	8.57015E-6	1.00004E+0	3.56151E-9
7.79878E-1	-9.30233E-3	1.97105E-5	9.99978E-1	3.03284E-9
7.80534E-1	-6.06598E-3	1.19778E-5	9.99986E-1	4.71631E-9
7.81189E-1	-4.98719E-3	1.06672E-5	9.99948E-1	1.91417E-9
7.81844E-1	-5.79628E-3	1.09293E-5	1.00007E+0	3.87291E-9
7.82500E-1	-4.44780E-3	1.35506E-5	9.99971E-1	3.71935E-9
7.83155E-1	-7.41446E-3	9.61866E-6	1.00005E+0	2.62683E-9
7.83811E-1	-6.33567E-3	1.21089E-5	9.99912E-1	3.57340E-9
7.84466E-1	-7.95385E-3	1.10604E-5	1.00005E+0	4.03598E-9
7.85121E-1	-4.98719E-3	9.09440E-6	9.99948E-1	2.19420E-9
7.85777E-1	-6.87507E-3	1.07982E-5	1.00015E+0	3.03142E-9
7.86432E-1	-4.44780E-3	6.47313E-6	9.99885E-1	4.34548E-9
7.87087E-1	-5.52658E-3	8.96334E-6	1.00009E+0	2.69339E-9
7.87743E-1	-4.71749E-3	8.96334E-6	1.00003E+0	3.61809E-9
7.88398E-1	-4.98719E-3	8.43908E-6	9.99946E-1	2.63729E-9
7.89053E-1	-6.33567E-3	4.76931E-6	1.00001E+0	3.58100E-9
7.89709E-1	-6.33567E-3	8.57015E-6	9.99933E-1	2.83602E-9
7.90364E-1	-3.63871E-3	1.91863E-5	1.00009E+0	3.81158E-9
7.91020E-1	-6.60537E-3	1.23710E-5	9.99885E-1	3.39179E-9
7.91675E-1	-6.06598E-3	8.30802E-6	1.00011E+0	2.75852E-9
7.92330E-1	-6.33567E-3	4.50718E-6	9.99910E-1	3.98939E-9
7.92986E-1	-4.17810E-3	1.83999E-5	1.00008E+0	2.89449E-9
7.93641E-1	-4.17810E-3	9.74972E-6	9.99876E-1	3.84249E-9
7.94296E-1	-5.25689E-3	9.74972E-6	1.00012E+0	1.92226E-9
7.94952E-1	-5.79628E-3	7.25951E-6	9.99950E-1	2.83649E-9
7.95607E-1	-6.60537E-3	8.43908E-6	9.99969E-1	4.46291E-9
7.96262E-1	-6.33567E-3	1.17157E-5	1.00003E+0	1.72543E-9
7.96918E-1	-6.33567E-3	8.70121E-6	1.00003E+0	3.82157E-9
7.97573E-1	-4.71749E-3	9.48759E-6	9.99997E-1	4.10207E-9
7.98228E-1	-4.44780E-3	1.27642E-5	9.99969E-1	2.30878E-9
7.98884E-1	-5.79628E-3	8.83228E-6	9.99965E-1	3.74170E-9
7.99539E-1	-6.33567E-3	8.83228E-6	1.05367E+0	-3.16618E-7
8.00195E-1	1.99319E+0	1.26331E-5	9.99593E-1	-3.76804E-8
8.00850E-1	1.99238E+0	7.65270E-6	9.99957E-1	-2.19335E-8
8.01505E-1	1.99373E+0	1.52544E-5	9.99992E-1	-1.63958E-8
8.02161E-1	1.99427E+0	6.99739E-6	9.99995E-1	-1.12198E-8
8.02816E-1	1.99454E+0	7.52164E-6	9.99963E-1	-1.12117E-8
8.03471E-1	1.99238E+0	5.81781E-6	1.00001E+0	-7.64704E-9
8.04127E-1	1.99292E+0	8.43908E-6	1.00001E+0	-8.28695E-9
8.04782E-1	1.99373E+0	1.06672E-5	1.00003E+0	-5.30130E-9
8.05437E-1	1.99454E+0	1.27642E-5	9.99959E-1	-6.33297E-9
8.06093E-1	1.99157E+0	9.48759E-6	1.00006E+0	-4.15173E-9
8.06748E-1	1.99292E+0	9.35653E-6	9.99931E-1	-4.22875E-9
8.07404E-1	1.99292E+0	3.72080E-6	9.99948E-1	-4.66899E-9
8.08059E-1	1.99265E+0	1.61718E-5	9.99988E-1	-3.53749E-9
8.08714E-1	1.99265E+0	1.01429E-5	1.00012E+0	-3.09582E-9
8.09370E-1	1.99238E+0	8.30802E-6	9.99914E-1	-2.77444E-9
8.10025E-1	1.99319E+0	7.65270E-6	1.00005E+0	-2.76968E-9
8.10680E-1	1.99265E+0	1.11914E-5	9.99878E-1	-2.68743E-9
8.11336E-1	1.99077E+0	1.25021E-5	1.00006E+0	-2.75257E-9
8.11991E-1	1.99157E+0	1.05361E-5	1.00002E+0	-7.25843E-10
8.12646E-1	1.99454E+0	1.02740E-5	9.99982E-1	-2.44544E-9
8.13302E-1	1.99373E+0	8.70121E-6	9.99925E-1	-2.36082E-9
8.13957E-1	1.99400E+0	1.57786E-5	1.00008E+0	-6.44546E-10
8.14612E-1	1.99454E+0	1.13225E-5	9.99933E-1	-1.58493E-9
8.15268E-1	1.99454E+0	9.48759E-6	1.00009E+0	-1.01490E-9
8.15923E-1	1.99346E+0	2.67229E-6	9.99980E-1	-1.15658E-9
8.16579E-1	1.99292E+0	9.61866E-6	9.99957E-1	-1.93674E-9
8.17234E-1	1.99319E+0	1.40748E-5	1.00010E+0	-1.29064E-9
8.17889E-1	1.99373E+0	7.25951E-6	9.99959E-1	2.10263E-10
8.18545E-1	1.99319E+0	3.19654E-6	1.00001E+0	-2.52056E-9
8.19200E-1	1.99427E+0	1.56476E-5	1.00001E+0	-8.02202E-11
8.19855E-1	1.99454E+0	3.58973E-6	9.99910E-1	-1.80059E-10
8.20511E-1	1.99319E+0	8.83228E-6	9.99963E-1	-1.30681E-9
8.21166E-1	1.99184E+0	5.29356E-6	1.00009E+0	-2.86078E-10
8.21821E-1	1.99238E+0	1.32884E-5	1.00003E+0	-6.81154E-10
8.22477E-1	1.99211E+0	1.69582E-5	9.99959E-1	-1.22123E-9
8.23132E-1	1.99454E+0	1.09293E-5	9.99938E-1	6.59061E-10
8.23788E-1	1.99346E+0	4.50718E-6	1.00003E+0	-3.66424E-10
8.24443E-1	1.99265E+0	1.06672E-5	9.99982E-1	-2.89406E-10
8.25098E-1	1.99265E+0	9.35653E-6	1.00004E+0	-1.00444E-9
8.25754E-1	1.99373E+0	8.17696E-6	9.99963E-1	1.93623E-10
8.26409E-1	1.99184E+0	5.68675E-6	1.00001E+0	2.48481E-11
8.27064E-1	1.99373E+0	7.78377E-6	1.00006E+0	-8.97946E-10
8.27720E-1	1.99292E+0	8.30802E-6	9.99984E-1	-7.19663E-10
8.28375E-1	1.99104E+0	5.42462E-6	9.99986E-1	9.47642E-10
8.29030E-1	1.99211E+0	9.35653E-6	1.00008E+0	-4.12065E-10
8.29686E-1	1.99211E+0	2.14804E-6	9.99916E-1	-3.02718E-10
8.30341E-1	1.99319E+0	7.25951E-6	1.00007E+0	4.71929E-11
8.30996E-1	1.99427E+0	8.96334E-6	9.99984E-1	-1.52009E-10
8.31652E-1	1.99265E+0	1.21089E-5	9.99957E-1	5.03598E-10
8.32307E-1	1.99157E+0	9.88078E-6	9.99931E-1	-1.14707E-9
8.32963E-1	1.99265E+0	1.45991E-5	1.00003E+0	7.77441E-10
8.33618E-1	1.99373E+0	2.11522E-5	9.99978E-1	2.17869E-10
8.34273E-1	1.99346E+0	6.21101E-6	1.00015E+0	-6.68793E-10
8.34929E-1	1.99427E+0	7.78377E-6	9.99847E-1	1.02561E-9
8.35584E-1	1.99265E+0	1.09293E-5	9.99995E-1	-2.94160E-10
8.36239E-1	1.99265E+0	6.73526E-6	1.00008E+0	6.24831E-10
8.36895E-1	1.99400E+0	-1.25961E-6	1.00009E+0	-1.25784E-9
8.37550E-1	1.99265E+0	7.12845E-6	9.99853E-1	5.43058E-10
8.38205E-1	1.99184E+0	6.73526E-6	1.00011E+0	5.87272E-10
8.38861E-1	1.99346E+0	8.70121E-6	9.99978E-1	-7.12531E-10
8.39516E-1	1.99292E+0	6.47313E-6	9.47013E-1	3.17546E-7
8.40172E-1	-6.33567E-3	1.05361E-5	1.00028E+0	4.27225E-8
8.40827E-1	-6.60537E-3	9.88078E-6	1.00001E+0	2.46531E-8
8.41482E-1	-6.33567E-3	1.62378E-6	9.99952E-1	1.97929E-8
8.42138E-1	-6.87507E-3	9.35653E-6	1.00005E+0	1.53467E-8
8.42793E-1	-6.06598E-3	9.61866E-6	1.00003E+0	1.40165E-8
8.43448E-1	-5.79628E-3	7.52164E-6	9.99919E-1	1.12139E-8
8.44104E-1	-7.41446E-3	1.91863E-5	1.00005E+0	1.13275E-8
8.44759E-1	-6.87507E-3	7.78377E-6	1.00003E+0	1.02274E-8
8.45414E-1	-7.14476E-3	7.52164E-6	1.00004E+0	8.98940E-9
8.46070E-1	-6.06598E-3	8.57015E-6	9.99942E-1	7.57265E-9
8.46725E-1	-5.52658E-3	5.29356E-6	1.00000E+0	7.62827E-9
8.47380E-1	-4.98719E-3	7.65270E-6	1.00005E+0	7.31212E-9
8.48036E-1	-6.60537E-3	1.21089E-5	9.99999E-1	7.10959E-9
8.48691E-1	-4.71749E-3	5.75274E-7	1.00004E+0	7.06299E-9
8.49347E-1	-6.33567E-3	1.04050E-5	9.99971E-1	6.48346E-9
8.50002E-1	-5.52658E-3	1.11914E-5	9.99967E-1	5.38951E-9
8.50657E-1	-6.06598E-3	4.50718E-6	1.00002E+0	5.64529E-9
8.51313E-1	-5.52658E-3	8.96334E-6	1.00002E+0	6.53052E-9
8.51968E-1	-7.41446E-3	1.10604E-5	9.99961E-1	5.41185E-9
8.52623E-1	-6.33567E-3	8.83228E-6	1.00010E+0	4.51426E-9
8.53279E-1	-5.25689E-3	6.07994E-6	9.99961E-1	4.72344E-9
8.53934E-1	-6.33567E-3	6.21101E-6	9.99971E-1	4.54468E-9
8.54589E-1	-6.33567E-3	1.26331E-5	1.00004E+0	5.95241E-9
8.55245E-1	-6.33567E-3	9.74972E-6	9.99967E-1	3.50161E-9
8.55900E-1	-5.25689E-3	1.00118E-5	9.99940E-1	5.32818E-9
8.56556E-1	-6.33567E-3	9.09440E-6	1.00005E+0	5.14514E-9
8.57211E-1	-5.79628E-3	1.05361E-5	1.00003E+0	3.32047E-9
8.57866E-1	-5.79628E-3	1.04050E-5	1.00001E+0	4.46481E-9
8.58522E-1	-6.06598E-3	1.26331E-5	1.00000E+0	4.13915E-9
8.59177E-1	-6.87507E-3	9.09440E-6	9.99878E-1	5.03580E-9
8.59832E-1	-5.79628E-3	1.85310E-5	1.00006E+0	3.06184E-9
8.60488E-1	-5.79628E-3	1.10604E-5	1.00006E+0	3.91190E-9
8.61143E-1	-7.14476E-3	8.43908E-6	9.99946E-1	5.44133E-9
8.61798E-1	-6.33567E-3	2.23318E-5	1.00003E+0	2.91446E-9
8.62454E-1	-5.79628E-3	1.09293E-5	9.99965E-1	3.97608E-9
8.63109E-1	-6.60537E-3	3.58973E-6	1.00002E+0	4.71726E-9
8.63764E-1	-3.90841E-3	2.40356E-5	9.99935E-1	3.50922E-9
8.64420E-1	-4.98719E-3	2.49531E-5	1.00009E+0	3.49067E-9
8.65075E-1	-6.87507E-3	1.27642E-5	9.99942E-1	3.57577E-9
8.65731E-1	-5.79628E-3	8.57015E-6	1.00003E+0	4.26133E-9
8.66386E-1	-6.06598E-3	1.00118E-5	9.99919E-1	4.09969E-9
8.67041E-1	-6.06598E-3	4.90037E-6	1.00010E+0	4.06451E-9
8.67697E-1	-5.79628E-3	1.48612E-5	9.99976E-1	3.78353E-9
8.68352E-1	-7.14476E-3	1.02740E-5	1.00003E+0	1.89516E-9
8.69007E-1	-4.44780E-3	6.47313E-6	9.99946E-1	4.51283E-9
8.69663E-1	-7.95385E-3	9.48759E-6	9.99961E-1	4.27750E-9
8.70318E-1	-6.33567E-3	1.10604E-5	9.99967E-1	2.90543E-9
8.70973E-1	-7.14476E-3	5.68675E-6	1.00020E+0	3.69320E-9
8.71629E-1	-5.79628E-3	1.27642E-5	9.99900E-1	4.36878E-9
8.72284E-1	-6.60537E-3	1.36816E-5	9.99982E-1	3.15693E-9
8.72940E-1	-5.79628E-3	9.88078E-6	1.00001E+0	3.39559E-9
8.73595E-1	-4.98719E-3	1.10604E-5	1.00003E+0	3.66230E-9
8.74250E-1	-5.25689E-3	8.30802E-6	9.99997E-1	2.59688E-9
8.74906E-1	-5.79628E-3	-8.00432E-8	9.99916E-1	4.06071E-9
8.75561E-1	-3.09932E-3	8.70121E-6	1.00002E+0	3.55771E-9
8.76216E-1	-5.52658E-3	6.07994E-6	1.00001E+0	3.06802E-9
8.76872E-1	-4.44780E-3	1.04050E-5	1.00007E+0	4.02980E-9
8.77527E-1	-5.25689E-3	2.93442E-6	9.99933E-1	3.06327E-9
8.78182E-1	-5.25689E-3	8.57015E-6	1.00006E+0	3.03997E-9
8.78838E-1	-3.36901E-3	1.19778E-5	9.99904E-1	3.36802E-9
8.79493E-1	-6.06598E-3	5.94888E-6	1.00015E+0	3.28910E-9
8.80148E-1	-4.71749E-3	1.01429E-5	9.99872E-1	3.35898E-9
8.80804E-1	-6.33567E-3	8.43908E-6	1.00003E+0	3.77735E-9
8.81459E-1	-6.06598E-3	2.67229E-6	1.00003E+0	2.56836E-9
8.82115E-1	-5.52658E-3	1.00118E-5	1.00004E+0	3.18831E-9
8.82770E-1	-4.98719E-3	1.81378E-5	9.99904E-1	3.87386E-9
8.83425E-1	-6.87507E-3	9.74972E-6	1.00005E+0	2.89545E-9
8.84081E-1	-8.22355E-3	1.14535E-5	1.00001E+0	3.16358E-9
8.84736E-1	-4.98719E-3	8.57015E-6	9.99931E-1	4.09589E-9
8.85391E-1	-5.79628E-3	1.22399E-5	1.00011E+0	3.21065E-9
8.86047E-1	-5.52658E-3	1.09293E-5	9.99948E-1	2.96676E-9
8.86702E-1	-5.52658E-3	6.73526E-6	1.00002E+0	3.84867E-9
8.87357E-1	-6.33567E-3	2.27250E-5	9.99919E-1	3.08181E-9
8.88013E-1	-6.06598E-3	9.22547E-6	1.00011E+0	2.01496E-9
8.88668E-1	-6.87507E-3	7.52164E-6	9.99950E-1	3.70556E-9
8.89324E-1	-5.25689E-3	6.21101E-6	9.99969E-1	3.16121E-9
8.89979E-1	-4.44780E-3	8.04589E-6	1.00007E+0	3.94851E-9
8.90634E-1	-4.44780E-3	9.74972E-6	9.99957E-1	2.45758E-9
8.91290E-1	-6.60537E-3	1.28952E-5	9.99980E-1	3.66325E-9
8.91945E-1	-4.98719E-3	8.43908E-6	1.00000E+0	3.69558E-9
8.92600E-1	-4.98719E-3	1.05361E-5	1.00005E+0	2.19943E-9
8.93256E-1	-5.25689E-3	1.09293E-5	9.99902E-1	3.56959E-9
8.93911E-1	-5.25689E-3	-7.94385E-6	1.00009E+0	2.43761E-9
8.94566E-1	-5.52658E-3	1.02740E-5	9.99965E-1	3.55818E-9
8.95222E-1	-1.06508E-2	8.83228E-6	1.00006E+0	3.04996E-9
8.95877E-1	-5.52658E-3	1.06672E-5	9.99976E-1	4.33265E-9
8.96532E-1	-6.06598E-3	1.02740E-5	9.99923E-1	2.09151E-9
8.97188E-1	-6.60537E-3	9.35653E-6	1.00007E+0	4.53898E-9
8.97843E-1	-4.71749E-3	1.56476E-5	9.99980E-1	2.87976E-9
8.98499E-1	-5.79628E-3	1.30263E-5	1.00001E+0	2.76423E-9
8.99154E-1	-6.33567E-3	8.96334E-6	1.03981E+0	-1.06632E-7
8.99809E-1	1.99481E+0	6.60420E-6	1.01304E+0	-2.29886E-7
9.00465E-1	1.99481E+0	1.15846E-5	9.99864E-1	-2.77336E-8
9.01120E-1	1.99400E+0	6.73526E-6	1.00005E+0	-1.83079E-8
9.01775E-1	1.99508E+0	1.15846E-5	9.99971E-1	-1.29746E-8
9.02431E-1	1.99373E+0	9.48759E-6	9.99999E-1	-1.21631E-8
9.03086E-1	1.99427E+0	5.42462E-6	9.99992E-1	-9.34096E-9
9.03741E-1	1.99427E+0	1.45991E-5	9.99992E-1	-7.42929E-9
9.04397E-1	1.99454E+0	8.43908E-6	9.99954E-1	-7.07748E-9
9.05052E-1	1.99346E+0	7.78377E-6	1.00000E+0	-5.98401E-9
9.05708E-1	1.99292E+0	1.05361E-5	1.00003E+0	-5.03602E-9
9.06363E-1	1.99238E+0	9.48759E-6	9.99973E-1	-6.28780E-9
9.07018E-1	1.99211E+0	8.57015E-6	9.99961E-1	-3.20564E-9
9.07674E-1	1.99427E+0	9.22547E-6	1.00008E+0	-4.93666E-9
9.08329E-1	1.99427E+0	1.76135E-5	9.99931E-1	-2.83054E-9
9.08984E-1	1.99292E+0	7.65270E-6	1.00001E+0	-2.65130E-9
9.09640E-1	1.99346E+0	1.48612E-5	9.99959E-1	-2.85573E-9
9.10295E-1	1.99373E+0	8.96334E-6	1.00008E+0	-2.24482E-9
9.10950E-1	1.99157E+0	1.32884E-5	9.99963E-1	-3.05256E-9
9.11606E-1	1.99400E+0	1.13225E-5	9.99965E-1	-1.61916E-9
9.12261E-1	1.99373E+0	1.27642E-5	1.00004E+0	-2.26716E-9
9.12916E-1	1.99184E+0	7.91483E-6	1.00005E+0	-2.02184E-9
9.13572E-1	1.99265E+0	1.26331E-5	9.99916E-1	-1.65054E-9
9.14227E-1	1.99265E+0	1.36816E-5	1.00004E+0	-1.16371E-9
9.14883E-1	1.99184E+0	8.30802E-6	9.99944E-1	-1.88112E-9
9.15538E-1	1.99373E+0	5.16250E-6	1.00009E+0	-1.73089E-9
9.16193E-1	1.99319E+0	5.03143E-6	9.99925E-1	-1.44278E-9
9.16849E-1	1.99238E+0	9.22547E-6	9.99978E-1	-2.47093E-10
9.17504E-1	1.99130E+0	7.52164E-6	1.00009E+0	-1.39096E-9
9.18159E-1	1.99238E+0	9.35653E-6	1.00003E+0	-7.64828E-10
9.18815E-1	1.99157E+0	7.65270E-6	1.00001E+0	-5.69905E-10
9.19470E-1	1.99400E+0	7.52164E-6	9.99866E-1	-1.05436E-9
9.20125E-1	1.99454E+0	2.20697E-5	1.00006E+0	-1.28779E-9
9.20781E-1	1.99319E+0	8.17696E-6	9.99976E-1	6.52590E-11
9.21436E-1	1.99265E+0	1.07982E-5	1.00008E+0	-7.28696E-10
9.22092E-1	1.99238E+0	7.52164E-6	9.99992E-1	8.99809E-11
9.22747E-1	1.99373E+0	2.41016E-6	9.99984E-1	-6.28857E-10
9.23402E-1	1.99157E+0	1.18467E-5	9.99961E-1	-7.02072E-10
9.24058E-1	1.99211E+0	1.23710E-5	1.00004E+0	-6.33611E-10
9.24713E-1	1.99211E+0	1.00118E-5	1.00005E+0	-1.74645E-11
9.25368E-1	1.99023E+0	1.15846E-5	9.99910E-1	-1.15401E-10
9.26024E-1	1.99319E+0	7.12845E-6	1.00003E+0	-4.02847E-11
9.26679E-1	1.99346E+0	3.98293E-6	1.00000E+0	-1.12805E-9
9.27334E-1	1.99292E+0	1.43369E-5	1.00006E+0	3.31495E-10
9.27990E-1	1.99184E+0	1.00118E-5	9.99988E-1	-4.81952E-10
9.28645E-1	1.99265E+0	1.15846E-5	1.00000E+0	-6.82104E-10
9.29300E-1	1.99319E+0	1.21089E-5	9.99976E-1	3.52414E-10
9.29956E-1	1.99454E+0	7.78377E-6	9.99912E-1	-7.25368E-10
9.30611E-1	1.99157E+0	1.05361E-5	1.00006E+0	-7.83185E-11
9.31267E-1	1.99265E+0	1.21089E-5	1.00002E+0	3.05822E-10
9.31922E-1	1.99373E+0	4.76931E-6	9.99980E-1	-2.46618E-10
9.32577E-1	1.99292E+0	9.09440E-6	9.99971E-1	6.36716E-10
9.33233E-1	1.98996E+0	-7.68173E-6	1.00005E+0	-1.72452E-10
9.33888E-1	1.99508E+0	1.42059E-5	9.99957E-1	-5.04297E-10
9.34543E-1	1.99319E+0	1.15846E-5	1.00009E+0	6.34814E-10
9.35199E-1	1.99157E+0	2.67229E-6	1.00001E+0	-1.14041E-9
9.35854E-1	1.99211E+0	1.17157E-5	1.00002E+0	3.98054E-10
9.36509E-1	1.99211E+0	8.83228E-6	9.99906E-1	7.19915E-10
9.37165E-1	1.99238E+0	8.17696E-6	1.00002E+0	-1.04942E-10
9.37820E-1	1.99265E+0	2.29871E-5	9.99952E-1	-2.69914E-10
9.38476E-1	1.99184E+0	8.04589E-6	1.00002E+0	1.29565E-9
9.39131E-1	1.99238E+0	1.10604E-5	9.64860E-1	9.20703E-8
9.39786E-1	-8.76294E-3	8.04589E-6	9.82067E-1	2.48104E-7
9.40442E-1	-7.41446E-3	5.68675E-6	1.00014E+0	3.07994E-8
9.41097E-1	-6.33567E-3	1.38127E-5	9.99978E-1	2.17535E-8
9.41752E-1	-6.33567E-3	1.06672E-5	1.00006E+0	1.80847E-8
9.42408E-1	-5.25689E-3	8.43908E-6	9.99997E-1	1.39927E-8
9.43063E-1	-4.98719E-3	9.35653E-6	9.99957E-1	1.31703E-8
9.43718E-1	-6.87507E-3	8.43908E-6	9.99992E-1	1.16698E-8
9.44374E-1	-6.06598E-3	9.48759E-6	1.00009E+0	1.05488E-8
9.45029E-1	-6.60537E-3	1.14535E-5	1.00003E+0	9.28369E-9
9.45684E-1	-6.60537E-3	7.65270E-6	9.99902E-1	8.13745E-9
9.46340E-1	-4.17810E-3	7.12845E-6	1.00012E+0	7.99387E-9
9.46995E-1	-6.06598E-3	5.68675E-6	9.99961E-1	7.20942E-9
9.47651E-1	-5.25689E-3	5.81781E-6	9.99965E-1	7.45474E-9
9.48306E-1	-5.25689E-3	1.11914E-5	1.00002E+0	6.35889E-9
9.48961E-1	-6.33567E-3	1.25021E-5	9.99992E-1	6.27950E-9
9.49617E-1	-6.87507E-3	-1.03030E-5	9.99988E-1	6.38742E-9
9.50272E-1	-6.60537E-3	7.78377E-6	1.00006E+0	6.54478E-9
9.50927E-1	-5.25689E-3	6.60420E-6	9.99984E-1	4.92645E-9
9.51583E-1	-4.17810E-3	1.47301E-5	9.99990E-1	6.43639E-9
9.52238E-1	-5.79628E-3	1.32884E-5	9.99929E-1	5.05339E-9
9.52893E-1	-5.79628E-3	1.02740E-5	1.00001E+0	4.84753E-9
9.53549E-1	-6.87507E-3	6.21101E-6	1.00002E+0	5.46510E-9
9.54204E-1	-4.98719E-3	3.58973E-6	9.99967E-1	4.62788E-9
9.54860E-1	-3.36901E-3	1.60408E-5	1.00010E+0	4.58795E-9
9.55515E-1	-5.79628E-3	1.09293E-5	9.99897E-1	5.05006E-9
9.56170E-1	-6.33567E-3	1.05361E-5	1.00008E+0	4.40016E-9
9.56826E-1	-4.71749E-3	7.52164E-6	9.99988E-1	3.97608E-9
9.57481E-1	-6.06598E-3	-6.50216E-6	1.00007E+0	4.23186E-9
9.58136E-1	-5.79628E-3	1.36166E-6	9.99995E-1	5.06432E-9
9.58792E-1	-6.60537E-3	1.40748E-5	9.99978E-1	4.31315E-9
9.59447E-1	-6.33567E-3	1.01429E-5	9.99938E-1	4.60364E-9
9.60102E-1	-5.52658E-3	1.15846E-5	1.00005E+0	3.78116E-9
9.60758E-1	-6.33567E-3	1.18467E-5	1.00005E+0	3.45216E-9
9.61413E-1	-4.71749E-3	7.91483E-6	9.99999E-1	4.78192E-9
9.62068E-1	-5.52658E-3	1.98416E-5	9.99948E-1	2.60877E-9
9.62724E-1	-5.52658E-3	1.43369E-5	1.00002E+0	4.60839E-9
9.63379E-1	-7.14476E-3	2.14804E-6	1.00001E+0	3.73171E-9
9.64035E-1	-5.79628E-3	3.45867E-6	9.99969E-1	3.19877E-9
9.64690E-1	-6.33567E-3	1.23710E-5	9.99868E-1	4.87082E-9
9.65345E-1	-6.60537E-3	9.74972E-6	1.00012E+0	4.15436E-9
9.66001E-1	-6.33567E-3	1.49923E-5	1.00001E+0	3.55676E-9
9.66656E-1	-6.60537E-3	9.74972E-6	9.99971E-1	3.18783E-9
9.67311E-1	-4.98719E-3	7.39058E-6	1.00006E+0	3.75976E-9
9.67967E-1	-6.06598E-3	9.22547E-6	9.99887E-1	4.12774E-9
9.68622E-1	-5.25689E-3	7.65270E-6	1.00001E+0	2.77992E-9
9.69277E-1	-5.79628E-3	8.57015E-6	1.00010E+0	4.40111E-9
9.69933E-1	-7.68415E-3	1.35506E-5	9.99963E-1	2.56788E-9
9.70588E-1	-4.17810E-3	3.19654E-6	1.00005E+0	4.62028E-9
9.71244E-1	-5.79628E-3	1.05361E-5	9.99940E-1	3.85009E-9
9.71899E-1	-4.71749E-3	1.65650E-5	9.99927E-1	2.13620E-9
9.72554E-1	-6.06598E-3	1.82688E-5	1.00005E+0	4.38447E-9
9.73210E-1	-6.06598E-3	8.96334E-6	1.00003E+0	3.90334E-9
9.73865E-1	-6.06598E-3	9.22547E-6	1.00001E+0	3.15883E-9
9.74520E-1	-5.25689E-3	-3.22557E-6	9.99897E-1	2.83269E-9
9.75176E-1	-3.90841E-3	1.13225E-5	1.00002E+0	4.16387E-9
9.75831E-1	-5.79628E-3	2.06280E-5	1.00014E+0	3.12555E-9
9.76486E-1	-4.44780E-3	5.10203E-8	9.99982E-1	2.84362E-9
9.77142E-1	-6.06598E-3	7.91483E-6	9.99978E-1	3.93900E-9
9.77797E-1	-5.52658E-3	7.91483E-6	9.99910E-1	3.64091E-9
9.78452E-1	-5.79628E-3	1.04050E-5	1.00003E+0	3.12032E-9
9.79108E-1	-6.87507E-3	3.06548E-6	9.99967E-1	2.76328E-9
9.79763E-1	-5.25689E-3	9.61866E-6	9.99999E-1	4.04216E-9
9.80419E-1	-4.98719E-3	9.88078E-6	1.00007E+0	2.65773E-9
9.81074E-1	-5.25689E-3	9.61866E-6	1.00007E+0	3.66801E-9
9.81729E-1	-4.71749E-3	8.83228E-6	9.99883E-1	3.96800E-9
9.82385E-1	-5.52658E-3	1.11914E-5	1.00005E+0	3.25629E-9
9.83040E-1	-7.41446E-3	3.58973E-6	9.99986E-1	2.15902E-9
9.83695E-1	-5.52658E-3	6.73526E-6	1.00004E+0	3.54154E-9
9.84351E-1	-7.14476E-3	1.04050E-5	9.99978E-1	3.31429E-9
9.85006E-1	-4.98719E-3	1.51233E-5	9.99990E-1	2.87976E-9
9.85661E-1	-7.14476E-3	9.74972E-6	1.00001E+0	3.10225E-9
9.86317E-1	-6.06598E-3	1.07982E-5	1.00003E+0	4.09589E-9
9.86972E-1	-6.06598E-3	1.14535E-5	9.99997E-1	2.86882E-9
9.87628E-1	-5.25689E-3	1.22399E-5	9.99986E-1	3.38275E-9
9.88283E-1	-5.52658E-3	1.11914E-5	9.99973E-1	2.36773E-9
9.88938E-1	-6.06598E-3	9.09440E-6	1.00003E+0	4.30079E-9
9.89594E-1	-7.95385E-3	6.60420E-6	9.99929E-1	3.10843E-9
9.90249E-1	-8.22355E-3	2.07591E-5	9.99990E-1	2.98673E-9
9.90904E-1	-6.33567E-3	1.86620E-5	1.00009E+0	2.57168E-9
9.91560E-1	-6.60537E-3	9.74972E-6	9.99984E-1	3.01145E-9
9.92215E-1	-6.06598E-3	1.36166E-6	9.99973E-1	4.34881E-9
9.92870E-1	-6.06598E-3	9.61866E-6	1.00006E+0	2.05442E-9
9.93526E-1	-6.33567E-3	9.48759E-6	9.99957E-1	4.54373E-9
9.94181E-1	-5.52658E-3	1.18467E-5	1.00005E+0	2.42716E-9
9.94836E-1	-6.87507E-3	-5.06046E-6	9.99887E-1	3.74598E-9
9.95492E-1	-6.60537E-3	8.83228E-6	1.00003E+0	2.77849E-9
9.96147E-1	-4.17810E-3	1.70893E-5	9.99997E-1	2.52367E-9
9.96803E-1	-5.79628E-3	8.30802E-6	1.00003E+0	4.28843E-9
9.97458E-1	-5.79628E-3	8.30802E-6	9.99982E-1	3.23585E-9
9.98113E-1	-4.44780E-3	1.13225E-5	9.99969E-1	2.40909E-9
9.98769E-1	-4.44780E-3	1.07982E-5	1.00001E+0	2.94346E-9
9.99424E-1	-6.60537E-3	5.81781E-6	1.05302E+0	-3.08366E-7
