## Header ##
[General info]
User	Giorgos_Psaltakis
Device	Sample
Cell area (cm2)	1
Test	Pulsed
Date	2024-03-03
Time	04:05:00
Temperature	21.35
Note	

[Acquisition Settings]
Amplitude (V)	2.000
Frequency (Hz)	5.0
DC Offset (V)	1.000
Duty Cycle (%)	50
Phase (°)	0
Cycles	3

## Data ##
Time (s)	DC Channel Voltage (V)	DC Channel Current (A)	Pulse Channel Voltage (V)	Pulse Channel Current (A)
0.00000E+0	1.99238E+0	1.11914E-5	1.00216E+0	9.47413E-8
6.55360E-4	1.99319E+0	1.68271E-5	1.00074E+0	1.18065E-7
1.31072E-3	1.99346E+0	3.45867E-6	1.00028E+0	4.16419E-8
1.96608E-3	1.99400E+0	1.65650E-5	1.00012E+0	4.39635E-9
2.62144E-3	1.99238E+0	1.06672E-5	9.99954E-1	1.50579E-9
3.27680E-3	1.99184E+0	1.30263E-5	1.00000E+0	1.26237E-9
3.93216E-3	1.99238E+0	1.06672E-5	1.00005E+0	2.04444E-9
4.58752E-3	1.99238E+0	1.05361E-5	1.00000E+0	9.69987E-10
5.24288E-3	1.99319E+0	6.47313E-6	9.99982E-1	2.11861E-9
5.89824E-3	1.99319E+0	1.97105E-5	1.00001E+0	3.19258E-9
6.55360E-3	1.99346E+0	1.14535E-5	9.99906E-1	1.67028E-9
7.20896E-3	1.99157E+0	-7.35361E-7	1.00008E+0	2.17566E-9
7.86432E-3	1.99157E+0	1.13225E-5	9.99961E-1	2.88641E-9
8.51968E-3	1.99319E+0	2.19386E-5	1.00000E+0	2.84743E-9
9.17504E-3	1.98996E+0	1.01429E-5	1.00004E+0	2.17138E-9
9.83040E-3	1.99427E+0	1.35506E-5	9.99942E-1	2.23699E-9
1.04858E-2	1.99265E+0	2.02348E-5	1.00009E+0	2.81748E-9
1.11411E-2	1.99184E+0	-2.96344E-6	9.99961E-1	2.21084E-9
1.17965E-2	1.99157E+0	8.83228E-6	1.00006E+0	2.54839E-9
1.24518E-2	1.99346E+0	8.96334E-6	9.99925E-1	3.67181E-9
1.31072E-2	1.99184E+0	1.35506E-5	1.00009E+0	1.93937E-9
1.37626E-2	1.99238E+0	1.07982E-5	9.99933E-1	2.18231E-9
1.44179E-2	1.99238E+0	9.61866E-6	1.00005E+0	2.82271E-9
1.50733E-2	1.99184E+0	4.76931E-6	9.99944E-1	3.41413E-9
1.57286E-2	1.99157E+0	7.65270E-6	1.00005E+0	1.40310E-9
1.63840E-2	1.99238E+0	8.43908E-6	9.99891E-1	3.25106E-9
1.70394E-2	1.99157E+0	1.00118E-5	1.00007E+0	2.34966E-9
1.76947E-2	1.99427E+0	3.06548E-6	9.99931E-1	3.08038E-9
1.83501E-2	1.99481E+0	9.22547E-6	1.00010E+0	2.85979E-9
1.90054E-2	1.99373E+0	1.11914E-5	9.99986E-1	2.95725E-9
1.96608E-2	1.99454E+0	4.37612E-6	1.00002E+0	2.60021E-9
2.03162E-2	1.99211E+0	3.85186E-6	9.99874E-1	3.00337E-9
2.09715E-2	1.99184E+0	9.09440E-6	1.00005E+0	3.02619E-9
2.16269E-2	1.99292E+0	6.21101E-6	1.00001E+0	3.15265E-9
2.22822E-2	1.99427E+0	9.61866E-6	1.00011E+0	1.77725E-9
2.29376E-2	1.99238E+0	6.99739E-6	9.99942E-1	3.44598E-9
2.35930E-2	1.99184E+0	9.22547E-6	9.99980E-1	1.87424E-9
2.42483E-2	1.99211E+0	1.09293E-5	9.99990E-1	3.82394E-9
2.49037E-2	1.99238E+0	5.10203E-8	1.00001E+0	2.19943E-9
2.55590E-2	1.99454E+0	3.58973E-6	9.99982E-1	3.44646E-9
2.62144E-2	1.99211E+0	1.21089E-5	1.00001E+0	2.32779E-9
2.68698E-2	1.99184E+0	1.00118E-5	1.00008E+0	2.00688E-9
2.75251E-2	1.99454E+0	9.22547E-6	1.00002E+0	2.20846E-9
2.81805E-2	1.99238E+0	1.11914E-5	9.99919E-1	2.27359E-9
2.88358E-2	1.99319E+0	1.18467E-5	9.99982E-1	3.49733E-9
2.94912E-2	1.99238E+0	9.74972E-6	1.00004E+0	1.98691E-9
3.01466E-2	1.99265E+0	7.52164E-6	9.99963E-1	3.91903E-9
3.08019E-2	1.99184E+0	6.99739E-6	1.00007E+0	2.43143E-9
3.14573E-2	1.99184E+0	2.15454E-5	9.99862E-1	2.31591E-9
3.21126E-2	1.99319E+0	1.72203E-5	1.00015E+0	2.91161E-9
3.27680E-2	1.99157E+0	1.01429E-5	9.99889E-1	3.32903E-9
3.34234E-2	1.99238E+0	9.35653E-6	1.00002E+0	2.09388E-9
3.40787E-2	1.99589E+0	1.39438E-5	1.00001E+0	2.25125E-9
3.47341E-2	1.99238E+0	1.17157E-5	1.00003E+0	3.47261E-9
3.53894E-2	1.99373E+0	1.11914E-5	9.99870E-1	1.79532E-9
3.60448E-2	1.99400E+0	1.82688E-5	1.00018E+0	2.68151E-9
3.67002E-2	1.99292E+0	1.19778E-5	9.99874E-1	3.27626E-9
3.73555E-2	1.99319E+0	8.83228E-6	1.00006E+0	1.95173E-9
3.80109E-2	1.99373E+0	1.48612E-5	1.00005E+0	3.11081E-9
3.86662E-2	1.99238E+0	8.96334E-6	9.99925E-1	2.67675E-9
3.93216E-2	1.99157E+0	1.05361E-5	1.00001E+0	2.24887E-9
3.99770E-2	1.99319E+0	7.52164E-6	9.99995E-1	2.71051E-9
4.06323E-2	1.99373E+0	1.05361E-5	9.99988E-1	2.68816E-9
4.12877E-2	1.99454E+0	1.53855E-5	1.00006E+0	2.85503E-9
4.19430E-2	1.98996E+0	2.42978E-5	9.99935E-1	1.17584E-9
4.25984E-2	1.99104E+0	1.06672E-5	9.99982E-1	3.73409E-9
4.32538E-2	1.99265E+0	1.19778E-5	1.00001E+0	1.91703E-9
4.39091E-2	1.99319E+0	9.22547E-6	1.00006E+0	2.22320E-9
4.45645E-2	1.99265E+0	6.99739E-6	9.99952E-1	2.93015E-9
4.52198E-2	1.99211E+0	1.22399E-5	1.00005E+0	1.79389E-9
4.58752E-2	1.99211E+0	1.32884E-5	1.00001E+0	3.26152E-9
4.65306E-2	1.99265E+0	6.99739E-6	1.00003E+0	2.43143E-9
4.71859E-2	1.99184E+0	1.02740E-5	9.99895E-1	2.55980E-9
4.78413E-2	1.99238E+0	9.74972E-6	1.00004E+0	2.10292E-9
4.84966E-2	1.99265E+0	7.52164E-6	9.99988E-1	2.26646E-9
4.91520E-2	1.99211E+0	2.03659E-5	1.00008E+0	1.86806E-9
4.98074E-2	1.99211E+0	1.10604E-5	9.99957E-1	3.14837E-9
5.04627E-2	1.99292E+0	1.55165E-5	9.99963E-1	2.78467E-9
5.11181E-2	1.99184E+0	8.17696E-6	1.00008E+0	2.28500E-9
5.17734E-2	1.99265E+0	9.22547E-6	9.99946E-1	2.66249E-9
5.24288E-2	1.99184E+0	1.72203E-5	1.00003E+0	2.35204E-9
5.30842E-2	1.99292E+0	1.17157E-5	9.99963E-1	1.69168E-9
5.37395E-2	1.99292E+0	1.53855E-5	1.00002E+0	3.56532E-9
5.43949E-2	1.99211E+0	1.11914E-5	9.99940E-1	2.09911E-9
5.50502E-2	1.99292E+0	6.21101E-6	9.99997E-1	1.99262E-9
5.57056E-2	1.99346E+0	1.97105E-5	9.99999E-1	1.77820E-9
5.63610E-2	1.99292E+0	1.31574E-5	1.00007E+0	3.63235E-9
5.70163E-2	1.99292E+0	1.43369E-5	9.99965E-1	1.52671E-9
5.76717E-2	1.99265E+0	1.13225E-5	1.00008E+0	1.99832E-9
5.83270E-2	1.99238E+0	3.45867E-6	9.99902E-1	2.55362E-9
5.89824E-2	1.99211E+0	8.83228E-6	1.00001E+0	1.78866E-9
5.96378E-2	1.99319E+0	6.21101E-6	1.00005E+0	3.38038E-9
6.02931E-2	1.99265E+0	1.09293E-5	9.99997E-1	1.80007E-9
6.09485E-2	1.99265E+0	7.78377E-6	9.99933E-1	3.00432E-9
6.16038E-2	1.99211E+0	6.73526E-6	1.00009E+0	1.63082E-9
6.22592E-2	1.99130E+0	8.17696E-6	9.99938E-1	3.58861E-9
6.29146E-2	1.99319E+0	1.27642E-5	1.00008E+0	1.69263E-9
6.35699E-2	1.99373E+0	8.04589E-6	9.99912E-1	2.53508E-9
6.42253E-2	1.99238E+0	8.30802E-6	1.00010E+0	2.22890E-9
6.48806E-2	1.99346E+0	8.70121E-6	9.99908E-1	2.59641E-9
6.55360E-2	1.99050E+0	3.45867E-6	1.00000E+0	1.47013E-9
6.61914E-2	1.99238E+0	1.04050E-5	9.99997E-1	2.12574E-9
6.68467E-2	1.99077E+0	9.22547E-6	9.99948E-1	2.60829E-9
6.75021E-2	1.99346E+0	5.42462E-6	1.00003E+0	2.83602E-9
6.81574E-2	1.99184E+0	1.36816E-5	1.00004E+0	2.08913E-9
6.88128E-2	1.99211E+0	6.21101E-6	9.99948E-1	2.13192E-9
6.94682E-2	1.99427E+0	3.58973E-6	9.99963E-1	2.52890E-9
7.01235E-2	1.99346E+0	1.14535E-5	1.00011E+0	1.10073E-9
7.07789E-2	1.99373E+0	-8.00432E-8	9.99938E-1	2.91684E-9
7.14342E-2	1.99319E+0	5.81781E-6	1.00005E+0	3.03379E-9
7.20896E-2	1.99211E+0	6.60420E-6	9.99908E-1	1.37219E-9
7.27450E-2	1.99211E+0	9.61866E-6	1.00004E+0	2.61067E-9
7.34003E-2	1.99292E+0	2.61327E-5	9.99988E-1	1.89611E-9
7.40557E-2	1.99265E+0	1.14535E-5	1.00006E+0	2.99814E-9
7.47110E-2	1.99211E+0	4.90037E-6	9.99948E-1	2.14808E-9
7.53664E-2	1.99238E+0	1.09293E-5	1.00001E+0	1.88375E-9
7.60218E-2	1.99104E+0	1.23710E-5	9.99997E-1	1.67789E-9
7.66771E-2	1.99292E+0	1.11914E-5	1.00003E+0	2.66629E-9
7.73325E-2	1.99265E+0	1.31574E-5	9.99925E-1	1.63748E-9
7.79878E-2	1.99050E+0	9.88078E-6	1.00008E+0	3.16216E-9
7.86432E-2	1.99184E+0	1.07982E-5	9.99969E-1	1.86853E-9
7.92986E-2	1.99211E+0	1.25021E-5	9.99984E-1	2.41527E-9
7.99539E-2	1.99104E+0	4.24505E-6	9.99990E-1	2.18136E-9
8.06093E-2	1.99211E+0	1.07982E-5	1.00004E+0	2.21607E-9
8.12646E-2	1.99292E+0	8.70121E-6	9.99946E-1	2.17566E-9
8.19200E-2	1.98969E+0	9.09440E-6	1.00005E+0	1.49866E-9
8.25754E-2	1.99292E+0	1.68271E-5	9.99973E-1	2.79561E-9
8.32307E-2	1.99157E+0	1.32884E-5	1.00012E+0	1.72733E-9
8.38861E-2	1.99211E+0	6.47313E-6	9.99851E-1	2.79989E-9
8.45414E-2	1.99292E+0	8.43908E-6	1.00009E+0	1.49343E-9
8.51968E-2	1.99400E+0	1.27642E-5	1.00004E+0	2.77802E-9
8.58522E-2	1.99346E+0	8.43908E-6	1.00004E+0	2.26836E-9
8.65075E-2	1.99373E+0	1.09293E-5	9.99906E-1	2.21417E-9
8.71629E-2	1.99211E+0	9.61866E-6	9.99957E-1	2.67580E-9
8.78182E-2	1.99265E+0	5.10203E-8	1.00010E+0	1.54382E-9
8.84736E-2	1.99292E+0	9.35653E-6	9.99946E-1	2.97960E-9
8.91290E-2	1.99238E+0	2.39046E-5	1.00000E+0	9.46691E-10
8.97843E-2	1.99211E+0	6.34207E-6	9.99946E-1	2.18849E-9
9.04397E-2	1.99292E+0	9.35653E-6	1.00009E+0	2.07392E-9
9.10950E-2	1.99265E+0	1.10604E-5	9.99931E-1	2.75377E-9
9.17504E-2	1.99265E+0	7.65270E-6	1.00001E+0	2.62065E-9
9.24058E-2	1.99265E+0	8.57015E-6	1.00003E+0	2.44094E-9
9.30611E-2	1.99184E+0	9.61866E-6	1.00004E+0	1.28804E-9
9.37165E-2	1.99157E+0	9.22547E-6	9.99883E-1	2.15616E-9
9.43718E-2	1.99238E+0	1.25021E-5	1.00008E+0	3.20732E-9
9.50272E-2	1.99157E+0	9.74972E-6	1.00003E+0	2.37391E-9
9.56826E-2	1.99238E+0	1.35506E-5	9.99957E-1	2.34776E-9
9.63379E-2	1.99184E+0	1.15846E-5	1.00008E+0	1.34605E-9
9.69933E-2	1.99238E+0	9.35653E-6	9.99976E-1	2.08961E-9
9.76486E-2	1.99238E+0	1.25021E-5	9.99976E-1	2.17233E-9
9.83040E-2	1.99211E+0	8.96334E-6	1.00004E+0	2.00070E-9
9.89594E-2	1.99130E+0	5.68675E-6	9.99927E-1	2.47089E-9
9.96147E-2	-8.22355E-3	1.02740E-5	9.49114E-1	3.06965E-7
1.00270E-1	-7.14476E-3	5.29356E-6	9.99519E-1	2.60680E-8
1.00925E-1	-6.87507E-3	8.43908E-6	1.00009E+0	9.24328E-9
1.01581E-1	-6.87507E-3	1.32884E-5	1.00003E+0	6.34130E-9
1.02236E-1	-7.14476E-3	8.43908E-6	9.99980E-1	2.34776E-9
1.02892E-1	-6.06598E-3	6.47313E-6	9.99961E-1	8.45902E-10
1.03547E-1	-6.33567E-3	9.22547E-6	1.00005E+0	5.83469E-10
1.04202E-1	-6.60537E-3	6.47313E-6	9.99973E-1	-5.86545E-10
1.04858E-1	-7.68415E-3	1.09293E-5	9.99982E-1	-1.22361E-9
1.05513E-1	-6.33567E-3	1.11914E-5	1.00004E+0	-1.88777E-9
1.06168E-1	-6.33567E-3	1.27642E-5	1.00006E+0	-1.33106E-9
1.06824E-1	-5.52658E-3	1.05361E-5	9.99999E-1	-6.16972E-10
1.07479E-1	-7.41446E-3	7.78377E-6	9.99948E-1	-1.44896E-9
1.08134E-1	-5.25689E-3	1.30263E-5	1.00000E+0	-1.30443E-9
1.08790E-1	-6.33567E-3	1.04050E-5	1.00006E+0	-4.64361E-10
1.09445E-1	-7.14476E-3	5.55569E-6	9.99929E-1	-1.42329E-9
1.10100E-1	-6.06598E-3	1.07982E-5	1.00003E+0	-2.37413E-9
1.10756E-1	-6.33567E-3	1.13225E-5	9.99997E-1	7.95982E-10
1.11411E-1	-6.87507E-3	5.55569E-6	1.00006E+0	6.52590E-11
1.12067E-1	-6.33567E-3	1.64340E-5	9.99849E-1	-1.38222E-10
1.12722E-1	-6.33567E-3	1.57786E-5	1.00007E+0	-5.58019E-10
1.13377E-1	-6.60537E-3	1.09293E-5	9.99942E-1	-1.02583E-9
1.14033E-1	-6.87507E-3	7.91483E-6	1.00007E+0	-1.37384E-9
1.14688E-1	-7.41446E-3	2.80335E-6	9.99973E-1	1.32769E-10
1.15343E-1	-6.87507E-3	9.88078E-6	1.00007E+0	-2.29616E-9
1.15999E-1	-6.60537E-3	1.22399E-5	9.99885E-1	-2.31404E-10
1.16654E-1	-6.87507E-3	5.03143E-6	1.00009E+0	-2.51372E-10
1.17309E-1	-5.79628E-3	1.30263E-5	9.99976E-1	-1.46750E-9
1.17965E-1	-5.25689E-3	1.44680E-5	1.00012E+0	-4.50574E-10
1.18620E-1	-6.33567E-3	1.01429E-5	9.99914E-1	-4.71492E-10
1.19276E-1	-6.60537E-3	7.91483E-6	1.00000E+0	-1.82407E-9
1.19931E-1	-6.60537E-3	9.74972E-6	9.99897E-1	4.91712E-10
1.20586E-1	-6.06598E-3	1.19778E-5	1.00006E+0	-1.74645E-11
1.21242E-1	-5.79628E-3	-2.70131E-6	9.99980E-1	-5.45474E-11
1.21897E-1	-6.06598E-3	7.25951E-6	1.00005E+0	-8.11419E-10
1.22552E-1	-8.22355E-3	8.70121E-6	1.00001E+0	3.05532E-11
1.23208E-1	-6.06598E-3	1.04050E-5	1.00004E+0	9.87578E-10
1.23863E-1	-6.87507E-3	1.55165E-5	9.99925E-1	-1.62944E-10
1.24518E-1	-6.87507E-3	1.32884E-5	9.99976E-1	-6.04611E-10
1.25174E-1	-6.60537E-3	1.73514E-5	1.00009E+0	6.43847E-10
1.25829E-1	-6.33567E-3	7.78377E-6	9.99929E-1	1.22291E-9
1.26484E-1	-6.33567E-3	1.26331E-5	1.00003E+0	3.53840E-10
1.27140E-1	-6.06598E-3	6.34207E-6	9.99976E-1	-2.12387E-10
1.27795E-1	-6.06598E-3	7.91483E-6	1.00005E+0	-2.68963E-10
1.28451E-1	-6.06598E-3	2.56084E-5	9.99982E-1	1.33701E-9
1.29106E-1	-6.87507E-3	3.72080E-6	1.00005E+0	1.51862E-9
1.29761E-1	-6.60537E-3	6.34207E-6	9.99933E-1	-4.88132E-10
1.30417E-1	-6.87507E-3	1.26331E-5	9.99950E-1	1.69643E-9
1.31072E-1	-7.95385E-3	1.23710E-5	1.00006E+0	-8.24699E-13
1.31727E-1	-6.33567E-3	1.18467E-5	9.99946E-1	5.40205E-10
1.32383E-1	-5.52658E-3	1.38127E-5	1.00004E+0	7.86949E-10
1.33038E-1	-7.95385E-3	1.13225E-5	1.00002E+0	1.68426E-10
1.33693E-1	-7.14476E-3	9.09440E-6	9.99902E-1	8.27360E-10
1.34349E-1	-5.79628E-3	1.47301E-5	1.00005E+0	5.83121E-12
1.35004E-1	-7.14476E-3	6.21101E-6	1.00006E+0	7.62703E-10
1.35660E-1	-5.52658E-3	1.36816E-5	9.99910E-1	1.58376E-9
1.36315E-1	-6.33567E-3	1.02740E-5	1.00009E+0	-8.84159E-10
1.36970E-1	-6.33567E-3	6.86632E-6	9.99957E-1	1.05794E-9
1.37626E-1	-6.06598E-3	1.18467E-5	1.00001E+0	2.93937E-10
1.38281E-1	-6.33567E-3	5.94888E-6	1.00005E+0	1.01182E-9
1.38936E-1	-6.87507E-3	1.21089E-5	9.99916E-1	6.04863E-10
1.39592E-1	-4.71749E-3	1.22399E-5	1.00003E+0	2.78248E-10
1.40247E-1	-6.60537E-3	7.65270E-6	1.00002E+0	1.55114E-10
1.40902E-1	-6.06598E-3	5.94888E-6	9.99999E-1	1.39929E-9
1.41558E-1	-6.87507E-3	1.42059E-5	1.00002E+0	-5.50888E-10
1.42213E-1	-7.41446E-3	-4.73234E-7	9.99967E-1	1.97788E-9
1.42868E-1	-6.87507E-3	7.25951E-6	1.00003E+0	-4.15393E-10
1.43524E-1	-6.60537E-3	1.38127E-5	9.99925E-1	1.55238E-9
1.44179E-1	-6.33567E-3	-4.79833E-6	1.00007E+0	4.67466E-10
1.44835E-1	-4.98719E-3	2.19386E-5	9.99965E-1	-1.03040E-10
1.45490E-1	-4.71749E-3	1.01429E-5	1.00005E+0	1.99975E-9
1.46145E-1	-6.33567E-3	2.93442E-6	9.99923E-1	2.82051E-10
1.46801E-1	-5.52658E-3	7.91483E-6	1.00005E+0	1.18773E-9
1.47456E-1	-6.60537E-3	4.63824E-6	1.00003E+0	2.49723E-10
1.48111E-1	-7.14476E-3	9.74972E-6	9.99959E-1	1.06507E-9
1.48767E-1	-6.87507E-3	9.35653E-6	1.00004E+0	1.57015E-10
1.49422E-1	-5.79628E-3	-2.70131E-6	1.00002E+0	7.78392E-10
1.50077E-1	-6.06598E-3	2.18076E-5	9.99980E-1	9.52872E-10
1.50733E-1	-5.25689E-3	7.65270E-6	9.99959E-1	-1.17512E-9
1.51388E-1	-6.33567E-3	1.00118E-5	1.00007E+0	2.13144E-9
1.52044E-1	-6.87507E-3	1.25021E-5	9.99982E-1	8.94395E-10
1.52699E-1	-6.06598E-3	9.22547E-6	9.99910E-1	4.01382E-10
1.53354E-1	-5.79628E-3	1.49923E-5	1.00007E+0	6.86635E-10
1.54010E-1	-4.98719E-3	1.15846E-5	9.99967E-1	1.36411E-9
1.54665E-1	-7.14476E-3	6.86632E-6	1.00005E+0	3.25790E-10
1.55320E-1	-7.68415E-3	3.13147E-7	1.00003E+0	7.85999E-10
1.55976E-1	-5.52658E-3	5.03143E-6	9.99952E-1	1.57758E-9
1.56631E-1	-5.25689E-3	1.04050E-5	1.00006E+0	1.25162E-10
1.57286E-1	-5.79628E-3	1.07982E-5	9.99942E-1	8.17376E-10
1.57942E-1	-4.98719E-3	6.86632E-6	9.99982E-1	1.43923E-9
1.58597E-1	-5.79628E-3	1.09293E-5	1.00002E+0	1.35175E-9
1.59252E-1	-4.98719E-3	9.35653E-6	1.00000E+0	5.42583E-10
1.59908E-1	-5.52658E-3	3.06548E-6	9.99940E-1	9.88528E-10
1.60563E-1	-5.25689E-3	1.30263E-5	1.00011E+0	8.05016E-10
1.61219E-1	-6.06598E-3	1.13225E-5	9.99878E-1	1.42687E-9
1.61874E-1	-6.60537E-3	8.96334E-6	1.00005E+0	7.90462E-11
1.62529E-1	-4.71749E-3	8.70121E-6	1.00002E+0	4.62712E-10
1.63185E-1	-5.25689E-3	8.96334E-6	9.99969E-1	2.67675E-9
1.63840E-1	-5.52658E-3	1.56476E-5	1.00006E+0	8.42574E-10
1.64495E-1	-8.22355E-3	1.49272E-6	9.99942E-1	9.97561E-10
1.65151E-1	-6.06598E-3	1.49272E-6	1.00005E+0	5.81092E-10
1.65806E-1	-3.90841E-3	8.43908E-6	9.99963E-1	1.41260E-9
1.66461E-1	-5.52658E-3	1.32884E-5	9.99971E-1	1.01230E-9
1.67117E-1	-5.52658E-3	8.83228E-6	9.99995E-1	8.78706E-10
1.67772E-1	-6.60537E-3	1.01429E-5	1.00004E+0	1.06079E-9
1.68428E-1	-7.68415E-3	1.42059E-5	9.99891E-1	2.65412E-10
1.69083E-1	-6.33567E-3	1.04050E-5	1.00007E+0	2.19610E-9
1.69738E-1	-5.52658E-3	1.25021E-5	1.00004E+0	5.28320E-10
1.70394E-1	-5.25689E-3	7.25951E-6	9.99995E-1	-8.97286E-11
1.71049E-1	-5.25689E-3	5.29356E-6	9.99929E-1	1.99690E-9
1.71704E-1	-6.33567E-3	2.14144E-5	1.00003E+0	1.47346E-9
1.72360E-1	-6.33567E-3	1.49923E-5	9.99969E-1	5.94879E-10
1.73015E-1	-6.06598E-3	1.36816E-5	1.00011E+0	1.58328E-9
1.73670E-1	-4.98719E-3	1.94484E-5	9.99982E-1	6.43372E-10
1.74326E-1	-4.98719E-3	7.06338E-7	9.99916E-1	2.74616E-9
1.74981E-1	-6.06598E-3	7.25951E-6	1.00003E+0	1.36887E-9
1.75636E-1	-6.06598E-3	1.27642E-5	9.99973E-1	4.50826E-10
1.76292E-1	-7.41446E-3	1.39438E-5	1.00001E+0	1.75729E-9
1.76947E-1	-6.60537E-3	1.27642E-5	1.00002E+0	1.52100E-9
1.77603E-1	-7.14476E-3	1.10604E-5	1.00003E+0	1.71687E-9
1.78258E-1	-5.52658E-3	6.86632E-6	9.99942E-1	1.45825E-9
1.78913E-1	-7.14476E-3	1.11914E-5	1.00007E+0	1.23432E-9
1.79569E-1	-7.14476E-3	1.11914E-5	9.99935E-1	1.69596E-9
1.80224E-1	-6.60537E-3	9.48759E-6	1.00002E+0	1.72306E-9
1.80879E-1	-5.52658E-3	6.86632E-6	1.00003E+0	2.59231E-10
1.81535E-1	-7.14476E-3	1.19778E-5	9.99965E-1	2.50037E-9
1.82190E-1	-7.68415E-3	1.87931E-5	1.00001E+0	4.97893E-10
1.82845E-1	-6.60537E-3	1.31574E-5	1.00005E+0	2.17898E-9
1.83501E-1	-4.98719E-3	8.43908E-6	9.99978E-1	1.44654E-10
1.84156E-1	-4.98719E-3	7.91483E-6	1.00005E+0	1.67646E-9
1.84812E-1	-6.87507E-3	7.39058E-6	9.99902E-1	1.15968E-9
1.85467E-1	-6.33567E-3	6.47313E-6	1.00010E+0	1.28519E-9
1.86122E-1	-6.60537E-3	1.00118E-5	9.99838E-1	1.14257E-9
1.86778E-1	-5.79628E-3	8.70121E-6	1.00015E+0	1.58661E-9
1.87433E-1	-6.33567E-3	8.57015E-6	9.99927E-1	2.16330E-9
1.88088E-1	-4.98719E-3	2.35114E-5	1.00001E+0	7.23243E-10
1.88744E-1	-6.60537E-3	1.32884E-5	9.99908E-1	1.00469E-9
1.89399E-1	-4.71749E-3	1.32884E-5	1.00013E+0	1.08789E-9
1.90054E-1	-5.25689E-3	9.35653E-6	1.00002E+0	2.01306E-9
1.90710E-1	-5.52658E-3	1.40748E-5	9.99997E-1	7.53670E-10
1.91365E-1	-5.52658E-3	8.83228E-6	9.99933E-1	1.92796E-9
1.92020E-1	-6.60537E-3	1.00118E-5	1.00005E+0	1.41165E-9
1.92676E-1	-6.60537E-3	1.28952E-5	1.00001E+0	1.57187E-9
1.93331E-1	-5.25689E-3	1.05361E-5	9.99906E-1	1.67123E-9
1.93987E-1	-6.87507E-3	1.17157E-5	1.00008E+0	1.14494E-9
1.94642E-1	-5.52658E-3	7.52164E-6	1.00005E+0	8.72525E-10
1.95297E-1	-7.14476E-3	1.45991E-5	9.99855E-1	1.71687E-9
1.95953E-1	-5.52658E-3	1.22399E-5	9.99952E-1	1.38693E-9
1.96608E-1	-6.33567E-3	7.25951E-6	1.00007E+0	9.38134E-10
1.97263E-1	-7.68415E-3	-2.17706E-6	9.99959E-1	9.85676E-10
1.97919E-1	-4.71749E-3	1.18467E-5	1.00016E+0	1.81101E-9
1.98574E-1	-6.33567E-3	1.02740E-5	9.99919E-1	1.59945E-9
1.99229E-1	-5.79628E-3	8.96334E-6	1.00005E+0	8.79657E-10
1.99885E-1	1.99616E+0	9.74972E-6	1.04503E+0	-2.08944E-7
2.00540E-1	1.99346E+0	9.22547E-6	1.00041E+0	7.16519E-8
2.01196E-1	1.99373E+0	6.47313E-6	1.00003E+0	3.60205E-8
2.01851E-1	1.99292E+0	1.59097E-5	1.00001E+0	2.64997E-8
2.02506E-1	1.99292E+0	7.65270E-6	1.00002E+0	2.04970E-8
2.03162E-1	1.99589E+0	9.35653E-6	1.00004E+0	1.66865E-8
2.03817E-1	1.99373E+0	5.81781E-6	1.00001E+0	1.63932E-8
2.04472E-1	1.99238E+0	2.42978E-5	1.00005E+0	1.09481E-8
2.05128E-1	1.99265E+0	7.65270E-6	9.99999E-1	1.06434E-8
2.05783E-1	1.99184E+0	1.01429E-5	9.99963E-1	9.19241E-9
2.06438E-1	1.99454E+0	1.22399E-5	9.99982E-1	7.61876E-9
2.07094E-1	1.99292E+0	1.10604E-5	1.00009E+0	7.97771E-9
2.07749E-1	1.99373E+0	5.16250E-6	9.99967E-1	3.84819E-9
2.08404E-1	1.99292E+0	1.56476E-5	1.00003E+0	3.39274E-9
2.09060E-1	1.99319E+0	6.21101E-6	9.99965E-1	3.32380E-9
2.09715E-1	1.99400E+0	7.25951E-6	1.00005E+0	3.46262E-9
2.10371E-1	1.99184E+0	2.54773E-5	9.99971E-1	2.03541E-9
2.11026E-1	1.99130E+0	1.17157E-5	9.99984E-1	3.11937E-9
2.11681E-1	1.99265E+0	8.96334E-6	1.00002E+0	3.22824E-9
2.12337E-1	1.99292E+0	-3.74982E-6	9.99950E-1	3.30811E-9
2.12992E-1	1.99077E+0	6.73526E-6	1.00006E+0	2.77754E-9
2.13647E-1	1.99319E+0	1.56476E-5	9.99965E-1	2.65916E-9
2.14303E-1	1.99346E+0	9.88078E-6	9.99982E-1	2.75662E-9
2.14958E-1	1.99104E+0	4.50718E-6	1.00011E+0	1.99690E-9
2.15613E-1	1.99319E+0	1.10604E-5	9.99959E-1	2.24982E-9
2.16269E-1	1.99346E+0	9.48759E-6	9.99992E-1	2.47327E-9
2.16924E-1	1.99427E+0	1.64340E-5	9.99990E-1	3.59146E-9
2.17580E-1	1.99292E+0	1.48612E-5	9.99982E-1	2.97104E-9
2.18235E-1	1.99292E+0	7.78377E-6	1.00001E+0	2.37724E-9
2.18890E-1	1.99319E+0	1.23710E-5	9.99967E-1	2.29166E-9
2.19546E-1	1.99346E+0	1.42059E-5	9.99999E-1	2.04919E-9
2.20201E-1	1.99265E+0	6.99739E-6	9.99967E-1	1.49675E-9
2.20856E-1	1.99373E+0	-1.91493E-6	1.00014E+0	2.78039E-9
2.21512E-1	1.99157E+0	8.96334E-6	9.99855E-1	1.54049E-9
2.22167E-1	1.99373E+0	6.21101E-6	1.00008E+0	2.82508E-9
2.22822E-1	1.99346E+0	9.74972E-6	1.00005E+0	1.53289E-9
2.23478E-1	1.99319E+0	7.06338E-7	9.99919E-1	2.71716E-9
2.24133E-1	1.99319E+0	1.05361E-5	9.99995E-1	2.17613E-9
2.24788E-1	1.99238E+0	1.32884E-5	1.00006E+0	8.15475E-10
2.25444E-1	1.99346E+0	-1.39068E-6	9.99914E-1	3.01430E-9
2.26099E-1	1.99319E+0	1.00118E-5	1.00003E+0	1.46585E-9
2.26755E-1	1.99400E+0	8.57015E-6	9.99954E-1	3.18213E-9
2.27410E-1	1.99373E+0	1.02740E-5	1.00007E+0	2.03303E-9
2.28065E-1	1.99346E+0	1.02740E-5	1.00002E+0	1.43828E-9
2.28721E-1	1.99157E+0	9.48759E-6	1.00001E+0	2.09484E-9
2.29376E-1	1.99319E+0	8.04589E-6	9.99984E-1	2.44189E-9
2.30031E-1	1.99238E+0	1.15846E-5	1.00005E+0	1.35746E-9
2.30687E-1	1.99319E+0	8.30802E-6	9.99849E-1	1.85237E-9
2.31342E-1	1.99427E+0	2.54123E-6	1.00008E+0	1.75206E-9
2.31997E-1	1.99238E+0	9.61866E-6	1.00002E+0	4.58908E-10
2.32653E-1	1.99211E+0	1.04050E-5	9.99976E-1	2.10767E-9
2.33308E-1	1.99319E+0	1.05361E-5	1.00005E+0	1.23480E-9
2.33964E-1	1.99373E+0	7.39058E-6	9.99990E-1	1.81576E-9
2.34619E-1	1.99373E+0	1.10604E-5	9.99944E-1	2.11338E-9
2.35274E-1	1.99454E+0	1.09293E-5	9.99992E-1	9.22445E-10
2.35930E-1	1.99319E+0	7.78377E-6	1.00010E+0	1.74873E-9
2.36585E-1	1.99427E+0	-3.88088E-6	9.99897E-1	1.51149E-9
2.37240E-1	1.99346E+0	1.63029E-5	1.00009E+0	8.89165E-10
2.37896E-1	1.99211E+0	7.52164E-6	9.99923E-1	2.16187E-9
2.38551E-1	1.99238E+0	5.81781E-6	1.00002E+0	1.39311E-9
2.39206E-1	1.99292E+0	1.48612E-5	1.00010E+0	2.33445E-9
2.39862E-1	1.99238E+0	1.00118E-5	9.99986E-1	1.71307E-9
2.40517E-1	1.99211E+0	4.63824E-6	9.99950E-1	9.47167E-10
2.41172E-1	1.99265E+0	1.31574E-5	9.99997E-1	1.97836E-9
2.41828E-1	1.99265E+0	8.57015E-6	9.99925E-1	2.63539E-9
2.42483E-1	1.99346E+0	7.91483E-6	1.00002E+0	1.35841E-9
2.43139E-1	1.99508E+0	6.86632E-6	9.99957E-1	1.86473E-9
2.43794E-1	1.99346E+0	1.04050E-5	1.00005E+0	2.08533E-9
2.44449E-1	1.99454E+0	9.61866E-6	9.99990E-1	2.04539E-9
2.45105E-1	1.99373E+0	9.22547E-6	1.00001E+0	1.77868E-9
2.45760E-1	1.99292E+0	7.91483E-6	1.00000E+0	1.53954E-9
2.46415E-1	1.99292E+0	1.13225E-5	1.00010E+0	1.63225E-9
2.47071E-1	1.99238E+0	8.83228E-6	9.99902E-1	1.81481E-9
2.47726E-1	1.99184E+0	1.28952E-5	1.00006E+0	1.61656E-9
2.48381E-1	1.99292E+0	1.17157E-5	9.99978E-1	1.97883E-9
2.49037E-1	1.99265E+0	7.78377E-6	9.99923E-1	2.41147E-9
2.49692E-1	1.99211E+0	3.58973E-6	1.00001E+0	4.21350E-10
2.50348E-1	1.99238E+0	1.32884E-5	1.00004E+0	2.86549E-9
2.51003E-1	1.99238E+0	7.25951E-6	1.00005E+0	2.28168E-9
2.51658E-1	1.99319E+0	1.04050E-5	9.99900E-1	1.71117E-9
2.52314E-1	1.99319E+0	8.96334E-6	1.00007E+0	1.79960E-9
2.52969E-1	1.99373E+0	1.44680E-5	1.00005E+0	9.79495E-10
2.53624E-1	1.99238E+0	1.63029E-5	9.99938E-1	2.27882E-9
2.54280E-1	1.99211E+0	1.18467E-5	1.00005E+0	1.80625E-9
2.54935E-1	1.99157E+0	1.02740E-5	9.99929E-1	2.36250E-9
2.55590E-1	1.99373E+0	1.51233E-5	1.00005E+0	2.85884E-9
2.56246E-1	1.99184E+0	5.29356E-6	9.99963E-1	1.79579E-9
2.56901E-1	1.99238E+0	1.44680E-5	1.00002E+0	1.81434E-9
2.57556E-1	1.99211E+0	1.04050E-5	9.99910E-1	1.55095E-9
2.58212E-1	1.99265E+0	1.19778E-5	1.00011E+0	2.74284E-9
2.58867E-1	1.99265E+0	1.19778E-5	9.99959E-1	1.02038E-9
2.59523E-1	1.99265E+0	1.77446E-5	1.00003E+0	1.56094E-9
2.60178E-1	1.99238E+0	8.96334E-6	9.99990E-1	2.51606E-9
2.60833E-1	1.99265E+0	2.31182E-5	9.99961E-1	1.44446E-9
2.61489E-1	1.99211E+0	1.10604E-5	1.00007E+0	1.79627E-9
2.62144E-1	1.99319E+0	8.70121E-6	9.99990E-1	3.01810E-9
2.62799E-1	1.99265E+0	8.96334E-6	9.99883E-1	1.32988E-9
2.63455E-1	1.99265E+0	8.70121E-6	1.00007E+0	1.15683E-9
2.64110E-1	1.99130E+0	6.86632E-6	9.99944E-1	2.80987E-9
2.64765E-1	1.99238E+0	1.31574E-5	1.00012E+0	1.70499E-9
2.65421E-1	1.99481E+0	1.14535E-5	9.99904E-1	2.20228E-9
2.66076E-1	1.99265E+0	6.86632E-6	1.00007E+0	1.66458E-9
2.66732E-1	1.98996E+0	5.81781E-6	9.99990E-1	2.76993E-9
2.67387E-1	1.99050E+0	4.76931E-6	1.00003E+0	1.91417E-9
2.68042E-1	1.99238E+0	1.17157E-5	1.00002E+0	1.84952E-9
2.68698E-1	1.99319E+0	1.42059E-5	1.00000E+0	1.21721E-9
2.69353E-1	1.99346E+0	8.04589E-6	9.99957E-1	3.17357E-9
2.70008E-1	1.99104E+0	-2.30812E-6	1.00000E+0	3.05532E-11
2.70664E-1	1.99184E+0	-1.12855E-6	9.99973E-1	3.23204E-9
2.71319E-1	1.99346E+0	1.52544E-5	1.00003E+0	1.22196E-9
2.71974E-1	1.99562E+0	1.01429E-5	1.00001E+0	2.14666E-9
2.72630E-1	1.99373E+0	7.25951E-6	1.00001E+0	2.02875E-9
2.73285E-1	1.99211E+0	6.07994E-6	1.00001E+0	1.15920E-9
2.73940E-1	1.99238E+0	4.63824E-6	9.99971E-1	2.20038E-9
2.74596E-1	1.99211E+0	-5.97790E-6	1.00004E+0	1.74255E-9
2.75251E-1	1.99292E+0	9.88078E-6	9.99908E-1	2.16853E-9
2.75907E-1	1.99077E+0	6.99739E-6	1.00010E+0	2.54886E-9
2.76562E-1	1.99238E+0	8.17696E-6	9.99978E-1	1.05937E-9
2.77217E-1	1.99238E+0	1.21089E-5	9.99948E-1	2.92635E-9
2.77873E-1	1.99238E+0	1.19778E-5	9.99988E-1	2.17518E-9
2.78528E-1	1.99211E+0	7.25951E-6	9.99984E-1	1.70689E-9
2.79183E-1	1.99319E+0	1.31574E-5	1.00007E+0	1.76204E-9
2.79839E-1	1.99292E+0	1.06672E-5	1.00001E+0	1.96742E-9
2.80494E-1	1.99104E+0	-1.12204E-5	9.99957E-1	2.02875E-9
2.81149E-1	1.99211E+0	1.17157E-5	1.00006E+0	2.04729E-9
2.81805E-1	1.99211E+0	2.29871E-5	9.99965E-1	2.33350E-9
2.82460E-1	1.99427E+0	1.45991E-5	9.99946E-1	1.65792E-9
2.83116E-1	1.99238E+0	7.78377E-6	9.99990E-1	2.12241E-9
2.83771E-1	1.99184E+0	1.09293E-5	1.00004E+0	1.22862E-9
2.84426E-1	1.99319E+0	4.50718E-6	9.99938E-1	2.89449E-9
2.85082E-1	1.99077E+0	3.06548E-6	1.00013E+0	1.80863E-9
2.85737E-1	1.99184E+0	9.48759E-6	9.99840E-1	1.44161E-9
2.86392E-1	1.99373E+0	1.21089E-5	1.00013E+0	2.10815E-9
2.87048E-1	1.99157E+0	1.34195E-5	9.99971E-1	1.65174E-9
2.87703E-1	1.99238E+0	1.01429E-5	1.00008E+0	2.25172E-9
2.88358E-1	1.99238E+0	9.74972E-6	9.99859E-1	1.80388E-9
2.89014E-1	1.99184E+0	1.14535E-5	1.00004E+0	1.78296E-9
2.89669E-1	1.99319E+0	1.14535E-5	9.99933E-1	2.87595E-9
2.90324E-1	1.99346E+0	1.13225E-5	1.00004E+0	1.84857E-9
2.90980E-1	1.99292E+0	1.09293E-5	9.99961E-1	1.57615E-9
2.91635E-1	1.99346E+0	7.52164E-6	1.00003E+0	2.66582E-9
2.92291E-1	1.99265E+0	2.27250E-5	9.99982E-1	2.06488E-9
2.92946E-1	1.99211E+0	2.67229E-6	1.00014E+0	1.24335E-9
2.93601E-1	1.99400E+0	1.27642E-5	9.99940E-1	2.17518E-9
2.94257E-1	1.99184E+0	9.22547E-6	1.00003E+0	1.96077E-9
2.94912E-1	1.99238E+0	4.50718E-6	9.99940E-1	1.07125E-9
2.95567E-1	1.99508E+0	2.10212E-5	1.00006E+0	2.57739E-9
2.96223E-1	1.99211E+0	8.30802E-6	9.99878E-1	2.46947E-9
2.96878E-1	1.99130E+0	9.74972E-6	1.00007E+0	1.34319E-9
2.97533E-1	1.99238E+0	1.28952E-5	9.99959E-1	1.89658E-9
2.98189E-1	1.99077E+0	8.04589E-6	1.00002E+0	2.85931E-9
2.98844E-1	1.99184E+0	7.91483E-6	1.00000E+0	2.00308E-9
2.99500E-1	1.99157E+0	1.90552E-5	9.46665E-1	3.11031E-7
3.00155E-1	-7.14476E-3	8.43908E-6	1.00097E+0	3.30562E-8
3.00810E-1	-7.41446E-3	3.13147E-7	1.00001E+0	2.24795E-8
3.01466E-1	-7.14476E-3	1.17157E-5	1.00008E+0	1.65272E-8
3.02121E-1	-7.14476E-3	-4.92939E-6	1.00001E+0	1.12828E-8
3.02776E-1	-1.03811E-2	1.21089E-5	1.00001E+0	9.71775E-9
3.03432E-1	-7.68415E-3	1.11914E-5	1.00002E+0	7.22464E-9
3.04087E-1	-7.41446E-3	9.22547E-6	1.00005E+0	6.87473E-9
3.04742E-1	-6.33567E-3	1.01429E-5	1.00002E+0	4.29651E-9
3.05398E-1	-6.60537E-3	2.10212E-5	9.99908E-1	4.92169E-9
3.06053E-1	-6.60537E-3	8.96334E-6	1.00011E+0	2.82128E-9
3.06708E-1	-7.68415E-3	1.09293E-5	9.99878E-1	3.68750E-9
3.07364E-1	-6.60537E-3	8.17696E-6	1.00002E+0	3.39892E-9
3.08019E-1	-6.33567E-3	6.47313E-6	1.00010E+0	3.12222E-9
3.08675E-1	-6.87507E-3	1.13225E-5	9.99925E-1	2.37106E-9
3.09330E-1	-6.33567E-3	8.04589E-6	1.00002E+0	1.71117E-9
3.09985E-1	-5.52658E-3	9.61866E-6	9.99978E-1	-9.35320E-11
3.10641E-1	-6.06598E-3	1.18467E-5	9.99948E-1	2.32399E-9
3.11296E-1	-7.95385E-3	8.43908E-6	1.00011E+0	1.78343E-9
3.11951E-1	-6.60537E-3	3.19654E-6	9.99921E-1	5.27369E-10
3.12607E-1	-6.33567E-3	8.57015E-6	1.00004E+0	8.36869E-10
3.13262E-1	-6.06598E-3	-2.11107E-7	1.00005E+0	1.62369E-9
3.13917E-1	-7.41446E-3	-3.42170E-7	9.99986E-1	9.71413E-10
3.14573E-1	-6.60537E-3	6.60420E-6	9.99940E-1	1.09692E-9
3.15228E-1	-6.60537E-3	7.39058E-6	1.00005E+0	6.62389E-10
3.15884E-1	-5.52658E-3	8.57015E-6	1.00003E+0	2.68264E-10
3.16539E-1	-6.33567E-3	1.11914E-5	9.99950E-1	9.14838E-10
3.17194E-1	-4.98719E-3	1.23710E-5	9.99942E-1	1.04320E-9
3.17850E-1	-6.06598E-3	9.61866E-6	1.00003E+0	9.15789E-10
3.18505E-1	-7.14476E-3	1.62378E-6	9.99995E-1	3.10286E-11
3.19160E-1	-6.87507E-3	8.17696E-6	1.00003E+0	-2.55175E-10
3.19816E-1	-6.06598E-3	8.57015E-6	1.00005E+0	1.96184E-11
3.20471E-1	-6.60537E-3	1.14535E-5	9.99959E-1	5.38304E-10
3.21126E-1	-5.79628E-3	1.00118E-5	1.00001E+0	3.82365E-10
3.21782E-1	-5.25689E-3	6.21101E-6	9.99997E-1	1.48642E-11
3.22437E-1	-6.87507E-3	1.01429E-5	9.99940E-1	-4.70066E-10
3.23092E-1	-6.87507E-3	1.32884E-5	1.00003E+0	6.22929E-10
3.23748E-1	-5.79628E-3	1.47301E-5	1.00003E+0	-8.28534E-10
3.24403E-1	-6.06598E-3	1.39438E-5	1.00005E+0	3.19794E-11
3.25059E-1	-7.14476E-3	8.70121E-6	9.99921E-1	-4.84329E-10
3.25714E-1	-5.25689E-3	8.04589E-6	9.99973E-1	1.24431E-9
3.26369E-1	-5.79628E-3	1.10604E-5	1.00004E+0	7.43686E-10
3.27025E-1	-5.52658E-3	1.60408E-5	1.00003E+0	-7.19187E-10
3.27680E-1	-7.41446E-3	7.39058E-6	9.99957E-1	1.08504E-9
3.28335E-1	-5.79628E-3	1.06672E-5	1.00005E+0	-1.42500E-10
3.28991E-1	-7.41446E-3	7.91483E-6	1.00003E+0	4.71929E-11
3.29646E-1	-7.14476E-3	7.91483E-6	9.99965E-1	-9.97785E-10
3.30301E-1	-6.33567E-3	8.43908E-6	9.99946E-1	1.50674E-9
3.30957E-1	-4.98719E-3	1.02740E-5	9.99999E-1	-1.22551E-9
3.31612E-1	-5.79628E-3	9.22547E-6	9.99969E-1	1.20437E-9
3.32268E-1	-4.44780E-3	4.50718E-6	1.00006E+0	-9.57849E-10
3.32923E-1	-6.33567E-3	1.22399E-5	9.99931E-1	1.19344E-9
3.33578E-1	-5.52658E-3	8.70121E-6	1.00010E+0	3.25790E-10
3.34234E-1	-7.95385E-3	1.44680E-5	9.99916E-1	1.44065E-9
3.34889E-1	-4.98719E-3	1.05361E-5	1.00001E+0	-3.92572E-10
3.35544E-1	-5.25689E-3	5.55569E-6	1.00002E+0	1.03607E-9
3.36200E-1	-5.52658E-3	8.83228E-6	1.00006E+0	5.62075E-10
3.36855E-1	-4.98719E-3	1.05361E-5	9.99952E-1	-8.83683E-10
3.37510E-1	-7.41446E-3	8.17696E-6	9.99992E-1	1.78248E-9
3.38166E-1	-5.79628E-3	6.47313E-6	9.99995E-1	1.01325E-9
3.38821E-1	-7.41446E-3	7.39058E-6	1.00002E+0	4.77925E-10
3.39476E-1	-6.33567E-3	5.42462E-6	9.99967E-1	-3.60719E-10
3.40132E-1	-5.52658E-3	1.77446E-5	9.99992E-1	1.35936E-9
3.40787E-1	-6.87507E-3	7.12845E-6	1.00006E+0	1.03892E-9
3.41443E-1	-6.87507E-3	1.05361E-5	9.99957E-1	1.16016E-9
3.42098E-1	-5.52658E-3	9.61866E-6	9.99999E-1	6.02010E-10
3.42753E-1	-6.33567E-3	1.23710E-5	1.00005E+0	-5.88446E-10
3.43409E-1	-6.33567E-3	9.09440E-6	9.99929E-1	1.81719E-9
3.44064E-1	-6.33567E-3	1.13225E-5	1.00013E+0	7.52719E-10
3.44719E-1	-6.60537E-3	1.07982E-5	9.99906E-1	1.66220E-9
3.45375E-1	-5.79628E-3	-6.04297E-7	9.99984E-1	7.60326E-10
3.46030E-1	-7.14476E-3	1.15846E-5	9.99935E-1	2.65887E-10
3.46685E-1	-5.52658E-3	7.91483E-6	1.00011E+0	1.77868E-9
3.47341E-1	-4.98719E-3	1.36816E-5	9.99925E-1	1.47507E-10
3.47996E-1	-4.44780E-3	8.96334E-6	1.00012E+0	8.37344E-10
3.48652E-1	-7.68415E-3	2.01697E-6	9.99982E-1	1.54953E-9
3.49307E-1	-6.60537E-3	1.00118E-5	1.00003E+0	1.51310E-10
3.49962E-1	-6.06598E-3	1.27642E-5	9.99902E-1	9.12936E-10
3.50618E-1	-3.09932E-3	1.88591E-6	1.00000E+0	6.94242E-10
3.51273E-1	-5.79628E-3	1.28952E-5	9.99957E-1	2.26979E-9
3.51928E-1	-6.87507E-3	8.70121E-6	1.00001E+0	1.22196E-9
3.52584E-1	-6.33567E-3	1.40748E-5	1.00009E+0	3.78562E-10
3.53239E-1	-4.44780E-3	8.04589E-6	9.99969E-1	6.38618E-10
3.53894E-1	-6.06598E-3	1.05361E-5	9.99978E-1	2.12574E-9
3.54550E-1	-5.52658E-3	7.25951E-6	1.00004E+0	6.45749E-10
3.55205E-1	-5.25689E-3	1.66961E-5	9.99999E-1	4.55105E-10
3.55860E-1	-4.71749E-3	6.73526E-6	9.99940E-1	1.31752E-9
3.56516E-1	-4.98719E-3	6.34207E-6	1.00010E+0	1.35318E-9
3.57171E-1	-5.79628E-3	1.44680E-5	9.99878E-1	8.04065E-10
3.57827E-1	-6.33567E-3	9.88078E-6	1.00002E+0	6.47175E-10
3.58482E-1	-6.60537E-3	-3.09450E-6	9.99925E-1	1.62322E-9
3.59137E-1	-5.52658E-3	1.19778E-5	1.00007E+0	1.44256E-9
3.59793E-1	-5.25689E-3	1.01429E-5	1.00007E+0	8.74903E-10
3.60448E-1	-7.68415E-3	-7.35361E-7	9.99976E-1	7.33411E-11
3.61103E-1	-9.57203E-3	7.78377E-6	1.00002E+0	2.19705E-9
3.61759E-1	-6.06598E-3	9.09440E-6	9.99963E-1	9.51921E-10
3.62414E-1	-6.33567E-3	9.74972E-6	1.00001E+0	5.74911E-10
3.63069E-1	-4.98719E-3	6.60420E-6	9.99967E-1	6.14847E-10
3.63725E-1	-4.44780E-3	1.19778E-5	1.00009E+0	1.19486E-9
3.64380E-1	-5.52658E-3	8.57015E-6	9.99904E-1	1.27188E-9
3.65036E-1	-5.79628E-3	5.16250E-6	1.00003E+0	7.81720E-10
3.65691E-1	-6.33567E-3	9.35653E-6	1.00000E+0	3.83792E-10
3.66346E-1	-5.25689E-3	9.09440E-6	1.00002E+0	1.60468E-9
3.67002E-1	-2.82962E-3	7.39058E-6	9.99921E-1	3.79988E-10
3.67657E-1	-4.17810E-3	1.48612E-5	1.00005E+0	1.79722E-9
3.68312E-1	-5.79628E-3	1.00118E-5	9.99988E-1	8.79657E-10
3.68968E-1	-4.98719E-3	1.01429E-5	1.00005E+0	-2.93209E-10
3.69623E-1	-6.87507E-3	7.12845E-6	1.00002E+0	1.59469E-9
3.70278E-1	-6.60537E-3	8.70121E-6	9.99963E-1	5.02172E-10
3.70934E-1	-6.87507E-3	7.12845E-6	1.00001E+0	6.63815E-10
3.71589E-1	-6.60537E-3	1.06672E-5	9.99944E-1	1.93462E-9
3.72244E-1	-5.79628E-3	8.17696E-6	1.00005E+0	3.60021E-10
3.72900E-1	-7.14476E-3	1.83999E-5	9.99938E-1	2.47898E-9
3.73555E-1	-7.14476E-3	1.32884E-5	1.00001E+0	4.35613E-10
3.74211E-1	-6.60537E-3	1.15846E-5	1.00001E+0	8.57787E-10
3.74866E-1	-6.60537E-3	1.95795E-5	1.00011E+0	9.50495E-10
3.75521E-1	-6.87507E-3	1.60408E-5	9.99804E-1	9.83774E-10
3.76177E-1	-5.25689E-3	9.09440E-6	1.00009E+0	1.42924E-9
3.76832E-1	-5.25689E-3	1.13225E-5	1.00003E+0	8.92969E-10
3.77487E-1	-6.33567E-3	1.06672E-5	1.00004E+0	1.04748E-9
3.78143E-1	-5.52658E-3	1.30263E-5	9.99912E-1	1.56141E-9
3.78798E-1	-6.60537E-3	5.68675E-6	1.00000E+0	2.25476E-10
3.79453E-1	-6.87507E-3	8.57015E-6	1.00002E+0	7.92179E-10
3.80109E-1	-4.44780E-3	2.46910E-5	9.99976E-1	1.66030E-9
3.80764E-1	-5.79628E-3	1.15846E-5	9.99935E-1	7.80769E-10
3.81420E-1	-6.06598E-3	6.34207E-6	1.00005E+0	1.38551E-9
3.82075E-1	-6.87507E-3	1.01429E-5	9.99990E-1	1.10311E-9
3.82730E-1	-6.33567E-3	1.19778E-5	1.00009E+0	6.05814E-10
3.83386E-1	-6.06598E-3	1.35506E-5	1.00004E+0	1.59564E-9
3.84041E-1	-5.52658E-3	1.44680E-5	9.99864E-1	1.41213E-9
3.84696E-1	-4.98719E-3	1.09293E-5	1.00008E+0	2.93461E-10
3.85352E-1	-6.33567E-3	1.11914E-5	9.99959E-1	1.02989E-9
3.86007E-1	-6.33567E-3	7.78377E-6	9.99950E-1	1.51102E-9
3.86662E-1	-6.33567E-3	-4.66727E-6	1.00001E+0	1.54667E-9
3.87318E-1	-4.98719E-3	9.22547E-6	1.00013E+0	3.65250E-10
3.87973E-1	-5.79628E-3	6.99739E-6	9.99982E-1	2.16092E-9
3.88628E-1	-5.52658E-3	5.55569E-6	9.99948E-1	1.31609E-9
3.89284E-1	-7.95385E-3	2.46910E-5	9.99999E-1	7.41309E-10
3.89939E-1	-5.79628E-3	9.48759E-6	9.99992E-1	1.74683E-9
3.90595E-1	-6.33567E-3	1.10604E-5	9.99967E-1	1.45825E-9
3.91250E-1	-7.41446E-3	9.74972E-6	1.00007E+0	2.04111E-9
3.91905E-1	-4.71749E-3	7.12845E-6	9.99963E-1	1.76983E-10
3.92561E-1	-6.06598E-3	1.02740E-5	1.00003E+0	2.35774E-9
3.93216E-1	-6.87507E-3	8.96334E-6	9.99957E-1	1.25714E-9
3.93871E-1	-6.06598E-3	1.31574E-5	1.00001E+0	6.44323E-10
3.94527E-1	-7.68415E-3	8.70121E-6	9.99992E-1	2.00308E-9
3.95182E-1	-5.52658E-3	1.06672E-5	1.00000E+0	1.83050E-9
3.95837E-1	-6.06598E-3	8.70121E-6	1.00004E+0	9.44790E-10
3.96493E-1	-5.52658E-3	5.94888E-6	9.99950E-1	1.49675E-9
3.97148E-1	-4.71749E-3	2.20697E-5	1.00008E+0	6.16748E-10
3.97804E-1	-5.25689E-3	3.32761E-6	9.99916E-1	2.36773E-9
3.98459E-1	-4.71749E-3	9.22547E-6	1.00007E+0	1.89991E-9
3.99114E-1	-6.33567E-3	1.17157E-5	9.99919E-1	5.78715E-10
3.99770E-1	1.99481E+0	-6.50216E-6	1.05170E+0	-2.82746E-7
4.00425E-1	1.99508E+0	1.01429E-5	9.99961E-1	5.60229E-8
4.01080E-1	1.99319E+0	6.86632E-6	1.00017E+0	4.48395E-8
4.01736E-1	1.99319E+0	9.61866E-6	9.99940E-1	2.91017E-8
4.02391E-1	1.99238E+0	8.70121E-6	1.00014E+0	2.40812E-8
4.03046E-1	1.99535E+0	9.74972E-6	9.99948E-1	1.92661E-8
4.03702E-1	1.99373E+0	9.74972E-6	1.00008E+0	1.28080E-8
4.04357E-1	1.99265E+0	-4.73234E-7	1.00001E+0	1.15476E-8
4.05012E-1	1.99346E+0	9.74972E-6	1.00009E+0	4.14010E-9
4.05668E-1	1.99211E+0	1.72203E-5	9.99976E-1	5.63958E-9
4.06323E-1	1.99346E+0	1.40748E-5	9.99935E-1	3.60905E-9
4.06979E-1	1.99292E+0	7.25951E-6	1.00009E+0	5.01535E-9
4.07634E-1	1.99346E+0	2.67229E-6	9.99908E-1	4.45958E-9
4.08289E-1	1.99400E+0	6.47313E-6	1.00005E+0	5.01678E-9
4.08945E-1	1.99454E+0	1.35506E-5	9.99986E-1	4.03693E-9
4.09600E-1	1.99184E+0	1.26331E-5	1.00005E+0	2.49657E-9
4.10255E-1	1.99292E+0	8.96334E-6	9.99916E-1	3.78971E-9
4.10911E-1	1.99292E+0	7.65270E-6	1.00014E+0	3.52063E-9
4.11566E-1	1.99104E+0	9.35653E-6	9.99923E-1	3.33188E-9
4.12221E-1	1.99319E+0	1.61718E-5	1.00001E+0	2.43904E-9
4.12877E-1	1.99184E+0	1.00118E-5	1.00001E+0	2.11385E-9
4.13532E-1	1.99238E+0	8.57015E-6	9.99988E-1	3.66135E-9
4.14188E-1	1.99373E+0	3.06548E-6	1.00005E+0	1.94555E-9
4.14843E-1	1.99023E+0	1.62378E-6	9.99927E-1	2.15902E-9
4.15498E-1	1.99346E+0	1.06672E-5	1.00005E+0	9.73315E-10
4.16154E-1	1.99508E+0	5.68675E-6	9.99999E-1	2.42620E-9
4.16809E-1	1.99373E+0	1.04050E-5	9.99914E-1	2.40433E-9
4.17464E-1	1.99130E+0	1.30263E-5	1.00005E+0	7.54145E-10
4.18120E-1	1.99292E+0	8.96334E-6	9.99963E-1	2.39102E-9
4.18775E-1	1.99238E+0	1.18467E-5	1.00003E+0	1.24335E-9
4.19430E-1	1.99238E+0	1.47301E-5	1.00003E+0	1.78106E-9
4.20086E-1	1.99346E+0	1.35506E-5	9.99984E-1	2.46424E-9
4.20741E-1	1.99373E+0	9.48759E-6	9.99976E-1	1.72638E-9
4.21396E-1	1.99319E+0	4.37612E-6	9.99984E-1	6.44323E-10
4.22052E-1	1.99373E+0	1.70893E-5	1.00001E+0	2.46662E-9
4.22707E-1	1.99238E+0	9.61866E-6	9.99942E-1	1.48772E-9
4.23363E-1	1.99346E+0	7.91483E-6	1.00010E+0	9.79971E-10
4.24018E-1	1.99373E+0	8.43908E-6	9.99954E-1	3.49162E-9
4.24673E-1	1.99104E+0	7.52164E-6	1.00003E+0	9.28334E-11
4.25329E-1	1.99400E+0	1.82688E-5	9.99982E-1	2.61257E-9
4.25984E-1	1.99373E+0	1.06672E-5	9.99997E-1	2.32922E-9
4.26639E-1	1.99346E+0	1.52544E-5	9.99965E-1	8.40672E-10
4.27295E-1	1.99346E+0	4.63824E-6	1.00003E+0	1.35841E-9
4.27950E-1	1.99292E+0	7.12845E-6	1.00003E+0	3.99320E-9
4.28605E-1	1.99265E+0	7.25951E-6	1.00000E+0	8.98674E-10
4.29261E-1	1.99265E+0	1.04050E-5	1.00004E+0	1.35983E-9
4.29916E-1	1.99346E+0	1.18467E-5	9.99952E-1	2.42097E-9
4.30572E-1	1.99319E+0	7.65270E-6	1.00001E+0	1.58994E-9
4.31227E-1	1.99211E+0	8.30802E-6	9.99948E-1	2.90828E-9
4.31882E-1	1.99373E+0	1.43369E-5	1.00012E+0	1.59089E-9
4.32538E-1	1.99346E+0	8.83228E-6	9.99980E-1	2.21987E-9
4.33193E-1	1.99292E+0	1.55165E-5	9.99957E-1	1.41023E-9
4.33848E-1	1.99265E+0	1.07982E-5	9.99967E-1	2.93253E-9
4.34504E-1	1.99346E+0	1.01429E-5	1.00002E+0	1.64984E-9
4.35159E-1	1.99238E+0	8.30802E-6	9.99969E-1	1.46538E-9
4.35814E-1	1.99373E+0	8.83228E-6	1.00002E+0	1.28519E-9
4.36470E-1	1.99292E+0	8.96334E-6	1.00001E+0	2.04967E-9
4.37125E-1	1.99157E+0	1.13225E-5	9.99948E-1	2.93918E-9
4.37780E-1	1.99184E+0	1.59097E-5	1.00006E+0	2.28738E-9
4.38436E-1	1.99373E+0	1.52544E-5	1.00004E+0	1.80055E-9
4.39091E-1	1.99265E+0	1.11914E-5	9.99887E-1	1.86949E-9
4.39747E-1	1.99319E+0	1.05361E-5	1.00008E+0	1.84667E-9
4.40402E-1	1.99184E+0	1.21089E-5	1.00002E+0	1.38646E-9
4.41057E-1	1.99238E+0	1.17157E-5	9.99988E-1	1.65507E-9
4.41713E-1	1.99319E+0	9.48759E-6	1.00004E+0	2.54363E-9
4.42368E-1	1.99292E+0	1.15846E-5	9.99868E-1	1.14304E-9
4.43023E-1	1.99184E+0	1.21089E-5	1.00014E+0	2.78420E-9
4.43679E-1	1.99211E+0	4.63824E-6	9.99891E-1	1.72971E-9
4.44334E-1	1.99211E+0	8.96334E-6	9.99999E-1	1.80863E-9
4.44989E-1	1.99346E+0	9.35653E-6	1.00002E+0	1.86188E-9
4.45645E-1	1.99346E+0	8.04589E-6	1.00007E+0	2.10815E-9
4.46300E-1	1.99319E+0	9.88078E-6	9.99986E-1	2.56854E-10
4.46956E-1	1.99319E+0	4.90037E-6	1.00000E+0	3.02381E-9
4.47611E-1	1.99346E+0	7.52164E-6	9.99990E-1	7.01849E-10
4.48266E-1	1.99292E+0	1.01429E-5	1.00003E+0	3.32333E-9
4.48922E-1	1.99508E+0	1.07982E-5	9.99995E-1	1.54525E-9
4.49577E-1	1.99292E+0	1.14535E-5	9.99997E-1	1.70784E-9
4.50232E-1	1.99184E+0	6.86632E-6	1.00000E+0	1.02514E-9
4.50888E-1	1.99184E+0	9.61866E-6	9.99900E-1	1.58804E-9
4.51543E-1	1.99077E+0	1.52544E-5	1.00001E+0	1.94365E-9
4.52198E-1	1.99157E+0	1.27642E-5	1.00003E+0	1.56046E-9
4.52854E-1	1.99292E+0	2.19386E-5	1.00005E+0	1.57330E-9
4.53509E-1	1.99319E+0	9.61866E-6	9.99912E-1	1.05889E-9
4.54164E-1	1.99346E+0	1.30263E-5	1.00007E+0	1.73209E-9
4.54820E-1	1.99211E+0	1.82084E-7	9.99988E-1	2.99814E-9
4.55475E-1	1.99211E+0	9.48759E-6	1.00001E+0	7.69834E-10
4.56131E-1	1.99292E+0	1.13225E-5	9.99986E-1	1.54715E-9
4.56786E-1	1.99184E+0	9.35653E-6	1.00001E+0	1.30896E-9
4.57441E-1	1.99373E+0	7.52164E-6	9.99919E-1	2.34633E-9
4.58097E-1	1.99184E+0	2.80335E-6	1.00009E+0	2.08675E-9
4.58752E-1	1.99104E+0	9.09440E-6	1.00005E+0	1.18630E-9
4.59407E-1	1.99400E+0	1.73514E-5	9.99914E-1	2.50180E-9
4.60063E-1	1.99157E+0	1.04050E-5	1.00002E+0	9.43839E-10
4.60718E-1	1.99238E+0	9.48759E-6	1.00001E+0	1.73161E-9
4.61373E-1	1.99373E+0	2.25939E-5	1.00007E+0	2.02875E-9
4.62029E-1	1.99319E+0	7.91483E-6	9.99923E-1	1.89421E-9
4.62684E-1	1.99292E+0	7.52164E-6	1.00001E+0	1.43780E-9
4.63340E-1	1.99265E+0	1.40748E-5	9.99895E-1	1.85760E-9
4.63995E-1	1.99427E+0	1.14535E-5	1.00005E+0	2.05823E-9
4.64650E-1	1.99238E+0	5.81781E-6	9.99997E-1	2.23841E-9
4.65306E-1	1.99292E+0	7.78377E-6	1.00006E+0	4.10891E-10
4.65961E-1	1.99292E+0	9.09440E-6	1.00003E+0	2.77421E-9
4.66616E-1	1.99211E+0	5.42462E-6	1.00003E+0	1.27568E-9
4.67272E-1	1.99130E+0	1.04050E-5	9.99984E-1	1.41498E-9
4.67927E-1	1.99319E+0	8.96334E-6	9.99952E-1	1.39739E-9
4.68582E-1	1.99211E+0	1.07982E-5	1.00002E+0	2.07297E-9
4.69238E-1	1.99184E+0	2.24629E-5	1.00004E+0	2.47184E-9
4.69893E-1	1.99050E+0	1.09293E-5	1.00001E+0	1.84619E-9
4.70548E-1	1.99373E+0	1.14535E-5	9.99904E-1	1.67456E-9
4.71204E-1	1.99265E+0	1.18467E-5	1.00004E+0	1.19153E-9
4.71859E-1	1.99319E+0	7.91483E-6	9.99929E-1	2.02210E-9
4.72515E-1	1.99184E+0	1.10604E-5	1.00009E+0	1.18678E-9
4.73170E-1	1.99157E+0	8.57015E-6	9.99969E-1	3.13553E-9
4.73825E-1	1.99373E+0	5.55569E-6	1.00006E+0	7.56047E-10
4.74481E-1	1.99265E+0	1.14535E-5	9.99906E-1	2.61875E-9
4.75136E-1	1.99238E+0	1.62378E-6	1.00007E+0	9.51921E-10
4.75791E-1	1.99157E+0	1.35506E-5	9.99902E-1	1.91417E-9
4.76447E-1	1.99265E+0	1.02740E-5	1.00006E+0	2.10577E-9
4.77102E-1	1.99454E+0	1.43369E-5	9.99988E-1	2.18992E-9
4.77757E-1	1.99157E+0	8.70121E-6	9.99999E-1	1.17822E-9
4.78413E-1	1.99130E+0	6.47313E-6	9.99990E-1	2.55695E-9
4.79068E-1	1.99184E+0	1.17157E-5	9.99997E-1	1.20199E-9
4.79724E-1	1.99292E+0	3.98293E-6	1.00001E+0	1.86853E-9
4.80379E-1	1.99319E+0	1.97105E-5	1.00005E+0	1.36982E-9
4.81034E-1	1.99319E+0	8.96334E-6	1.00003E+0	2.20038E-9
4.81690E-1	1.99292E+0	9.88078E-6	9.99902E-1	9.61429E-10
4.82345E-1	1.99346E+0	6.73526E-6	1.00011E+0	2.45711E-9
4.83000E-1	1.99346E+0	8.43908E-6	9.99938E-1	2.03826E-9
4.83656E-1	1.99238E+0	5.03143E-6	9.99954E-1	1.51577E-9
4.84311E-1	1.99238E+0	9.88078E-6	1.00006E+0	1.06460E-9
4.84966E-1	1.99238E+0	9.09440E-6	1.00001E+0	1.53526E-9
4.85622E-1	1.99373E+0	1.76135E-5	9.99990E-1	1.52480E-9
4.86277E-1	1.99157E+0	6.21101E-6	9.99988E-1	3.32998E-9
4.86932E-1	1.99157E+0	1.69582E-5	9.99978E-1	1.48725E-9
4.87588E-1	1.99265E+0	5.16250E-6	9.99992E-1	1.27188E-9
4.88243E-1	1.99319E+0	1.39438E-5	9.99967E-1	2.39768E-9
4.88899E-1	1.99373E+0	1.06672E-5	1.00006E+0	1.59136E-9
4.89554E-1	1.99211E+0	1.04050E-5	9.99942E-1	1.76870E-9
4.90209E-1	1.99265E+0	1.01429E-5	1.00002E+0	1.64509E-9
4.90865E-1	1.99319E+0	9.88078E-6	1.00002E+0	1.65887E-9
4.91520E-1	1.99077E+0	8.70121E-6	1.00002E+0	7.87900E-10
4.92175E-1	1.99130E+0	1.07982E-5	1.00002E+0	2.60734E-9
4.92831E-1	1.99077E+0	8.70121E-6	9.99948E-1	1.70642E-9
4.93486E-1	1.99130E+0	1.04050E-5	1.00011E+0	1.29945E-9
4.94141E-1	1.99373E+0	9.74972E-6	9.99946E-1	2.04064E-9
4.94797E-1	1.99265E+0	4.63824E-6	1.00000E+0	-1.11598E-10
4.95452E-1	1.99292E+0	8.17696E-6	9.99919E-1	2.10434E-9
4.96108E-1	1.99130E+0	2.70501E-5	1.00014E+0	2.23176E-9
4.96763E-1	1.99265E+0	1.19778E-5	9.99857E-1	1.67409E-9
4.97418E-1	1.99319E+0	2.32493E-5	1.00002E+0	1.55048E-9
4.98074E-1	1.99265E+0	5.29356E-6	1.00009E+0	1.86996E-9
4.98729E-1	1.99211E+0	5.42462E-6	9.99940E-1	1.43495E-9
4.99384E-1	1.99292E+0	1.36816E-5	9.43183E-1	2.71921E-7
5.00040E-1	-6.33567E-3	9.35653E-6	1.00471E+0	7.23318E-8
5.00695E-1	-7.68415E-3	1.13225E-5	1.00003E+0	2.52341E-8
5.01350E-1	-7.95385E-3	1.09293E-5	1.00000E+0	1.74866E-8
5.02006E-1	-5.79628E-3	1.05361E-5	1.00007E+0	1.24034E-8
5.02661E-1	-5.52658E-3	1.27642E-5	9.99982E-1	1.07081E-8
5.03316E-1	-6.06598E-3	6.47313E-6	1.00004E+0	8.53157E-9
5.03972E-1	-5.52658E-3	8.43908E-6	9.99969E-1	8.03618E-9
5.04627E-1	-5.79628E-3	9.09440E-6	9.99995E-1	6.03038E-9
5.05283E-1	-7.14476E-3	7.91483E-6	1.00004E+0	5.25021E-9
5.05938E-1	-5.79628E-3	2.19386E-5	1.00005E+0	5.24878E-9
5.06593E-1	-6.60537E-3	1.23710E-5	9.99859E-1	3.54012E-9
5.07249E-1	-7.14476E-3	7.25951E-6	1.00006E+0	3.28672E-9
5.07904E-1	-6.87507E-3	1.39438E-5	1.00006E+0	3.13316E-9
5.08559E-1	-7.95385E-3	8.83228E-6	1.00000E+0	3.51682E-9
5.09215E-1	-7.14476E-3	8.96334E-6	9.99952E-1	3.19163E-9
5.09870E-1	-7.41446E-3	1.38127E-5	1.00003E+0	2.14000E-9
5.10525E-1	-6.33567E-3	7.39058E-6	9.99935E-1	1.48962E-9
5.11181E-1	-7.68415E-3	1.23710E-5	1.00000E+0	2.16900E-9
5.11836E-1	-5.25689E-3	1.27642E-5	9.99978E-1	2.08770E-9
5.12492E-1	-7.14476E-3	9.09440E-6	1.00004E+0	2.05347E-9
5.13147E-1	-4.17810E-3	1.19778E-5	1.00005E+0	4.50826E-10
5.13802E-1	-6.06598E-3	5.55569E-6	1.00002E+0	3.07706E-9
5.14458E-1	-6.33567E-3	9.48759E-6	9.99912E-1	1.07699E-12
5.15113E-1	-5.79628E-3	9.88078E-6	1.00008E+0	2.15807E-9
5.15768E-1	-6.06598E-3	1.13225E-5	9.99908E-1	2.49657E-9
5.16424E-1	-6.60537E-3	-3.42170E-7	1.00010E+0	1.77868E-9
5.17079E-1	-6.60537E-3	1.11914E-5	9.99976E-1	8.88690E-10
5.17734E-1	-6.60537E-3	5.16250E-6	1.00002E+0	1.50056E-9
5.18390E-1	-5.25689E-3	1.00118E-5	9.99980E-1	1.33178E-9
5.19045E-1	-6.87507E-3	2.67229E-6	9.99959E-1	1.64081E-9
5.19700E-1	-7.41446E-3	7.91483E-6	1.00001E+0	1.29232E-9
5.20356E-1	-7.68415E-3	6.73526E-6	1.00002E+0	7.55572E-10
5.21011E-1	-6.33567E-3	9.35653E-6	9.99999E-1	1.68787E-9
5.21667E-1	-5.52658E-3	7.25951E-6	9.99969E-1	5.91076E-10
5.22322E-1	-6.60537E-3	9.35653E-6	1.00006E+0	9.89955E-10
5.22977E-1	-6.33567E-3	5.94888E-6	9.99948E-1	2.33730E-9
5.23633E-1	-9.84172E-3	-4.27408E-6	1.00000E+0	1.07410E-9
5.24288E-1	-6.60537E-3	1.22399E-5	1.00003E+0	1.42259E-9
5.24943E-1	-6.60537E-3	1.77446E-5	9.99999E-1	5.93453E-10
5.25599E-1	-7.14476E-3	2.01697E-6	1.00001E+0	2.17185E-9
5.26254E-1	-6.87507E-3	4.37612E-6	1.00001E+0	1.29898E-9
5.26909E-1	-6.06598E-3	6.73526E-6	9.99914E-1	3.19610E-10
5.27565E-1	-7.14476E-3	7.91483E-6	1.00011E+0	1.01325E-9
5.28220E-1	-5.25689E-3	1.57786E-5	9.99921E-1	1.53812E-9
5.28876E-1	-7.14476E-3	1.26331E-5	1.00004E+0	4.83630E-10
5.29531E-1	-6.87507E-3	7.25951E-6	9.99986E-1	2.37362E-10
5.30186E-1	-6.87507E-3	6.86632E-6	1.00003E+0	1.25952E-9
5.30842E-1	-7.14476E-3	1.09293E-5	9.99963E-1	2.06156E-9
5.31497E-1	-6.06598E-3	1.06672E-5	9.99978E-1	7.30374E-10
5.32152E-1	-5.25689E-3	9.74972E-6	9.99986E-1	1.30944E-9
5.32808E-1	-5.79628E-3	1.21089E-5	1.00003E+0	-4.07786E-10
5.33463E-1	-7.41446E-3	-1.39068E-6	9.99929E-1	7.87900E-10
5.34118E-1	-7.41446E-3	1.26331E-5	1.00007E+0	4.73171E-10
5.34774E-1	-5.52658E-3	1.09293E-5	1.00008E+0	6.31486E-10
5.35429E-1	-6.06598E-3	9.35653E-6	9.99957E-1	2.32066E-9
5.36084E-1	-6.33567E-3	8.04589E-6	1.00002E+0	8.24983E-10
5.36740E-1	-6.06598E-3	9.74972E-6	9.99950E-1	1.19581E-9
5.37395E-1	-6.60537E-3	8.96334E-6	9.99973E-1	3.51730E-9
5.38051E-1	-6.87507E-3	8.43908E-6	1.00007E+0	1.28662E-9
5.38706E-1	-6.60537E-3	1.06672E-5	9.99997E-1	1.55143E-9
5.39361E-1	-4.98719E-3	1.06672E-5	9.99969E-1	1.54572E-9
5.40017E-1	-5.25689E-3	1.42059E-5	1.00002E+0	1.25572E-9
5.40672E-1	-8.22355E-3	1.01429E-5	9.99990E-1	3.14694E-9
5.41327E-1	-6.33567E-3	1.47301E-5	9.99976E-1	2.33683E-9
5.41983E-1	-7.14476E-3	7.12845E-6	9.99971E-1	1.30088E-9
5.42638E-1	-6.87507E-3	8.43908E-6	9.99971E-1	1.50626E-9
5.43293E-1	-6.60537E-3	1.01429E-5	1.00007E+0	2.13857E-9
5.43949E-1	-5.52658E-3	1.07982E-5	9.99982E-1	1.33749E-9
5.44604E-1	-6.06598E-3	6.60420E-6	1.00005E+0	2.45948E-9
5.45260E-1	-6.33567E-3	1.09293E-5	9.99933E-1	1.41356E-9
5.45915E-1	-4.98719E-3	2.33803E-5	1.00003E+0	3.02856E-9
5.46570E-1	-6.33567E-3	9.09440E-6	1.00000E+0	1.32988E-9
5.47226E-1	-6.60537E-3	9.61866E-6	9.99940E-1	2.48326E-9
5.47881E-1	-7.41446E-3	1.06672E-5	1.00007E+0	2.40433E-9
5.48536E-1	-6.33567E-3	1.11914E-5	9.99997E-1	9.07707E-10
5.49192E-1	-4.71749E-3	1.10604E-5	9.99959E-1	3.06517E-9
5.49847E-1	-5.25689E-3	1.13225E-5	1.00009E+0	8.88214E-10
5.50502E-1	-6.33567E-3	1.45991E-5	9.99891E-1	3.20209E-9
5.51158E-1	-5.25689E-3	1.11914E-5	1.00003E+0	1.73589E-9
5.51813E-1	-5.52658E-3	1.91863E-5	1.00004E+0	1.89516E-9
5.52468E-1	-5.52658E-3	5.42462E-6	9.99978E-1	1.25191E-9
5.53124E-1	-6.60537E-3	6.99739E-6	9.99971E-1	2.14475E-9
5.53779E-1	-5.25689E-3	7.12845E-6	1.00001E+0	2.64300E-9
5.54435E-1	-7.14476E-3	8.70121E-6	1.00012E+0	1.87471E-9
5.55090E-1	-5.79628E-3	4.37612E-6	9.99929E-1	9.67134E-10
5.55745E-1	-7.14476E-3	1.18467E-5	1.00008E+0	2.47232E-9
5.56401E-1	-7.41446E-3	9.09440E-6	9.99923E-1	2.14523E-9
5.57056E-1	-6.60537E-3	1.14535E-5	9.99919E-1	1.48059E-9
5.57711E-1	-5.52658E-3	7.78377E-6	1.00001E+0	2.06108E-9
5.58367E-1	-6.60537E-3	8.17696E-6	1.00008E+0	2.01211E-9
5.59022E-1	-5.79628E-3	5.10203E-8	9.99933E-1	2.33587E-9
5.59677E-1	-4.71749E-3	9.61866E-6	1.00009E+0	5.74911E-10
5.60333E-1	-6.60537E-3	1.30263E-5	9.99868E-1	1.86093E-9
5.60988E-1	-7.95385E-3	1.17157E-5	1.00006E+0	2.49181E-9
5.61644E-1	-6.87507E-3	1.00118E-5	1.00003E+0	2.37391E-9
5.62299E-1	-6.60537E-3	8.83228E-6	9.99965E-1	9.16740E-10
5.62954E-1	-5.79628E-3	9.88078E-6	9.99999E-1	2.66201E-9
5.63610E-1	-5.52658E-3	1.19778E-5	1.00005E+0	9.05330E-10
5.64265E-1	-5.79628E-3	1.02740E-5	1.00001E+0	2.73808E-9
5.64920E-1	-5.79628E-3	8.17696E-6	1.00000E+0	1.29422E-9
5.65576E-1	-4.98719E-3	1.73514E-5	1.00002E+0	2.13905E-9
5.66231E-1	-7.14476E-3	-1.52174E-6	9.99963E-1	1.96029E-9
5.66886E-1	-5.79628E-3	1.47301E-5	9.99923E-1	1.70594E-9
5.67542E-1	-5.25689E-3	1.85310E-5	1.00003E+0	2.37201E-9
5.68197E-1	-5.79628E-3	1.28952E-5	9.99969E-1	1.62750E-9
5.68852E-1	-5.52658E-3	8.96334E-6	1.00009E+0	2.68626E-9
5.69508E-1	-7.68415E-3	1.07982E-5	9.99978E-1	1.53526E-9
5.70163E-1	-5.79628E-3	6.86632E-6	1.00004E+0	2.44379E-9
5.70819E-1	-5.52658E-3	1.26331E-5	9.99940E-1	1.93795E-9
5.71474E-1	-6.60537E-3	8.57015E-6	9.99976E-1	1.19819E-9
5.72129E-1	-6.60537E-3	2.14804E-6	9.99986E-1	1.65935E-9
5.72785E-1	-7.68415E-3	8.83228E-6	1.00011E+0	2.13239E-9
5.73440E-1	-9.03264E-3	8.96334E-6	9.99982E-1	2.28310E-9
5.74095E-1	-6.87507E-3	7.91483E-6	9.99997E-1	8.07868E-10
5.74751E-1	-6.33567E-3	1.26331E-5	9.99919E-1	2.17851E-9
5.75406E-1	-6.87507E-3	1.02740E-5	1.00001E+0	2.35251E-9
5.76061E-1	-4.98719E-3	8.17696E-6	1.00007E+0	2.08343E-9
5.76717E-1	-6.60537E-3	1.52544E-5	9.99965E-1	1.21578E-9
5.77372E-1	-8.22355E-3	1.02740E-5	9.99997E-1	2.11623E-9
5.78028E-1	-6.87507E-3	8.43908E-6	9.99976E-1	2.62065E-9
5.78683E-1	-5.52658E-3	9.61866E-6	1.00009E+0	8.50181E-10
5.79338E-1	-5.52658E-3	7.91483E-6	9.99988E-1	3.15978E-9
5.79994E-1	-7.41446E-3	8.04589E-6	1.00001E+0	1.26285E-9
5.80649E-1	-5.25689E-3	7.91483E-6	9.99967E-1	1.19344E-9
5.81304E-1	-5.52658E-3	7.65270E-6	1.00003E+0	3.24108E-9
5.81960E-1	-5.79628E-3	9.88078E-6	9.99931E-1	9.02477E-10
5.82615E-1	-4.71749E-3	1.04050E-5	9.99963E-1	2.90543E-9
5.83270E-1	-4.44780E-3	8.96334E-6	1.00008E+0	2.37961E-9
5.83926E-1	-5.52658E-3	2.22008E-5	9.99944E-1	1.59374E-9
5.84581E-1	-6.06598E-3	8.96334E-6	1.00001E+0	2.15141E-9
5.85236E-1	-6.60537E-3	1.00118E-5	1.00002E+0	2.25220E-9
5.85892E-1	-6.60537E-3	8.04589E-6	1.00007E+0	8.31639E-10
5.86547E-1	-6.60537E-3	8.83228E-6	9.99883E-1	2.27074E-9
5.87203E-1	-6.87507E-3	1.77446E-5	1.00002E+0	1.28852E-9
5.87858E-1	-6.33567E-3	1.18467E-5	1.00009E+0	2.00783E-9
5.88513E-1	-6.33567E-3	7.91483E-6	9.99908E-1	2.61400E-9
5.89169E-1	-6.60537E-3	9.22547E-6	1.00003E+0	1.60040E-9
5.89824E-1	-5.52658E-3	3.19654E-6	1.00003E+0	2.64395E-9
5.90479E-1	-6.06598E-3	8.17696E-6	9.99997E-1	1.97646E-9
5.91135E-1	-4.71749E-3	1.06672E-5	9.99961E-1	1.58946E-9
5.91790E-1	-6.60537E-3	3.72080E-6	1.00007E+0	6.99947E-10
5.92445E-1	-5.52658E-3	9.22547E-6	9.99999E-1	2.43571E-9
5.93101E-1	-6.33567E-3	9.88078E-6	9.99973E-1	1.77678E-9
5.93756E-1	-5.52658E-3	1.15846E-5	9.99959E-1	3.09655E-9
5.94412E-1	-4.98719E-3	1.28952E-5	1.00005E+0	1.51149E-9
5.95067E-1	-4.44780E-3	1.27642E-5	9.99976E-1	2.23508E-9
5.95722E-1	-6.33567E-3	7.25951E-6	1.00001E+0	7.23718E-10
5.96378E-1	-5.52658E-3	5.42462E-6	9.99963E-1	2.93633E-9
5.97033E-1	-5.79628E-3	1.19778E-5	1.00007E+0	1.62227E-9
5.97688E-1	-5.79628E-3	7.52164E-6	9.99952E-1	9.71413E-10
5.98344E-1	-5.25689E-3	1.11914E-5	1.00001E+0	2.15046E-9
5.98999E-1	-5.52658E-3	1.23710E-5	1.00000E+0	2.02923E-9
5.99654E-1	1.99778E+0	9.22547E-6	1.05188E+0	-3.19279E-7
