## Header ##
[General info]
User	Giorgos_Psaltakis
Device	Sample
Cell area (cm2)	1
Test	Pulsed
Date	2024-03-03
Time	04:08:52
Temperature	21.35
Note	

[Acquisition Settings]
Amplitude (V)	2.500
Frequency (Hz)	5.0
DC Offset (V)	1.250
Duty Cycle (%)	60
Phase (°)	0
Cycles	2

## Data ##
Time (s)	DC Channel Voltage (V)	DC Channel Current (A)	Pulse Channel Voltage (V)	Pulse Channel Current (A)
0.00000E+0	2.20949E+0	9.61866E-6	1.01195E+0	-2.07215E-7
6.55360E-4	2.20949E+0	1.45991E-5	9.99954E-1	-1.80849E-8
1.31072E-3	2.20949E+0	1.15846E-5	1.00002E+0	-1.15821E-8
1.96608E-3	2.20949E+0	1.14535E-5	9.99992E-1	-9.19311E-9
2.62144E-3	2.20949E+0	8.57015E-6	9.99935E-1	-7.43690E-9
3.27680E-3	2.20949E+0	8.57015E-6	9.99988E-1	-6.04772E-9
3.93216E-3	2.20949E+0	1.09293E-5	1.00003E+0	-6.21554E-9
4.58752E-3	2.20949E+0	6.07994E-6	9.99965E-1	-3.53749E-9
5.24288E-3	2.20949E+0	5.16250E-6	9.99999E-1	-4.34190E-9
5.89824E-3	2.20949E+0	7.65270E-6	1.00000E+0	-4.26393E-9
6.55360E-3	2.20949E+0	2.42978E-5	9.99948E-1	-2.51533E-9
7.20896E-3	2.20949E+0	8.57015E-6	1.00008E+0	-3.21515E-9
7.86432E-3	2.20949E+0	1.56476E-5	1.00001E+0	-1.30110E-9
8.51968E-3	2.20949E+0	8.96334E-6	9.99952E-1	-3.34542E-9
9.17504E-3	2.20949E+0	6.60420E-6	1.00003E+0	-1.87256E-9
9.83040E-3	2.20949E+0	9.22547E-6	9.99938E-1	-1.78936E-9
1.04858E-2	2.20949E+0	1.04050E-5	1.00004E+0	-7.11105E-10
1.11411E-2	2.20949E+0	9.88078E-6	9.99973E-1	-1.89633E-9
1.17965E-2	2.20949E+0	3.13147E-7	1.00011E+0	-1.71995E-9
1.24518E-2	2.20949E+0	1.10604E-5	9.99874E-1	-1.11997E-9
1.31072E-2	2.20949E+0	7.78377E-6	1.00014E+0	-1.49032E-9
1.37626E-2	2.20949E+0	8.17696E-6	9.99849E-1	-4.93362E-10
1.44179E-2	2.20949E+0	1.40748E-5	1.00004E+0	-9.29324E-10
1.50733E-2	2.20949E+0	8.17696E-6	9.99978E-1	-4.43443E-10
1.57286E-2	2.20949E+0	9.48759E-6	1.00002E+0	-2.09648E-9
1.63840E-2	2.20949E+0	8.70121E-6	9.99976E-1	-2.23322E-10
1.70394E-2	2.20949E+0	1.66961E-5	1.00008E+0	-1.05246E-9
1.76947E-2	2.20949E+0	1.38127E-5	9.99959E-1	3.42905E-10
1.83501E-2	2.20949E+0	8.96334E-6	9.99990E-1	-1.33486E-9
1.90054E-2	2.20949E+0	8.70121E-6	9.99984E-1	-8.48502E-10
1.96608E-2	2.20949E+0	6.60420E-6	9.99984E-1	-7.94779E-10
2.03162E-2	2.20949E+0	9.74972E-6	1.00003E+0	9.36707E-10
2.09715E-2	2.20949E+0	1.26331E-5	1.00003E+0	-3.59293E-10
2.16269E-2	2.20949E+0	1.34195E-5	9.99952E-1	-6.92564E-10
2.22822E-2	2.20949E+0	8.30802E-6	1.00005E+0	-7.02072E-10
2.29376E-2	2.20949E+0	1.05361E-5	1.00000E+0	-8.84634E-10
2.35930E-2	2.20949E+0	6.86632E-6	9.99988E-1	7.61937E-11
2.42483E-2	2.20949E+0	7.91483E-6	9.99999E-1	2.54477E-10
2.49037E-2	2.20949E+0	9.35653E-6	9.99946E-1	-3.37423E-10
2.55590E-2	2.20949E+0	7.91483E-6	1.00004E+0	-5.71331E-10
2.62144E-2	2.20949E+0	1.19778E-5	1.00008E+0	6.64291E-10
2.68698E-2	2.20949E+0	9.74972E-6	9.99952E-1	1.81922E-11
2.75251E-2	2.20949E+0	4.24505E-6	9.99986E-1	-8.04288E-10
2.81805E-2	2.20949E+0	1.82084E-7	1.00003E+0	4.14694E-10
2.88358E-2	2.20949E+0	8.83228E-6	1.00000E+0	-8.08091E-10
2.94912E-2	2.20949E+0	9.35653E-6	9.99946E-1	7.79818E-10
3.01466E-2	2.20949E+0	8.17696E-6	1.00005E+0	1.29625E-11
3.08019E-2	2.20949E+0	1.28952E-5	9.99971E-1	-5.31396E-10
3.14573E-2	2.20949E+0	1.32884E-5	1.00007E+0	-1.42500E-10
3.21126E-2	2.20949E+0	7.78377E-6	9.99986E-1	-3.41042E-11
3.27680E-2	2.20949E+0	1.10604E-5	9.99891E-1	3.52889E-10
3.34234E-2	2.20949E+0	9.88078E-6	1.00013E+0	3.75709E-10
3.40787E-2	2.20949E+0	5.81781E-6	9.99925E-1	6.27208E-10
3.47341E-2	2.20949E+0	7.65270E-6	1.00001E+0	-8.52305E-10
3.53894E-2	2.20949E+0	9.35653E-6	9.99976E-1	8.09770E-10
3.60448E-2	2.20949E+0	3.06548E-6	1.00003E+0	-4.22999E-10
3.67002E-2	2.20949E+0	1.10604E-5	1.00002E+0	-6.23627E-10
3.73555E-2	2.20949E+0	1.85310E-5	9.99950E-1	1.56759E-9
3.80109E-2	2.20949E+0	6.21101E-6	1.00005E+0	1.74131E-10
3.86662E-2	2.20949E+0	2.25939E-5	1.00001E+0	-8.51355E-10
3.93216E-2	2.20949E+0	9.88078E-6	9.99954E-1	5.57505E-11
3.99770E-2	2.20949E+0	1.02740E-5	1.00001E+0	1.44588E-9
4.06323E-2	2.20949E+0	1.05361E-5	1.00002E+0	5.12156E-10
4.12877E-2	2.20949E+0	1.09293E-5	9.99940E-1	-3.43129E-10
4.19430E-2	2.20949E+0	1.06672E-5	1.00005E+0	-4.91460E-10
4.25984E-2	2.20949E+0	9.88078E-6	9.99946E-1	1.13211E-9
4.32538E-2	2.20949E+0	4.37612E-6	1.00002E+0	2.65887E-10
4.39091E-2	2.20949E+0	1.25021E-5	1.00006E+0	1.40376E-10
4.45645E-2	2.20949E+0	1.28952E-5	1.00005E+0	-3.46456E-10
4.52198E-2	2.20949E+0	1.15846E-5	9.99976E-1	1.03987E-9
4.58752E-2	2.20949E+0	1.40748E-5	9.99946E-1	3.26741E-10
4.65306E-2	2.20949E+0	7.78377E-6	9.99961E-1	7.38165E-11
4.71859E-2	2.20949E+0	9.48759E-6	1.00011E+0	-3.11751E-10
4.78413E-2	2.20949E+0	1.25021E-5	9.99986E-1	6.24831E-10
4.84966E-2	2.20949E+0	8.30802E-6	9.99973E-1	2.73018E-10
4.91520E-2	2.20949E+0	5.29356E-6	1.00001E+0	-3.79736E-10
4.98074E-2	2.20949E+0	1.11914E-5	1.00001E+0	1.16111E-9
5.04627E-2	2.20949E+0	7.39058E-6	9.99906E-1	7.38456E-10
5.11181E-2	2.20949E+0	1.39438E-5	1.00006E+0	-3.90195E-10
5.17734E-2	2.20949E+0	2.27250E-5	9.99906E-1	5.81092E-10
5.24288E-2	2.20949E+0	7.91483E-6	1.00010E+0	-4.36787E-10
5.30842E-2	2.20949E+0	1.30263E-5	9.99933E-1	1.86473E-9
5.37395E-2	2.20949E+0	8.43908E-6	1.00006E+0	-1.16608E-9
5.43949E-2	2.20949E+0	3.33412E-5	9.99971E-1	3.37200E-10
5.50502E-2	2.20949E+0	1.04050E-5	1.00009E+0	1.22006E-9
5.57056E-2	2.20949E+0	1.01429E-5	9.99933E-1	4.79827E-10
5.63610E-2	2.20949E+0	9.74972E-6	9.99957E-1	3.04396E-10
5.70163E-2	2.20949E+0	-3.42170E-7	1.00002E+0	3.65250E-10
5.76717E-2	2.20949E+0	1.32884E-5	9.99963E-1	1.93623E-10
5.83270E-2	2.20949E+0	1.10604E-5	1.00009E+0	7.49391E-10
5.89824E-2	2.20949E+0	1.27642E-5	9.99923E-1	1.10786E-9
5.96378E-2	2.20949E+0	1.26331E-5	9.99995E-1	-1.36320E-10
6.02931E-2	2.20949E+0	1.09293E-5	1.00003E+0	1.13924E-9
6.09485E-2	2.20949E+0	7.78377E-6	1.00002E+0	-3.03668E-10
6.16038E-2	2.20949E+0	1.23710E-5	9.99973E-1	1.81262E-10
6.22592E-2	2.20949E+0	1.06672E-5	1.00005E+0	2.52100E-10
6.29146E-2	2.20949E+0	1.01429E-5	9.99961E-1	9.24346E-10
6.35699E-2	2.20949E+0	6.60420E-6	1.00006E+0	6.93767E-10
6.42253E-2	2.20949E+0	7.52164E-6	9.99938E-1	4.26580E-10
6.48806E-2	2.20949E+0	9.35653E-6	1.00002E+0	1.04558E-9
6.55360E-2	2.20949E+0	1.18467E-5	1.00003E+0	-1.12073E-10
6.61914E-2	2.20949E+0	1.01429E-5	9.99954E-1	1.37362E-9
6.68467E-2	2.20949E+0	1.01429E-5	1.00004E+0	-6.74498E-10
6.75021E-2	2.20949E+0	5.68675E-6	9.99929E-1	1.81262E-10
6.81574E-2	2.20949E+0	7.65270E-6	1.00003E+0	9.00100E-10
6.88128E-2	2.20949E+0	9.22547E-6	9.99902E-1	1.02181E-9
6.94682E-2	2.20949E+0	2.53463E-5	1.00012E+0	1.36601E-9
7.01235E-2	2.20949E+0	1.10604E-5	9.99914E-1	-3.12226E-10
7.07789E-2	2.20949E+0	8.43908E-6	1.00007E+0	9.60478E-10
7.14342E-2	2.20949E+0	1.14535E-5	9.99925E-1	-1.43451E-10
7.20896E-2	2.20949E+0	1.40748E-5	1.00009E+0	1.47774E-9
7.27450E-2	2.20949E+0	1.19778E-5	1.00003E+0	-1.82911E-10
7.34003E-2	2.20949E+0	1.11914E-5	9.99887E-1	5.05500E-10
7.40557E-2	2.20949E+0	5.55569E-6	1.00012E+0	8.24032E-10
7.47110E-2	2.20949E+0	6.60420E-6	9.99954E-1	9.87578E-10
7.53664E-2	2.20949E+0	1.07982E-5	1.00003E+0	-8.96044E-10
7.60218E-2	2.20949E+0	6.21101E-6	9.99982E-1	1.74540E-9
7.66771E-2	2.20949E+0	7.52164E-6	9.99959E-1	5.31648E-10
7.73325E-2	2.20949E+0	1.15846E-5	1.00004E+0	9.17691E-10
7.79878E-2	2.20949E+0	8.57015E-6	1.00001E+0	-2.45958E-11
7.86432E-2	2.20949E+0	1.72203E-5	1.00002E+0	4.27530E-10
7.92986E-2	2.20949E+0	7.52164E-6	1.00001E+0	9.83774E-10
7.99539E-2	2.20949E+0	3.72080E-6	9.99950E-1	9.83774E-10
8.06093E-2	2.20949E+0	1.11914E-5	1.00005E+0	-2.22847E-10
8.12646E-2	2.20949E+0	1.48612E-5	9.99940E-1	1.41688E-9
8.19200E-2	2.20949E+0	9.88078E-6	9.99980E-1	5.74436E-10
8.25754E-2	2.20949E+0	1.48612E-5	1.00009E+0	6.01567E-13
8.32307E-2	2.20949E+0	7.78377E-6	9.99893E-1	-2.83701E-10
8.38861E-2	2.20949E+0	9.48759E-6	1.00011E+0	1.79199E-9
8.45414E-2	2.20949E+0	7.25951E-6	9.99957E-1	3.35774E-10
8.51968E-2	2.20949E+0	7.39058E-6	9.99954E-1	8.18327E-10
8.58522E-2	2.20949E+0	2.37735E-5	9.99931E-1	6.76652E-10
8.65075E-2	2.20949E+0	6.99739E-6	1.00013E+0	1.05604E-9
8.71629E-2	2.20949E+0	1.19778E-5	9.99874E-1	4.24387E-11
8.78182E-2	2.20949E+0	1.00118E-5	1.00003E+0	6.97570E-10
8.84736E-2	2.20949E+0	4.44211E-7	1.00011E+0	1.07838E-9
8.91290E-2	2.20949E+0	8.57015E-6	9.99954E-1	-7.16810E-10
8.97843E-2	2.20949E+0	9.61866E-6	9.99927E-1	1.29993E-9
9.04397E-2	2.20949E+0	1.04050E-5	1.00002E+0	3.92952E-12
9.10950E-2	2.20949E+0	1.01429E-5	9.99973E-1	1.15445E-9
9.17504E-2	2.20949E+0	8.83228E-6	1.00009E+0	5.79666E-10
9.24058E-2	2.20949E+0	7.52164E-6	1.00008E+0	9.81397E-10
9.30611E-2	2.20949E+0	8.04589E-6	9.99849E-1	1.29470E-9
9.37165E-2	2.20949E+0	1.23710E-5	1.00002E+0	2.36411E-10
9.43718E-2	2.20949E+0	7.12845E-6	1.00006E+0	3.71431E-10
9.50272E-2	2.20949E+0	1.10604E-5	1.00002E+0	8.35443E-10
9.56826E-2	2.20949E+0	8.83228E-6	9.99976E-1	1.19486E-9
9.63379E-2	2.20949E+0	2.45599E-5	1.00004E+0	-3.74982E-10
9.69933E-2	2.20949E+0	9.22547E-6	1.00000E+0	1.98073E-9
9.76486E-2	2.20949E+0	8.70121E-6	9.99940E-1	-4.13966E-10
9.83040E-2	2.20949E+0	1.06672E-5	9.99963E-1	1.92654E-9
9.89594E-2	2.20949E+0	8.30802E-6	1.00010E+0	-2.00026E-10
9.96147E-2	2.20949E+0	1.11914E-5	9.99881E-1	7.50817E-10
1.00270E-1	2.20949E+0	1.22399E-5	1.00009E+0	1.35365E-9
1.00925E-1	2.20949E+0	1.09953E-6	9.99935E-1	5.16434E-10
1.01581E-1	2.20949E+0	1.31574E-5	1.00004E+0	-1.88616E-10
1.02236E-1	2.20949E+0	1.10604E-5	1.00007E+0	1.47061E-9
1.02892E-1	2.20949E+0	1.01429E-5	9.99900E-1	5.43242E-11
1.03547E-1	2.20949E+0	8.96334E-6	1.00006E+0	8.77755E-10
1.04202E-1	2.20949E+0	9.35653E-6	9.99919E-1	2.01230E-10
1.04858E-1	2.20949E+0	1.07982E-5	1.00008E+0	2.40909E-9
1.05513E-1	2.20949E+0	1.28952E-5	9.99950E-1	4.16596E-10
1.06168E-1	2.20949E+0	8.57015E-6	1.00010E+0	1.42277E-10
1.06824E-1	2.20949E+0	1.13225E-5	9.99914E-1	9.99939E-10
1.07479E-1	2.20949E+0	1.01429E-5	9.99997E-1	1.12307E-9
1.08134E-1	2.20949E+0	8.17696E-6	9.99971E-1	1.22310E-10
1.08790E-1	2.20949E+0	9.09440E-6	1.00003E+0	1.25572E-9
1.09445E-1	2.20949E+0	8.70121E-6	9.99950E-1	6.95378E-11
1.10100E-1	2.20949E+0	1.17157E-5	1.00011E+0	1.89231E-9
1.10756E-1	2.20949E+0	1.35506E-5	1.00002E+0	1.26588E-10
1.11411E-1	2.20949E+0	1.88591E-6	9.99984E-1	1.21388E-9
1.12067E-1	2.20949E+0	1.22399E-5	1.00001E+0	3.82365E-10
1.12722E-1	2.20949E+0	7.25951E-6	9.99971E-1	7.61277E-10
1.13377E-1	2.20949E+0	6.73526E-6	9.99982E-1	1.33987E-9
1.14033E-1	2.20949E+0	8.70121E-6	1.00004E+0	5.94879E-10
1.14688E-1	2.20949E+0	1.10604E-5	9.99992E-1	-1.40123E-10
1.15343E-1	2.20949E+0	9.35653E-6	9.99921E-1	9.03428E-10
1.15999E-1	2.20949E+0	1.36816E-5	1.00002E+0	1.32037E-9
1.16654E-1	2.20949E+0	7.78377E-6	1.00003E+0	2.41165E-10
1.17309E-1	2.20949E+0	5.29356E-6	9.99973E-1	1.41831E-9
1.17965E-1	2.20949E+0	8.04589E-6	1.00000E+0	1.06317E-9
1.18620E-1	2.20949E+0	8.83228E-6	1.00003E+0	9.92332E-10
1.19276E-1	2.20949E+0	1.05361E-5	9.99971E-1	-5.82266E-10
1.19931E-1	-6.33567E-3	7.12845E-6	9.02395E-1	4.22449E-7
1.20586E-1	-9.30233E-3	9.74972E-6	1.00024E+0	4.48975E-8
1.21242E-1	-7.95385E-3	9.09440E-6	9.99980E-1	2.98638E-8
1.21897E-1	-7.68415E-3	1.40748E-5	1.00000E+0	2.48381E-8
1.22552E-1	-8.22355E-3	1.34195E-5	1.00011E+0	2.17773E-8
1.23208E-1	-7.41446E-3	1.18467E-5	9.99853E-1	1.78712E-8
1.23863E-1	-6.60537E-3	1.15846E-5	1.00010E+0	1.64531E-8
1.24518E-1	-7.68415E-3	9.74972E-6	9.99954E-1	1.43793E-8
1.25174E-1	-7.95385E-3	9.48759E-6	1.00003E+0	1.37878E-8
1.25829E-1	-6.60537E-3	1.19778E-5	9.99980E-1	1.04257E-8
1.26484E-1	-6.06598E-3	7.12845E-6	1.00004E+0	1.32102E-8
1.27140E-1	-6.60537E-3	1.10604E-5	1.00002E+0	1.09562E-8
1.27795E-1	-7.41446E-3	2.33803E-5	9.99978E-1	9.96307E-9
1.28451E-1	-7.41446E-3	1.13225E-5	1.00001E+0	9.58178E-9
1.29106E-1	-7.68415E-3	9.48759E-6	9.99997E-1	8.10797E-9
1.29761E-1	-6.06598E-3	1.40748E-5	1.00004E+0	9.81949E-9
1.30417E-1	-7.41446E-3	1.06672E-5	9.99942E-1	7.88405E-9
1.31072E-1	-7.41446E-3	1.21089E-5	1.00008E+0	8.68989E-9
1.31727E-1	-6.60537E-3	1.18467E-5	1.00001E+0	7.30926E-9
1.32383E-1	-9.57203E-3	1.13225E-5	9.99992E-1	7.58263E-9
1.33038E-1	-7.41446E-3	1.69582E-5	9.99933E-1	6.75492E-9
1.33693E-1	-6.87507E-3	8.96334E-6	9.99952E-1	7.48184E-9
1.34349E-1	-7.14476E-3	7.39058E-6	1.00013E+0	7.38961E-9
1.35004E-1	-7.68415E-3	1.15846E-5	9.99916E-1	7.70862E-9
1.35660E-1	-8.22355E-3	1.26331E-5	1.00010E+0	5.40662E-9
1.36315E-1	-7.95385E-3	8.70121E-6	9.99933E-1	7.66631E-9
1.36970E-1	-5.25689E-3	1.49923E-5	1.00003E+0	6.41927E-9
1.37626E-1	-7.95385E-3	7.65270E-6	9.99988E-1	5.59679E-9
1.38281E-1	-7.68415E-3	7.39058E-6	1.00001E+0	7.06062E-9
1.38936E-1	-6.33567E-3	1.36816E-5	9.99961E-1	5.24355E-9
1.39592E-1	-7.95385E-3	1.28952E-5	9.99995E-1	7.46568E-9
1.40247E-1	-6.87507E-3	1.21089E-5	1.00008E+0	5.05814E-9
1.40902E-1	-7.68415E-3	6.60420E-6	9.99919E-1	5.28064E-9
1.41558E-1	-7.41446E-3	7.78377E-6	1.00004E+0	7.13383E-9
1.42213E-1	-5.79628E-3	7.12845E-6	1.00004E+0	5.34815E-9
1.42868E-1	-8.49324E-3	9.35653E-6	9.99978E-1	6.12451E-9
1.43524E-1	-7.14476E-3	8.30802E-6	1.00004E+0	5.34244E-9
1.44179E-1	-7.41446E-3	9.09440E-6	9.99872E-1	5.69425E-9
1.44835E-1	-7.68415E-3	6.47313E-6	9.99997E-1	5.18223E-9
1.45490E-1	-7.68415E-3	1.10604E-5	1.00005E+0	5.29870E-9
1.46145E-1	-6.60537E-3	9.48759E-6	1.00003E+0	4.28796E-9
1.46801E-1	-7.14476E-3	1.36166E-6	9.99933E-1	6.73163E-9
1.47456E-1	-8.22355E-3	7.78377E-6	1.00001E+0	5.34434E-9
1.48111E-1	-7.14476E-3	1.26331E-5	9.99969E-1	5.51550E-9
1.48767E-1	-7.95385E-3	7.52164E-6	1.00013E+0	4.28225E-9
1.49422E-1	-7.95385E-3	1.10604E-5	9.99933E-1	6.00043E-9
1.50077E-1	-7.68415E-3	6.47313E-6	9.99965E-1	4.80997E-9
1.50733E-1	-5.79628E-3	1.05361E-5	1.00002E+0	4.16387E-9
1.51388E-1	-5.52658E-3	1.49923E-5	1.00002E+0	5.31962E-9
1.52044E-1	-7.14476E-3	8.96334E-6	1.00005E+0	6.02943E-9
1.52699E-1	-6.87507E-3	1.02740E-5	9.99874E-1	5.16273E-9
1.53354E-1	-6.87507E-3	2.31182E-5	1.00001E+0	4.74817E-9
1.54010E-1	-7.41446E-3	8.43908E-6	1.00005E+0	4.89412E-9
1.54665E-1	-6.87507E-3	1.36816E-5	9.99997E-1	3.90429E-9
1.55320E-1	-7.68415E-3	5.16250E-6	1.00001E+0	5.62009E-9
1.55976E-1	-7.68415E-3	8.57015E-6	9.99946E-1	4.16815E-9
1.56631E-1	-7.68415E-3	9.61866E-6	1.00007E+0	5.42517E-9
1.57286E-1	-7.68415E-3	8.30802E-6	1.00003E+0	4.76718E-9
1.57942E-1	-6.87507E-3	1.02740E-5	1.00001E+0	5.43895E-9
1.58597E-1	-5.79628E-3	9.88078E-6	9.99971E-1	3.83108E-9
1.59252E-1	-4.98719E-3	1.66961E-5	1.00002E+0	5.56304E-9
1.59908E-1	-7.14476E-3	6.47313E-6	9.99931E-1	5.01202E-9
1.60563E-1	-7.14476E-3	9.22547E-6	1.00005E+0	4.08923E-9
1.61219E-1	-6.60537E-3	7.65270E-6	9.99984E-1	4.42393E-9
1.61874E-1	-6.60537E-3	9.88078E-6	1.00005E+0	4.82851E-9
1.62529E-1	-8.22355E-3	1.05361E-5	9.99927E-1	4.65213E-9
1.63185E-1	-7.41446E-3	1.78757E-5	1.00005E+0	4.36593E-9
1.63840E-1	-7.68415E-3	1.11914E-5	9.99900E-1	5.52976E-9
1.64495E-1	-8.22355E-3	-3.42170E-7	9.99995E-1	3.96752E-9
1.65151E-1	-8.49324E-3	6.47313E-6	1.00013E+0	5.11852E-9
1.65806E-1	-5.79628E-3	1.31574E-5	9.99908E-1	4.93025E-9
1.66461E-1	-7.68415E-3	5.42462E-6	1.00009E+0	3.53869E-9
1.67117E-1	-7.68415E-3	9.09440E-6	9.99929E-1	5.18365E-9
1.67772E-1	-5.79628E-3	-1.05651E-5	1.00011E+0	4.44104E-9
1.68428E-1	-6.87507E-3	7.39058E-6	9.99942E-1	4.03788E-9
1.69083E-1	-8.49324E-3	1.82688E-5	9.99925E-1	4.63977E-9
1.69738E-1	-4.98719E-3	6.21101E-6	1.00005E+0	4.42488E-9
1.70394E-1	-7.41446E-3	1.23710E-5	1.00002E+0	4.57273E-9
1.71049E-1	-7.14476E-3	2.08901E-5	9.99969E-1	4.29414E-9
1.71704E-1	-6.60537E-3	1.17157E-5	9.99995E-1	4.86369E-9
1.72360E-1	-7.14476E-3	5.94888E-6	1.00000E+0	4.00888E-9
1.73015E-1	-7.68415E-3	1.74825E-5	9.99986E-1	5.44323E-9
1.73670E-1	-5.52658E-3	8.83228E-6	1.00002E+0	4.83564E-9
1.74326E-1	-6.06598E-3	1.00118E-5	9.99986E-1	2.86549E-9
1.74981E-1	-6.87507E-3	1.13225E-5	9.99995E-1	4.50950E-9
1.75636E-1	-7.41446E-3	6.47313E-6	1.00004E+0	5.40139E-9
1.76292E-1	-6.06598E-3	5.94888E-6	1.00002E+0	3.55818E-9
1.76947E-1	-7.14476E-3	7.12845E-6	9.99978E-1	4.98255E-9
1.77603E-1	-6.06598E-3	5.03143E-6	9.99910E-1	4.64547E-9
1.78258E-1	-5.79628E-3	7.65270E-6	1.00004E+0	4.48003E-9
1.78913E-1	-7.68415E-3	1.26331E-5	1.00002E+0	3.28149E-9
1.79569E-1	-5.25689E-3	1.36816E-5	1.00000E+0	4.71821E-9
1.80224E-1	-7.14476E-3	2.12833E-5	9.99963E-1	4.01364E-9
1.80879E-1	-6.87507E-3	1.04050E-5	1.00010E+0	3.81111E-9
1.81535E-1	-6.60537E-3	9.88078E-6	9.99931E-1	4.18146E-9
1.82190E-1	-7.95385E-3	1.05361E-5	1.00008E+0	5.00109E-9
1.82845E-1	-7.41446E-3	3.72080E-6	9.99921E-1	3.97608E-9
1.83501E-1	-7.14476E-3	8.83228E-6	9.99967E-1	4.83850E-9
1.84156E-1	-6.60537E-3	6.86632E-6	9.99954E-1	4.25943E-9
1.84812E-1	-7.68415E-3	2.67229E-6	1.00003E+0	4.55847E-9
1.85467E-1	-5.79628E-3	9.88078E-6	1.00008E+0	3.88527E-9
1.86122E-1	-5.25689E-3	1.18467E-5	9.99961E-1	3.33711E-9
1.86778E-1	-7.41446E-3	6.60420E-6	1.00002E+0	4.27560E-9
1.87433E-1	-7.14476E-3	8.83228E-6	9.99908E-1	4.68588E-9
1.88088E-1	-7.68415E-3	8.70121E-6	1.00010E+0	5.41613E-9
1.88744E-1	-6.33567E-3	8.83228E-6	9.99910E-1	3.26627E-9
1.89399E-1	-6.60537E-3	7.91483E-6	1.00008E+0	5.04245E-9
1.90054E-1	-6.33567E-3	1.09293E-5	9.99938E-1	4.35689E-9
1.90710E-1	-5.79628E-3	1.14535E-5	1.00008E+0	2.83744E-9
1.91365E-1	-7.95385E-3	7.39058E-6	9.99982E-1	5.08096E-9
1.92020E-1	-6.06598E-3	1.00118E-5	1.00002E+0	3.49971E-9
1.92676E-1	-6.60537E-3	3.58973E-6	9.99990E-1	4.73913E-9
1.93331E-1	-7.14476E-3	3.58973E-6	9.99935E-1	4.03931E-9
1.93987E-1	-6.87507E-3	1.18467E-5	9.99969E-1	3.99367E-9
1.94642E-1	-7.95385E-3	1.35506E-5	1.00014E+0	3.80493E-9
1.95297E-1	-5.79628E-3	1.32884E-5	9.99921E-1	3.60668E-9
1.95953E-1	-7.41446E-3	1.04050E-5	9.99978E-1	4.79523E-9
1.96608E-1	-6.06598E-3	1.06672E-5	1.00010E+0	4.08115E-9
1.97263E-1	-7.14476E-3	8.57015E-6	9.99982E-1	4.47908E-9
1.97919E-1	-6.06598E-3	8.57015E-6	9.99944E-1	4.23946E-9
1.98574E-1	-6.60537E-3	9.88078E-6	1.00006E+0	3.62474E-9
1.99229E-1	-7.41446E-3	8.30802E-6	9.99889E-1	3.75548E-9
1.99885E-1	2.20949E+0	8.83228E-6	1.09633E+0	-4.12844E-7
2.00540E-1	2.20949E+0	6.86632E-6	9.99878E-1	-3.79580E-8
2.01196E-1	2.20949E+0	2.10212E-5	1.00002E+0	-2.54107E-8
2.01851E-1	2.20949E+0	1.47301E-5	9.99889E-1	-1.80317E-8
2.02506E-1	2.20949E+0	8.30802E-6	1.00008E+0	-1.58338E-8
2.03162E-1	2.20949E+0	1.17157E-5	9.99902E-1	-1.14252E-8
2.03817E-1	2.20949E+0	9.35653E-6	1.00006E+0	-1.13339E-8
2.04472E-1	2.20949E+0	1.69582E-5	9.99954E-1	-8.38679E-9
2.05128E-1	2.20949E+0	1.45991E-5	1.00003E+0	-9.25349E-9
2.05783E-1	2.20949E+0	2.62637E-5	9.99876E-1	-6.98382E-9
2.06438E-1	2.20949E+0	1.30263E-5	1.00010E+0	-5.69115E-9
2.07094E-1	2.20949E+0	7.78377E-6	1.00003E+0	-6.42615E-9
2.07749E-1	2.20949E+0	1.07982E-5	9.99908E-1	-4.35902E-9
2.08404E-1	2.20949E+0	8.57015E-6	1.00002E+0	-5.01320E-9
2.09060E-1	2.20949E+0	1.17157E-5	1.00001E+0	-5.23379E-9
2.09715E-1	2.20949E+0	1.26331E-5	1.00000E+0	-2.80058E-9
2.10371E-1	2.20949E+0	1.05361E-5	9.99992E-1	-5.13538E-9
2.11026E-1	2.20949E+0	1.18467E-5	9.99957E-1	-2.93275E-9
2.11681E-1	2.20949E+0	8.43908E-6	1.00001E+0	-2.65463E-9
2.12337E-1	2.20949E+0	6.99739E-6	9.99969E-1	-2.30234E-9
2.12992E-1	2.20949E+0	1.00118E-5	1.00008E+0	-3.82797E-9
2.13647E-1	2.20949E+0	9.35653E-6	9.99984E-1	-2.18396E-9
2.14303E-1	2.20949E+0	5.03143E-6	1.00002E+0	-1.25356E-9
2.14958E-1	2.20949E+0	9.48759E-6	9.99990E-1	-3.42101E-9
2.15613E-1	2.20949E+0	9.74972E-6	1.00002E+0	-1.13280E-9
2.16269E-1	2.20949E+0	1.49272E-6	9.99912E-1	-1.60062E-9
2.16924E-1	2.20949E+0	2.33803E-5	1.00004E+0	-1.71092E-9
2.17580E-1	2.20949E+0	9.22547E-6	9.99990E-1	-1.24928E-9
2.18235E-1	2.20949E+0	8.17696E-6	1.00009E+0	-1.42519E-9
2.18890E-1	2.20949E+0	9.61866E-6	9.99900E-1	-1.85259E-9
2.19546E-1	2.20949E+0	5.55569E-6	1.00010E+0	-1.35720E-9
2.20201E-1	2.20949E+0	2.11522E-5	9.99935E-1	-7.90976E-10
2.20856E-1	2.20949E+0	1.02740E-5	9.99948E-1	-1.23930E-9
2.21512E-1	2.20949E+0	1.09953E-6	1.00006E+0	-9.66882E-10
2.22167E-1	2.20949E+0	2.61327E-5	9.99908E-1	-1.41140E-9
2.22822E-1	2.20949E+0	7.12845E-6	1.00007E+0	-3.52162E-10
2.23478E-1	2.20949E+0	6.47313E-6	9.99942E-1	-7.24892E-10
2.24133E-1	2.20949E+0	1.04050E-5	1.00006E+0	-4.84804E-10
2.24788E-1	2.20949E+0	6.21101E-6	1.00000E+0	-1.93294E-9
2.25444E-1	2.20949E+0	9.35653E-6	1.00000E+0	-2.29027E-10
2.26099E-1	2.20949E+0	1.18467E-5	1.00005E+0	-1.21981E-9
2.26755E-1	2.20949E+0	1.44680E-5	1.00005E+0	-2.25224E-10
2.27410E-1	2.20949E+0	9.09440E-6	9.99874E-1	3.46709E-10
2.28065E-1	2.20949E+0	7.25951E-6	9.99952E-1	-1.79649E-9
2.28721E-1	2.20949E+0	5.68675E-6	1.00016E+0	5.38488E-11
2.29376E-1	2.20949E+0	5.81781E-6	9.99885E-1	2.69690E-10
2.30031E-1	2.20949E+0	1.06672E-5	9.99982E-1	-1.01965E-9
2.30687E-1	2.20949E+0	7.91483E-6	9.99990E-1	-1.30012E-12
2.31342E-1	2.20949E+0	8.70121E-6	1.00009E+0	-1.15990E-9
2.31997E-1	2.20949E+0	-1.78387E-6	9.99995E-1	-5.98906E-10
2.32653E-1	2.20949E+0	1.19778E-5	9.99995E-1	-4.45635E-11
2.33308E-1	2.20949E+0	1.31574E-5	1.00002E+0	7.95982E-10
2.33964E-1	2.20949E+0	9.35653E-6	9.99940E-1	-3.65949E-10
2.34619E-1	2.20949E+0	9.88078E-6	9.99990E-1	-1.60091E-10
2.35274E-1	2.20949E+0	2.07591E-5	1.00004E+0	-4.37737E-10
2.35930E-1	2.20949E+0	8.96334E-6	9.99946E-1	-4.44393E-10
2.36585E-1	2.20949E+0	3.98293E-6	1.00002E+0	-8.54207E-10
2.37240E-1	2.20949E+0	5.10203E-8	1.00010E+0	2.22624E-10
2.37896E-1	2.20949E+0	1.36816E-5	9.99910E-1	5.69682E-10
2.38551E-1	2.20949E+0	8.43908E-6	1.00003E+0	-1.34865E-9
2.39206E-1	2.20949E+0	1.06672E-5	9.99927E-1	9.61905E-10
2.39862E-1	2.20949E+0	9.48759E-6	1.00014E+0	1.26113E-10
2.40517E-1	2.20949E+0	6.21101E-6	9.99978E-1	4.44646E-10
2.41172E-1	2.20949E+0	-6.76428E-6	9.99980E-1	-5.26457E-11
2.41828E-1	2.20949E+0	1.05361E-5	9.99946E-1	4.12792E-10
2.42483E-1	2.20949E+0	1.32884E-5	1.00005E+0	-1.57780E-9
2.43139E-1	2.20949E+0	1.26331E-5	1.00002E+0	6.32437E-10
2.43794E-1	2.20949E+0	6.21101E-6	9.99935E-1	5.32599E-10
2.44449E-1	2.20949E+0	6.73526E-6	1.00010E+0	8.71284E-11
2.45105E-1	2.20949E+0	2.33803E-5	9.99876E-1	2.38313E-10
2.45760E-1	2.20949E+0	8.04589E-6	1.00008E+0	-3.89720E-10
2.46415E-1	2.20949E+0	1.05361E-5	9.99916E-1	2.22148E-10
2.47071E-1	2.20949E+0	5.94888E-6	1.00001E+0	3.10101E-10
2.47726E-1	2.20949E+0	7.39058E-6	9.99992E-1	-1.61993E-10
2.48381E-1	2.20949E+0	5.42462E-6	1.00007E+0	-8.55158E-10
2.49037E-1	2.20949E+0	1.18467E-5	9.99923E-1	1.45587E-9
2.49692E-1	2.20949E+0	2.32493E-5	1.00005E+0	-5.42806E-10
2.50348E-1	2.20949E+0	1.09293E-5	9.99995E-1	9.25773E-10
2.51003E-1	2.20949E+0	6.21101E-6	1.00002E+0	7.06603E-10
2.51658E-1	2.20949E+0	1.49272E-6	1.00004E+0	-1.49156E-10
2.52314E-1	2.20949E+0	2.41016E-6	9.99902E-1	1.31343E-10
2.52969E-1	2.20949E+0	1.06672E-5	1.00007E+0	-2.24273E-10
2.53624E-1	2.20949E+0	5.68675E-6	9.99900E-1	1.45130E-10
2.54280E-1	2.20949E+0	1.26331E-5	1.00007E+0	3.40053E-10
2.54935E-1	2.20949E+0	1.62378E-6	9.99944E-1	7.21341E-10
2.55590E-1	2.20949E+0	8.43908E-6	1.00009E+0	-6.69084E-11
2.56246E-1	2.20949E+0	1.14535E-5	9.99959E-1	1.18155E-9
2.56901E-1	2.20949E+0	5.81781E-6	9.99948E-1	2.69215E-10
2.57556E-1	2.20949E+0	1.42059E-5	1.00002E+0	1.66999E-10
2.58212E-1	2.20949E+0	1.27642E-5	1.00005E+0	-5.04772E-10
2.58867E-1	2.20949E+0	9.35653E-6	1.00007E+0	1.17537E-9
2.59523E-1	2.20949E+0	1.78757E-5	9.99952E-1	4.24678E-10
2.60178E-1	2.20949E+0	4.44211E-7	1.00002E+0	1.09473E-10
2.60833E-1	2.20949E+0	1.07982E-5	1.00001E+0	5.43533E-10
2.61489E-1	2.20949E+0	9.22547E-6	9.99935E-1	1.67950E-10
2.62144E-1	2.20949E+0	3.45867E-6	1.00001E+0	1.06269E-9
2.62799E-1	2.20949E+0	1.13225E-5	1.00004E+0	-7.72910E-10
2.63455E-1	2.20949E+0	9.35653E-6	9.99999E-1	1.43257E-9
2.64110E-1	2.20949E+0	2.93442E-6	1.00003E+0	-2.14765E-10
2.64765E-1	2.20949E+0	1.07982E-5	9.99978E-1	1.20817E-9
2.65421E-1	2.20949E+0	1.76135E-5	9.99916E-1	1.41802E-10
2.66076E-1	2.20949E+0	1.02740E-5	1.00008E+0	-2.58028E-10
2.66732E-1	2.20949E+0	1.35506E-5	1.00002E+0	9.89955E-10
2.67387E-1	2.20949E+0	7.91483E-6	1.00001E+0	7.47674E-11
2.68042E-1	2.20949E+0	7.65270E-6	9.99878E-1	6.66668E-10
2.68698E-1	2.20949E+0	4.63824E-6	1.00008E+0	1.96184E-11
2.69353E-1	2.20949E+0	7.39058E-6	9.99931E-1	4.58433E-10
2.70008E-1	2.20949E+0	9.35653E-6	1.00005E+0	1.10881E-9
2.70664E-1	2.20949E+0	1.14535E-5	9.99990E-1	-1.22057E-10
2.71319E-1	2.20949E+0	7.39058E-6	1.00004E+0	3.98054E-10
2.71974E-1	2.20949E+0	2.27910E-6	1.00001E+0	1.33654E-9
2.72630E-1	2.20949E+0	9.35653E-6	9.99923E-1	2.83002E-10
2.73285E-1	2.20949E+0	9.61866E-6	1.00011E+0	6.62864E-10
2.73940E-1	2.20949E+0	7.25951E-6	9.99942E-1	8.23741E-11
2.74596E-1	2.20949E+0	6.86632E-6	9.99948E-1	8.34967E-10
2.75251E-1	2.20949E+0	1.00118E-5	1.00001E+0	2.24525E-10
2.75907E-1	2.20949E+0	9.74972E-6	1.00002E+0	1.17965E-9
2.76562E-1	2.20949E+0	1.95795E-5	9.99900E-1	4.37514E-10
2.77217E-1	2.20949E+0	1.82084E-7	1.00010E+0	8.09770E-10
2.77873E-1	2.20949E+0	9.61866E-6	9.99946E-1	5.78715E-10
2.78528E-1	2.20949E+0	5.68675E-6	1.00001E+0	-4.09212E-10
2.79183E-1	2.20949E+0	5.94888E-6	1.00013E+0	1.30516E-9
2.79839E-1	2.20949E+0	1.34195E-5	9.99910E-1	8.09770E-10
2.80494E-1	2.20949E+0	8.96334E-6	1.00002E+0	9.02477E-10
2.81149E-1	2.20949E+0	8.83228E-6	9.99995E-1	-2.18093E-10
2.81805E-1	2.20949E+0	1.78757E-5	1.00002E+0	4.14879E-11
2.82460E-1	2.20949E+0	1.00118E-5	1.00006E+0	1.73304E-9
2.83116E-1	2.20949E+0	1.69582E-5	9.99954E-1	9.98512E-10
2.83771E-1	2.20949E+0	8.83228E-6	9.99921E-1	-3.71654E-10
2.84426E-1	2.20949E+0	1.06672E-5	9.99997E-1	1.07838E-9
2.85082E-1	2.20949E+0	8.04589E-6	1.00005E+0	1.48534E-9
2.85737E-1	2.20949E+0	6.21101E-6	1.00002E+0	-1.07319E-10
2.86392E-1	2.20949E+0	1.07982E-5	1.00006E+0	2.97265E-10
2.87048E-1	2.20949E+0	8.83228E-6	9.99881E-1	7.66691E-11
2.87703E-1	2.20949E+0	1.82084E-7	1.00010E+0	7.33702E-10
2.88358E-1	2.20949E+0	1.00118E-5	9.99971E-1	1.78438E-9
2.89014E-1	2.20949E+0	3.98293E-6	9.99948E-1	4.64613E-10
2.89669E-1	2.20949E+0	2.48220E-5	1.00006E+0	1.08124E-9
2.90324E-1	2.20949E+0	2.12833E-5	9.99973E-1	5.88223E-10
2.90980E-1	2.20949E+0	9.09440E-6	9.99992E-1	1.02817E-10
2.91635E-1	2.20949E+0	1.05361E-5	1.00004E+0	3.43381E-10
2.92291E-1	2.20949E+0	-3.61876E-6	9.99980E-1	9.31002E-10
2.92946E-1	2.20949E+0	6.73526E-6	9.99990E-1	6.52880E-10
2.93601E-1	2.20949E+0	9.22547E-6	1.00003E+0	9.15789E-10
2.94257E-1	2.20949E+0	5.94888E-6	9.99995E-1	5.08352E-10
2.94912E-1	2.20949E+0	8.30802E-6	1.00001E+0	1.01468E-9
2.95567E-1	2.20949E+0	1.02740E-5	9.99942E-1	9.24346E-10
2.96223E-1	2.20949E+0	1.99727E-5	1.00001E+0	6.17224E-10
2.96878E-1	2.20949E+0	1.49923E-5	1.00001E+0	1.05604E-9
2.97533E-1	2.20949E+0	1.28952E-5	1.00003E+0	-3.58817E-10
2.98189E-1	2.20949E+0	1.22399E-5	9.99965E-1	1.52290E-9
2.98844E-1	2.20949E+0	1.22399E-5	1.00003E+0	5.81092E-10
2.99500E-1	2.20949E+0	7.12845E-6	9.99963E-1	1.11642E-9
3.00155E-1	2.20949E+0	1.01429E-5	9.99976E-1	3.33872E-10
3.00810E-1	2.20949E+0	6.60420E-6	1.00004E+0	2.69215E-10
3.01466E-1	2.20949E+0	1.74825E-5	9.99957E-1	7.61277E-10
3.02121E-1	2.20949E+0	9.88078E-6	1.00003E+0	1.33368E-9
3.02776E-1	2.20949E+0	3.13147E-7	9.99999E-1	1.42277E-10
3.03432E-1	2.20949E+0	9.74972E-6	1.00002E+0	4.51302E-10
3.04087E-1	2.20949E+0	4.76931E-6	9.99959E-1	1.15302E-9
3.04742E-1	2.20949E+0	2.67229E-6	1.00002E+0	5.64927E-10
3.05398E-1	2.20949E+0	1.52544E-5	1.00004E+0	8.89165E-10
3.06053E-1	2.20949E+0	4.11399E-6	9.99948E-1	1.27806E-9
3.06708E-1	2.20949E+0	1.05361E-5	1.00000E+0	1.13829E-9
3.07364E-1	2.20949E+0	1.18467E-5	1.00006E+0	-1.04961E-9
3.08019E-1	2.20949E+0	1.57786E-5	9.99982E-1	2.31115E-9
3.08675E-1	2.20949E+0	1.01429E-5	1.00002E+0	5.43533E-10
3.09330E-1	2.20949E+0	1.09293E-5	9.99954E-1	1.54144E-9
3.09985E-1	2.20949E+0	2.24629E-5	1.00003E+0	6.48602E-10
3.10641E-1	2.20949E+0	-2.11107E-7	1.00003E+0	-3.19833E-10
3.11296E-1	2.20949E+0	8.43908E-6	9.99952E-1	1.57044E-9
3.11951E-1	2.20949E+0	2.54123E-6	9.99950E-1	5.65403E-10
3.12607E-1	2.20949E+0	9.88078E-6	1.00005E+0	5.09778E-10
3.13262E-1	2.20949E+0	7.39058E-6	9.99944E-1	1.29850E-9
3.13917E-1	2.20949E+0	6.99739E-6	1.00004E+0	7.07079E-10
3.14573E-1	2.20949E+0	7.65270E-6	1.00005E+0	-3.21259E-10
3.15228E-1	2.20949E+0	6.21101E-6	9.99976E-1	1.61418E-9
3.15884E-1	2.20949E+0	1.75485E-6	1.00003E+0	1.78248E-9
3.16539E-1	2.20949E+0	1.51233E-5	9.99997E-1	-3.31243E-10
3.17194E-1	2.20949E+0	7.65270E-6	9.99995E-1	1.90467E-9
3.17850E-1	2.20949E+0	1.55165E-5	9.99971E-1	-4.88132E-10
3.18505E-1	2.20949E+0	1.23710E-5	9.99999E-1	2.15712E-9
3.19160E-1	2.20949E+0	1.07982E-5	1.00005E+0	4.51777E-10
3.19816E-1	-8.22355E-3	1.11914E-5	9.02771E-1	4.16261E-7
3.20471E-1	-7.95385E-3	1.55165E-5	1.00018E+0	4.78338E-8
3.21126E-1	-7.95385E-3	8.96334E-6	1.00005E+0	3.23635E-8
3.21782E-1	-7.14476E-3	-4.01195E-6	1.00008E+0	2.47734E-8
3.22437E-1	-6.60537E-3	1.14535E-5	1.00004E+0	2.15315E-8
3.23092E-1	-7.14476E-3	9.09440E-6	1.00003E+0	1.80652E-8
3.23748E-1	-9.03264E-3	2.14804E-6	9.99963E-1	1.73602E-8
3.24403E-1	-6.60537E-3	8.43908E-6	9.99971E-1	1.49089E-8
3.25059E-1	-7.41446E-3	1.14535E-5	9.99984E-1	1.31075E-8
3.25714E-1	-4.17810E-3	3.32761E-6	1.00016E+0	1.33034E-8
3.26369E-1	-9.30233E-3	1.14535E-5	9.99971E-1	1.21343E-8
3.27025E-1	-7.95385E-3	1.05361E-5	9.99973E-1	1.11255E-8
3.27680E-1	-6.33567E-3	1.17157E-5	1.00001E+0	9.28844E-9
3.28335E-1	-7.68415E-3	8.83228E-6	9.99995E-1	1.09567E-8
3.28991E-1	-7.41446E-3	1.32884E-5	1.00001E+0	9.42679E-9
3.29646E-1	-6.87507E-3	8.04589E-6	1.00001E+0	9.28607E-9
3.30301E-1	-6.06598E-3	7.12845E-6	9.99967E-1	8.37421E-9
3.30957E-1	-7.14476E-3	5.29356E-6	9.99952E-1	8.54108E-9
3.31612E-1	-7.14476E-3	9.09440E-6	1.00008E+0	7.26600E-9
3.32268E-1	-7.41446E-3	6.21101E-6	9.99959E-1	8.24822E-9
3.32923E-1	-7.95385E-3	1.21089E-5	1.00003E+0	7.38248E-9
3.33578E-1	-7.14476E-3	8.57015E-6	9.99948E-1	8.59053E-9
3.34234E-1	-6.87507E-3	5.55569E-6	1.00009E+0	5.97238E-9
3.34889E-1	-5.52658E-3	1.52544E-5	9.99940E-1	8.44790E-9
3.35544E-1	-6.60537E-3	7.12845E-6	9.99992E-1	6.43259E-9
3.36200E-1	-7.41446E-3	2.60016E-5	9.99950E-1	6.70215E-9
3.36855E-1	-7.95385E-3	1.04050E-5	1.00006E+0	6.98265E-9
3.37510E-1	-7.95385E-3	-3.42170E-7	1.00002E+0	5.39474E-9
3.38166E-1	-7.68415E-3	8.17696E-6	9.99971E-1	7.10483E-9
3.38821E-1	-7.14476E-3	1.61718E-5	9.99946E-1	6.53718E-9
3.39476E-1	-6.87507E-3	-4.79833E-6	1.00002E+0	5.69616E-9
3.40132E-1	-6.87507E-3	1.83999E-5	1.00003E+0	6.34130E-9
3.40787E-1	-7.95385E-3	5.03143E-6	9.99959E-1	6.27665E-9
3.41443E-1	-7.14476E-3	2.67229E-6	1.00011E+0	5.46700E-9
3.42098E-1	-5.79628E-3	1.87931E-5	9.99889E-1	7.04065E-9
3.42753E-1	-7.41446E-3	1.44680E-5	1.00009E+0	5.51882E-9
3.43409E-1	-7.41446E-3	8.96334E-6	1.00000E+0	5.78934E-9
3.44064E-1	-6.87507E-3	6.34207E-6	1.00001E+0	5.99282E-9
3.44719E-1	-7.68415E-3	9.74972E-6	9.99990E-1	5.76985E-9
3.45375E-1	-6.33567E-3	1.01429E-5	1.00002E+0	4.71774E-9
3.46030E-1	-7.68415E-3	1.23710E-5	9.99897E-1	5.59204E-9
3.46685E-1	-8.76294E-3	1.47301E-5	1.00008E+0	5.11662E-9
3.47341E-1	-8.22355E-3	3.85186E-6	1.00006E+0	6.13973E-9
3.47996E-1	-7.41446E-3	2.14804E-6	9.99933E-1	5.30203E-9
3.48652E-1	-6.87507E-3	5.55569E-6	1.00001E+0	5.04388E-9
3.49307E-1	-7.95385E-3	1.15846E-5	9.99980E-1	5.68380E-9
3.49962E-1	-7.14476E-3	1.82084E-7	9.99969E-1	5.59204E-9
3.50618E-1	-6.33567E-3	7.12845E-6	1.00002E+0	5.31677E-9
3.51273E-1	-7.68415E-3	3.19654E-6	1.00005E+0	4.71203E-9
3.51928E-1	-6.87507E-3	8.96334E-6	1.00002E+0	4.76766E-9
3.52584E-1	-5.25689E-3	7.78377E-6	9.99948E-1	6.29424E-9
3.53239E-1	-7.68415E-3	1.21089E-5	9.99978E-1	4.76338E-9
3.53894E-1	-7.14476E-3	1.63029E-5	1.00002E+0	5.75463E-9
3.54550E-1	-6.06598E-3	5.68675E-6	1.00009E+0	4.49524E-9
3.55205E-1	-7.68415E-3	1.65650E-5	1.00001E+0	4.51283E-9
3.55860E-1	-7.14476E-3	6.99739E-6	9.99952E-1	5.53689E-9
3.56516E-1	-7.95385E-3	1.23059E-6	9.99910E-1	4.62503E-9
3.57171E-1	-7.14476E-3	5.81781E-6	1.00006E+0	6.06128E-9
3.57827E-1	-6.87507E-3	5.94888E-6	9.99976E-1	4.94166E-9
3.58482E-1	-7.14476E-3	2.54773E-5	9.99992E-1	4.17956E-9
3.59137E-1	-8.22355E-3	5.42462E-6	9.99999E-1	5.71708E-9
3.59793E-1	-6.06598E-3	7.78377E-6	1.00006E+0	4.92265E-9
3.60448E-1	-7.41446E-3	1.23710E-5	9.99931E-1	4.14533E-9
3.61103E-1	-9.30233E-3	9.35653E-6	1.00003E+0	4.19810E-9
3.61759E-1	-6.87507E-3	9.61866E-6	9.99900E-1	5.49315E-9
3.62414E-1	-6.60537E-3	1.30263E-5	1.00009E+0	5.19173E-9
3.63069E-1	-8.49324E-3	1.18467E-5	1.00008E+0	4.58319E-9
3.63725E-1	-7.14476E-3	1.18467E-5	9.99900E-1	4.91932E-9
3.64380E-1	-6.33567E-3	1.66961E-5	9.99948E-1	4.46624E-9
3.65036E-1	-6.06598E-3	5.16250E-6	1.00007E+0	4.37020E-9
3.65691E-1	-7.14476E-3	1.55165E-5	1.00007E+0	4.43867E-9
3.66346E-1	-7.14476E-3	9.22547E-6	9.99965E-1	5.25924E-9
3.67002E-1	-6.87507E-3	1.13225E-5	9.99997E-1	5.75416E-9
3.67657E-1	-5.79628E-3	8.04589E-6	1.00002E+0	4.52186E-9
3.68312E-1	-6.60537E-3	9.48759E-6	1.00003E+0	3.60192E-9
3.68968E-1	-7.68415E-3	9.35653E-6	9.99878E-1	5.13991E-9
3.69623E-1	-5.52658E-3	1.00118E-5	1.00008E+0	5.26067E-9
3.70278E-1	-4.71749E-3	1.00118E-5	9.99982E-1	3.51540E-9
3.70934E-1	-7.68415E-3	1.17157E-5	9.99992E-1	5.26305E-9
3.71589E-1	-7.95385E-3	-4.92939E-6	9.99976E-1	4.69111E-9
3.72244E-1	-6.60537E-3	9.35653E-6	1.00002E+0	4.75720E-9
3.72900E-1	-5.79628E-3	8.57015E-6	1.00002E+0	4.06403E-9
3.73555E-1	-4.98719E-3	1.11914E-5	1.00005E+0	4.15341E-9
3.74211E-1	-6.06598E-3	9.61866E-6	9.99895E-1	5.39236E-9
3.74866E-1	-6.60537E-3	9.61866E-6	9.99997E-1	4.77812E-9
3.75521E-1	-6.33567E-3	9.74972E-6	1.00004E+0	4.75054E-9
3.76177E-1	-6.06598E-3	3.45867E-6	1.00003E+0	2.90210E-9
3.76832E-1	-6.87507E-3	8.83228E-6	9.99997E-1	4.65261E-9
3.77487E-1	-7.68415E-3	-2.83238E-6	9.99957E-1	5.53927E-9
3.78143E-1	-8.76294E-3	9.61866E-6	1.00008E+0	3.71412E-9
3.78798E-1	-7.14476E-3	1.19778E-5	9.99944E-1	5.40520E-9
3.79453E-1	-6.87507E-3	8.96334E-6	1.00005E+0	3.40320E-9
3.80109E-1	-6.33567E-3	7.78377E-6	9.99891E-1	5.17462E-9
3.80764E-1	-5.25689E-3	1.44680E-5	1.00007E+0	3.22349E-9
3.81420E-1	-7.14476E-3	9.22547E-6	9.99999E-1	6.26476E-9
3.82075E-1	-6.60537E-3	1.15846E-5	1.00010E+0	3.51207E-9
3.82730E-1	-5.79628E-3	6.21101E-6	9.99895E-1	3.95516E-9
3.83386E-1	-6.60537E-3	4.44211E-7	1.00010E+0	4.80284E-9
3.84041E-1	-8.76294E-3	2.08901E-5	9.99963E-1	4.87748E-9
3.84696E-1	-6.60537E-3	1.31574E-5	9.99957E-1	4.02029E-9
3.85352E-1	-6.60537E-3	1.28952E-5	1.00003E+0	3.61856E-9
3.86007E-1	-6.33567E-3	7.65270E-6	9.99946E-1	4.76908E-9
3.86662E-1	-6.60537E-3	8.37401E-7	1.00005E+0	5.49268E-9
3.87318E-1	-5.79628E-3	1.49923E-5	9.99954E-1	4.05880E-9
3.87973E-1	-6.87507E-3	8.04589E-6	1.00002E+0	4.03884E-9
3.88628E-1	-7.95385E-3	2.14804E-6	9.99963E-1	4.14913E-9
3.89284E-1	-7.14476E-3	1.00118E-5	1.00004E+0	4.20571E-9
3.89939E-1	-6.87507E-3	1.00118E-5	9.99965E-1	4.96781E-9
3.90595E-1	-4.71749E-3	1.34195E-5	1.00007E+0	4.49762E-9
3.91250E-1	-5.52658E-3	6.73526E-6	9.99929E-1	4.24469E-9
3.91905E-1	-6.87507E-3	-8.00432E-8	1.00008E+0	3.80731E-9
3.92561E-1	-7.41446E-3	1.26331E-5	9.99910E-1	3.80588E-9
3.93216E-1	-5.79628E-3	1.18467E-5	1.00001E+0	4.37924E-9
3.93871E-1	-7.14476E-3	8.43908E-6	1.00001E+0	5.05481E-9
3.94527E-1	-7.68415E-3	-4.27408E-6	1.00001E+0	3.16501E-9
3.95182E-1	-6.87507E-3	9.74972E-6	9.99965E-1	5.03912E-9
3.95837E-1	-6.60537E-3	1.05361E-5	1.00004E+0	4.05738E-9
3.96493E-1	-7.41446E-3	1.17157E-5	1.00001E+0	4.82090E-9
3.97148E-1	-8.22355E-3	1.49272E-6	1.00008E+0	3.38228E-9
3.97804E-1	-6.87507E-3	1.40748E-5	1.00000E+0	4.79143E-9
3.98459E-1	-7.41446E-3	9.61866E-6	9.99887E-1	4.43486E-9
3.99114E-1	-7.95385E-3	1.42059E-5	9.99992E-1	4.39398E-9
3.99770E-1	2.20949E+0	1.30263E-5	1.09692E+0	-4.07945E-7
