## Header ##
[General info]
User	Giorgos_Psaltakis
Device	Sample
Cell area (cm2)	1
Test	Pulsed
Date	2024-03-03
Time	04:06:29
Temperature	21.35
Note	

[Acquisition Settings]
Amplitude (V)	2.500
Frequency (Hz)	5.0
DC Offset (V)	0.000
Duty Cycle (%)	50
Phase (°)	0
Cycles	2

## Data ##
Time (s)	DC Channel Voltage (V)	DC Channel Current (A)	Pulse Channel Voltage (V)	Pulse Channel Current (A)
0.00000E+0	1.24559E+0	1.43369E-5	1.01181E+0	-2.06429E-7
6.55360E-4	1.24344E+0	1.07982E-5	1.00000E+0	-1.62013E-8
1.31072E-3	1.24398E+0	9.35653E-6	9.99980E-1	-8.92497E-9
1.96608E-3	1.24479E+0	8.96334E-6	9.99954E-1	-6.59493E-9
2.62144E-3	1.24532E+0	8.43908E-6	9.99954E-1	-4.14032E-9
3.27680E-3	1.24532E+0	1.05361E-5	1.00003E+0	-5.34409E-9
3.93216E-3	1.24506E+0	1.62378E-6	9.99980E-1	-1.30728E-9
4.58752E-3	1.24425E+0	7.52164E-6	1.00006E+0	-2.48918E-9
5.24288E-3	1.24559E+0	1.52544E-5	1.00001E+0	-2.54814E-9
5.89824E-3	1.24398E+0	8.04589E-6	9.99931E-1	-9.33127E-10
6.55360E-3	1.24398E+0	8.17696E-6	1.00006E+0	-2.42833E-9
7.20896E-3	1.24479E+0	1.09293E-5	9.99914E-1	8.46853E-10
7.86432E-3	1.24371E+0	8.43908E-6	1.00004E+0	-1.76226E-9
8.51968E-3	1.24398E+0	9.88078E-6	9.99988E-1	4.45597E-10
9.17504E-3	1.24532E+0	1.02740E-5	9.99988E-1	1.68901E-10
9.83040E-3	1.24586E+0	1.30263E-5	1.00006E+0	-1.67222E-10
1.04858E-2	1.24452E+0	1.02740E-5	1.00002E+0	1.34195E-10
1.11411E-2	1.24506E+0	9.22547E-6	9.99935E-1	5.63977E-10
1.17965E-2	1.24371E+0	1.27642E-5	1.00000E+0	9.44314E-10
1.24518E-2	1.24452E+0	3.72080E-6	9.99990E-1	-3.64813E-11
1.31072E-2	1.24479E+0	8.17696E-6	1.00003E+0	-2.19519E-10
1.37626E-2	1.24425E+0	6.21101E-6	1.00002E+0	1.09883E-9
1.44179E-2	1.24371E+0	1.13225E-5	1.00003E+0	9.48118E-10
1.50733E-2	1.24479E+0	9.88078E-6	9.99954E-1	1.28852E-9
1.57286E-2	1.24236E+0	2.45599E-5	9.99912E-1	8.61115E-10
1.63840E-2	1.24532E+0	1.14535E-5	1.00002E+0	1.45967E-9
1.70394E-2	1.24586E+0	1.17157E-5	1.00001E+0	1.07696E-9
1.76947E-2	1.24344E+0	9.22547E-6	1.00006E+0	1.61228E-9
1.83501E-2	1.24317E+0	1.31574E-5	9.99982E-1	4.30858E-10
1.90054E-2	1.24452E+0	9.61866E-6	1.00000E+0	2.78248E-10
1.96608E-2	1.24290E+0	1.06672E-5	9.99887E-1	1.41118E-9
2.03162E-2	1.24452E+0	1.59097E-5	1.00012E+0	1.29755E-9
2.09715E-2	1.24506E+0	8.57015E-6	9.99942E-1	1.59564E-9
2.16269E-2	1.24559E+0	1.80067E-5	1.00010E+0	1.03845E-9
2.22822E-2	1.24452E+0	1.09293E-5	9.99984E-1	1.55903E-9
2.29376E-2	1.24479E+0	3.19654E-6	9.99938E-1	2.26266E-9
2.35930E-2	1.24452E+0	1.26331E-5	1.00001E+0	9.63806E-10
2.42483E-2	1.24479E+0	1.09293E-5	1.00004E+0	1.31324E-9
2.49037E-2	1.24398E+0	1.13225E-5	1.00003E+0	1.09407E-9
2.55590E-2	1.24425E+0	1.19778E-5	9.99948E-1	1.46918E-9
2.62144E-2	1.24586E+0	1.56476E-5	1.00006E+0	1.84571E-9
2.68698E-2	1.24398E+0	1.09293E-5	9.99933E-1	1.00707E-9
2.75251E-2	1.24479E+0	9.48759E-6	1.00010E+0	1.20675E-9
2.81805E-2	1.24640E+0	1.30263E-5	9.99832E-1	2.12289E-9
2.88358E-2	1.24398E+0	9.48759E-6	1.00010E+0	2.28310E-9
2.94912E-2	1.24479E+0	7.39058E-6	9.99950E-1	9.61429E-10
3.01466E-2	1.24479E+0	8.70121E-6	1.00005E+0	4.40842E-10
3.08019E-2	1.24479E+0	1.80067E-5	9.99988E-1	2.92873E-9
3.14573E-2	1.24586E+0	8.70121E-6	9.99963E-1	8.19754E-10
3.21126E-2	1.24344E+0	1.10604E-5	1.00003E+0	9.86627E-10
3.27680E-2	1.24532E+0	4.24505E-6	1.00005E+0	1.87994E-9
3.34234E-2	1.24506E+0	1.06672E-5	9.99959E-1	1.60372E-9
3.40787E-2	1.24344E+0	8.83228E-6	9.99887E-1	1.60515E-9
3.47341E-2	1.24398E+0	5.42462E-6	1.00010E+0	1.27093E-9
3.53894E-2	1.24236E+0	5.94888E-6	9.99992E-1	1.81624E-9
3.60448E-2	1.24479E+0	4.50718E-6	9.99986E-1	1.09265E-9
3.67002E-2	1.24344E+0	2.29871E-5	9.99999E-1	1.96362E-9
3.73555E-2	1.24479E+0	1.35506E-5	9.99997E-1	2.28595E-9
3.80109E-2	1.24452E+0	-1.12855E-6	9.99969E-1	9.64282E-10
3.86662E-2	1.24371E+0	6.47313E-6	1.00012E+0	2.12336E-9
3.93216E-2	1.24506E+0	4.24505E-6	9.99927E-1	2.05538E-9
3.99770E-2	1.24532E+0	1.01429E-5	1.00001E+0	5.79666E-10
4.06323E-2	1.24452E+0	1.21089E-5	1.00003E+0	1.29327E-9
4.12877E-2	1.24317E+0	1.36166E-6	9.99952E-1	2.70765E-9
4.19430E-2	1.24398E+0	1.28952E-5	1.00002E+0	1.13829E-9
4.25984E-2	1.24479E+0	9.88078E-6	9.99931E-1	1.52005E-9
4.32538E-2	1.24506E+0	1.05361E-5	1.00009E+0	1.24763E-9
4.39091E-2	1.24479E+0	8.83228E-6	9.99929E-1	2.23604E-9
4.45645E-2	1.24506E+0	1.23710E-5	1.00007E+0	6.61914E-10
4.52198E-2	1.24452E+0	8.57015E-6	9.99925E-1	2.06346E-9
4.58752E-2	1.24586E+0	5.81781E-6	1.00009E+0	1.55856E-9
4.65306E-2	1.24479E+0	9.22547E-6	9.99929E-1	2.07772E-9
4.71859E-2	1.24263E+0	1.19778E-5	1.00005E+0	2.42668E-9
4.78413E-2	1.24452E+0	1.05361E-5	9.99963E-1	1.71117E-9
4.84966E-2	1.24290E+0	7.12845E-6	1.00002E+0	7.28948E-10
4.91520E-2	1.24317E+0	7.78377E-6	1.00002E+0	2.62208E-9
4.98074E-2	1.24479E+0	4.24505E-6	9.99948E-1	1.89516E-9
5.04627E-2	1.24506E+0	1.06672E-5	1.00013E+0	1.26570E-9
5.11181E-2	1.24479E+0	1.63029E-5	9.99838E-1	2.19943E-9
5.17734E-2	1.24586E+0	1.23059E-6	1.00006E+0	6.90439E-10
5.24288E-2	1.24479E+0	1.34195E-5	1.00001E+0	1.64936E-9
5.30842E-2	1.24506E+0	2.16765E-5	9.99946E-1	2.17661E-9
5.37395E-2	1.24586E+0	7.78377E-6	1.00001E+0	1.04796E-9
5.43949E-2	1.24317E+0	1.28952E-5	1.00007E+0	2.43476E-9
5.50502E-2	1.24317E+0	1.04050E-5	9.99906E-1	1.40975E-9
5.57056E-2	1.24425E+0	1.18467E-5	1.00008E+0	2.00070E-9
5.63610E-2	1.24506E+0	1.34195E-5	9.99946E-1	1.62036E-9
5.70163E-2	1.24586E+0	9.61866E-6	1.00012E+0	1.33844E-9
5.76717E-2	1.24398E+0	4.63824E-6	9.99914E-1	2.65108E-9
5.83270E-2	1.24425E+0	4.63824E-6	9.99954E-1	1.74778E-9
5.89824E-2	1.24613E+0	8.70121E-6	9.99978E-1	9.57626E-10
5.96378E-2	1.24236E+0	1.07982E-5	1.00008E+0	1.57853E-9
6.02931E-2	1.24559E+0	2.01697E-6	9.99971E-1	9.70938E-10
6.09485E-2	1.24344E+0	8.96334E-6	1.00006E+0	2.19800E-9
6.16038E-2	1.24317E+0	8.57015E-6	9.99978E-1	1.39406E-9
6.22592E-2	1.24209E+0	1.47301E-5	9.99995E-1	1.83003E-9
6.29146E-2	1.24506E+0	7.12845E-6	9.99933E-1	2.33302E-9
6.35699E-2	1.24559E+0	8.57015E-6	1.00003E+0	1.78106E-9
6.42253E-2	1.24479E+0	8.83228E-6	1.00005E+0	8.91542E-10
6.48806E-2	1.24479E+0	1.61718E-5	9.99997E-1	3.07563E-9
6.55360E-2	1.24425E+0	9.61866E-6	1.00003E+0	1.32370E-9
6.61914E-2	1.24452E+0	1.10604E-5	9.99963E-1	9.58101E-10
6.68467E-2	1.24371E+0	1.22399E-5	1.00000E+0	3.41508E-9
6.75021E-2	1.24506E+0	9.61866E-6	9.99988E-1	1.42306E-9
6.81574E-2	1.24452E+0	9.88078E-6	9.99952E-1	1.73399E-9
6.88128E-2	1.24371E+0	8.83228E-6	1.00001E+0	1.28614E-9
6.94682E-2	1.24452E+0	8.04589E-6	1.00008E+0	1.93509E-9
7.01235E-2	1.24479E+0	1.13225E-5	9.99948E-1	8.42098E-10
7.07789E-2	1.24506E+0	1.43369E-5	9.99959E-1	2.85741E-9
7.14342E-2	1.24586E+0	1.10604E-5	1.00009E+0	6.77602E-10
7.20896E-2	1.24317E+0	-1.78387E-6	9.99963E-1	1.95744E-9
7.27450E-2	1.24506E+0	1.48612E-5	1.00001E+0	2.05300E-9
7.34003E-2	1.24479E+0	2.33803E-5	1.00001E+0	2.49562E-9
7.40557E-2	1.24506E+0	9.61866E-6	9.99914E-1	1.49343E-9
7.47110E-2	1.24640E+0	1.25021E-5	9.99984E-1	1.35460E-9
7.53664E-2	1.24398E+0	1.19778E-5	1.00011E+0	1.66600E-9
7.60218E-2	1.24344E+0	9.61866E-6	9.99933E-1	2.36678E-9
7.66771E-2	1.24371E+0	8.30802E-6	1.00008E+0	1.76204E-9
7.73325E-2	1.24398E+0	1.25021E-5	9.99984E-1	2.13857E-9
7.79878E-2	1.24640E+0	5.68675E-6	9.99942E-1	1.36459E-9
7.86432E-2	1.24425E+0	1.18467E-5	9.99978E-1	8.15950E-10
7.92986E-2	1.24667E+0	1.23710E-5	1.00002E+0	2.55932E-9
7.99539E-2	1.24452E+0	8.57015E-6	1.00001E+0	1.50484E-9
8.06093E-2	1.24371E+0	6.73526E-6	1.00003E+0	1.39169E-9
8.12646E-2	1.24559E+0	9.74972E-6	9.99893E-1	1.97693E-9
8.19200E-2	1.24425E+0	1.14535E-5	1.00017E+0	2.19325E-9
8.25754E-2	1.24371E+0	1.11914E-5	9.99929E-1	2.32066E-9
8.32307E-2	1.24398E+0	1.59097E-5	9.99988E-1	1.59469E-9
8.38861E-2	1.24344E+0	1.01429E-5	1.00009E+0	9.58577E-10
8.45414E-2	1.24452E+0	8.96334E-6	9.99959E-1	2.16425E-9
8.51968E-2	1.24506E+0	1.05361E-5	1.00003E+0	1.94127E-9
8.58522E-2	1.24559E+0	8.83228E-6	9.99908E-1	2.26313E-9
8.65075E-2	1.24425E+0	1.25021E-5	1.00002E+0	1.99975E-9
8.71629E-2	1.24452E+0	9.09440E-6	1.00007E+0	5.44484E-10
8.78182E-2	1.24452E+0	1.38127E-5	1.00002E+0	2.66154E-9
8.84736E-2	1.24425E+0	5.81781E-6	9.99872E-1	1.83811E-9
8.91290E-2	1.24317E+0	1.23710E-5	1.00001E+0	1.56094E-9
8.97843E-2	1.24506E+0	2.01697E-6	1.00004E+0	1.28662E-9
9.04397E-2	1.24425E+0	1.32884E-5	9.99938E-1	2.62826E-9
9.10950E-2	1.24559E+0	9.74972E-6	9.99984E-1	1.67314E-9
9.17504E-2	1.24452E+0	6.99739E-6	1.00011E+0	1.19771E-9
9.24058E-2	1.24506E+0	1.36816E-5	9.99878E-1	2.19705E-9
9.30611E-2	1.24694E+0	7.25951E-6	1.00008E+0	8.35918E-10
9.37165E-2	1.24479E+0	1.27642E-5	1.00007E+0	3.12317E-9
9.43718E-2	1.24344E+0	1.15846E-5	1.00000E+0	1.26665E-9
9.50272E-2	1.24479E+0	1.51233E-5	9.99919E-1	1.84952E-9
9.56826E-2	1.24263E+0	4.63824E-6	1.00004E+0	1.76061E-9
9.63379E-2	1.24425E+0	7.91483E-6	9.99986E-1	2.94299E-9
9.69933E-2	1.24452E+0	1.14535E-5	9.99929E-1	1.31562E-9
9.76486E-2	1.24344E+0	1.18467E-5	1.00011E+0	1.02704E-9
9.83040E-2	1.24236E+0	1.87931E-5	9.99938E-1	1.93272E-9
9.89594E-2	1.24425E+0	1.99727E-5	1.00005E+0	1.85522E-9
9.96147E-2	1.24559E+0	1.07982E-5	9.09573E-1	3.44306E-7
1.00270E-1	-1.25314E+0	4.50718E-6	9.99431E-1	-1.92663E-7
1.00925E-1	-1.25233E+0	9.61866E-6	9.99460E-1	-8.86461E-8
1.01581E-1	-1.25341E+0	1.11914E-5	9.99980E-1	-4.78625E-8
1.02236E-1	-1.25314E+0	8.57015E-6	9.99807E-1	-1.64428E-8
1.02892E-1	-1.25395E+0	9.09440E-6	1.00007E+0	-2.06389E-8
1.03547E-1	-1.25314E+0	9.09440E-6	9.99883E-1	-1.44380E-8
1.04202E-1	-1.25098E+0	1.39438E-5	1.00005E+0	-1.15051E-8
1.04858E-1	-1.25395E+0	1.17157E-5	9.99921E-1	-9.11847E-9
1.05513E-1	-1.25260E+0	5.81781E-6	9.99965E-1	-5.78814E-9
1.06168E-1	-1.25314E+0	9.35653E-6	1.00013E+0	-4.23588E-9
1.06824E-1	-1.25233E+0	1.34195E-5	9.99881E-1	-3.28076E-9
1.07479E-1	-1.25422E+0	8.70121E-6	9.99959E-1	-2.57238E-9
1.08134E-1	-1.25341E+0	1.05361E-5	1.00010E+0	4.44532E-9
1.08790E-1	-1.25179E+0	7.65270E-6	1.00002E+0	5.99044E-9
1.09445E-1	-1.25206E+0	9.35653E-6	9.99868E-1	5.02391E-9
1.10100E-1	-1.25287E+0	1.05361E-5	1.00004E+0	4.95973E-9
1.10756E-1	-1.25287E+0	4.63824E-6	9.99938E-1	6.00708E-9
1.11411E-1	-1.25476E+0	1.66961E-5	1.00010E+0	4.74817E-9
1.12067E-1	-1.25368E+0	1.06672E-5	9.99957E-1	5.23833E-9
1.12722E-1	-1.25503E+0	8.83228E-6	9.99963E-1	4.44199E-9
1.13377E-1	-1.25233E+0	1.56476E-5	1.00001E+0	4.78763E-9
1.14033E-1	-1.25260E+0	1.06672E-5	1.00006E+0	4.95925E-9
1.14688E-1	-1.25449E+0	9.88078E-6	1.00001E+0	3.83013E-9
1.15343E-1	-1.25422E+0	1.09293E-5	1.00001E+0	4.71108E-9
1.15999E-1	-1.25395E+0	9.74972E-6	9.99976E-1	5.76604E-9
1.16654E-1	-1.25368E+0	7.65270E-6	1.00005E+0	3.91570E-9
1.17309E-1	-1.25503E+0	1.21089E-5	9.99870E-1	5.37097E-9
1.17965E-1	-1.25314E+0	9.61866E-6	1.00006E+0	4.86322E-9
1.18620E-1	-1.25260E+0	8.70121E-6	1.00005E+0	4.04882E-9
1.19276E-1	-1.25341E+0	1.66961E-5	9.99946E-1	4.42821E-9
1.19931E-1	-1.25341E+0	-3.61876E-6	9.99961E-1	4.72725E-9
1.20586E-1	-1.25395E+0	1.28952E-5	1.00006E+0	3.90382E-9
1.21242E-1	-1.25476E+0	5.10203E-8	1.00006E+0	5.00489E-9
1.21897E-1	-1.25341E+0	1.06672E-5	9.99868E-1	3.10035E-9
1.22552E-1	-1.25260E+0	1.27642E-5	1.00014E+0	5.43277E-9
1.23208E-1	-1.25422E+0	7.12845E-6	9.99885E-1	4.67733E-9
1.23863E-1	-1.25422E+0	1.19778E-5	1.00007E+0	4.25182E-9
1.24518E-1	-1.25476E+0	1.09293E-5	9.99938E-1	4.40396E-9
1.25174E-1	-1.25368E+0	1.59097E-5	1.00005E+0	4.13202E-9
1.25829E-1	-1.25233E+0	1.27642E-5	1.00001E+0	2.69719E-9
1.26484E-1	-1.25422E+0	8.43908E-6	9.99933E-1	4.94499E-9
1.27140E-1	-1.25314E+0	6.86632E-6	1.00002E+0	4.62313E-9
1.27795E-1	-1.25341E+0	9.74972E-6	1.00000E+0	3.16596E-9
1.28451E-1	-1.25449E+0	1.11914E-5	1.00001E+0	4.74151E-9
1.29106E-1	-1.25314E+0	1.15846E-5	9.99986E-1	4.00128E-9
1.29761E-1	-1.25395E+0	1.07982E-5	9.99990E-1	4.19240E-9
1.30417E-1	-1.25395E+0	5.68675E-6	9.99992E-1	3.79590E-9
1.31072E-1	-1.25503E+0	1.02740E-5	1.00001E+0	4.84563E-9
1.31727E-1	-1.25368E+0	1.07982E-5	1.00002E+0	3.47118E-9
1.32383E-1	-1.25368E+0	1.01429E-5	1.00007E+0	3.85437E-9
1.33038E-1	-1.25503E+0	2.93442E-6	9.99910E-1	4.87796E-9
1.33693E-1	-1.25368E+0	1.65650E-5	1.00007E+0	3.79067E-9
1.34349E-1	-1.25341E+0	1.09293E-5	9.99847E-1	3.28054E-9
1.35004E-1	-1.25368E+0	5.16250E-6	1.00014E+0	3.73552E-9
1.35660E-1	-1.25206E+0	6.60420E-6	9.99933E-1	4.77574E-9
1.36315E-1	-1.25287E+0	1.18467E-5	9.99973E-1	3.38703E-9
1.36970E-1	-1.25476E+0	7.12845E-6	1.00006E+0	3.83821E-9
1.37626E-1	-1.25341E+0	1.22399E-5	9.99982E-1	4.69920E-9
1.38281E-1	-1.25476E+0	8.96334E-6	1.00002E+0	2.74854E-9
1.38936E-1	-1.25341E+0	1.06672E-5	1.00002E+0	4.28225E-9
1.39592E-1	-1.25125E+0	1.27642E-5	1.00006E+0	4.62170E-9
1.40247E-1	-1.25152E+0	1.35506E-5	9.99999E-1	3.62569E-9
1.40902E-1	-1.25233E+0	8.83228E-6	9.99893E-1	4.41632E-9
1.41558E-1	-1.25314E+0	1.05361E-5	9.99978E-1	2.90828E-9
1.42213E-1	-1.25368E+0	8.30802E-6	1.00002E+0	4.59128E-9
1.42868E-1	-1.25287E+0	9.74972E-6	1.00006E+0	3.94851E-9
1.43524E-1	-1.25260E+0	1.09293E-5	9.99876E-1	3.38085E-9
1.44179E-1	-1.25422E+0	2.32493E-5	1.00008E+0	4.04121E-9
1.44835E-1	-1.25314E+0	6.07994E-6	1.00002E+0	4.28178E-9
1.45490E-1	-1.25395E+0	6.86632E-6	9.99921E-1	3.91000E-9
1.46145E-1	-1.25260E+0	1.42059E-5	1.00007E+0	3.01288E-9
1.46801E-1	-1.25449E+0	9.48759E-6	9.99984E-1	4.31743E-9
1.47456E-1	-1.25341E+0	4.50718E-6	9.99997E-1	4.10920E-9
1.48111E-1	-1.25260E+0	7.52164E-6	1.00002E+0	3.29528E-9
1.48767E-1	-1.25287E+0	2.27910E-6	9.99978E-1	3.88004E-9
1.49422E-1	-1.25341E+0	1.09293E-5	9.99952E-1	3.98416E-9
1.50077E-1	-1.25395E+0	8.57015E-6	1.00004E+0	3.68084E-9
1.50733E-1	-1.25287E+0	1.56476E-5	9.99992E-1	3.99605E-9
1.51388E-1	-1.25287E+0	1.74825E-5	1.00003E+0	3.56864E-9
1.52044E-1	-1.25260E+0	5.68675E-6	1.00005E+0	2.54886E-9
1.52699E-1	-1.25395E+0	1.10604E-5	9.99999E-1	5.26495E-9
1.53354E-1	-1.25260E+0	1.53855E-5	9.99859E-1	3.26532E-9
1.54010E-1	-1.25314E+0	8.30802E-6	1.00017E+0	3.97465E-9
1.54665E-1	-1.25260E+0	8.04589E-6	9.99976E-1	3.59717E-9
1.55320E-1	-1.25179E+0	2.67229E-6	9.99931E-1	3.96182E-9
1.55976E-1	-1.25287E+0	6.86632E-6	1.00004E+0	3.09893E-9
1.56631E-1	-1.25341E+0	1.57786E-5	9.99925E-1	3.08038E-9
1.57286E-1	-1.25260E+0	6.99739E-6	1.00007E+0	4.12631E-9
1.57942E-1	-1.25368E+0	8.57015E-6	9.99952E-1	3.74978E-9
1.58597E-1	-1.25395E+0	1.04050E-5	9.99963E-1	4.28986E-9
1.59252E-1	-1.25422E+0	1.17157E-5	1.00002E+0	3.26342E-9
1.59908E-1	-1.25287E+0	1.07982E-5	1.00002E+0	3.38133E-9
1.60563E-1	-1.25368E+0	1.07982E-5	9.99973E-1	5.02771E-9
1.61219E-1	-1.25476E+0	6.60420E-6	1.00007E+0	2.77659E-9
1.61874E-1	-1.25260E+0	9.09440E-6	9.99900E-1	4.72297E-9
1.62529E-1	-1.25287E+0	7.65270E-6	1.00007E+0	2.22415E-9
1.63185E-1	-1.25179E+0	3.45867E-6	9.99969E-1	5.26970E-9
1.63840E-1	-1.25206E+0	8.83228E-6	1.00007E+0	2.42050E-9
1.64495E-1	-1.25368E+0	4.37612E-6	1.00001E+0	3.36754E-9
1.65151E-1	-1.25341E+0	8.70121E-6	9.99948E-1	4.88081E-9
1.65806E-1	-1.25260E+0	-7.35361E-7	1.00003E+0	4.06641E-9
1.66461E-1	-1.25341E+0	6.07994E-6	9.99938E-1	3.42316E-9
1.67117E-1	-1.25206E+0	7.25951E-6	9.99986E-1	3.27008E-9
1.67772E-1	-1.25287E+0	1.47301E-5	1.00007E+0	3.88955E-9
1.68428E-1	-1.25422E+0	3.58973E-6	1.00000E+0	3.68417E-9
1.69083E-1	-1.25395E+0	1.00118E-5	1.00008E+0	3.39844E-9
1.69738E-1	-1.25422E+0	5.68675E-6	9.99914E-1	4.02743E-9
1.70394E-1	-1.25206E+0	8.43908E-6	1.00001E+0	3.82822E-9
1.71049E-1	-1.25341E+0	1.28952E-5	9.99980E-1	2.29404E-9
1.71704E-1	-1.25341E+0	2.10212E-5	1.00003E+0	4.13915E-9
1.72360E-1	-1.25260E+0	1.21089E-5	9.99902E-1	3.99700E-9
1.73015E-1	-1.25206E+0	7.78377E-6	1.00010E+0	4.31173E-9
1.73670E-1	-1.25260E+0	5.16250E-6	9.99984E-1	3.24441E-9
1.74326E-1	-1.25206E+0	1.11914E-5	1.00002E+0	2.53270E-9
1.74981E-1	-1.25314E+0	1.02740E-5	9.99946E-1	4.81663E-9
1.75636E-1	-1.25152E+0	1.07982E-5	1.00002E+0	3.10321E-9
1.76292E-1	-1.25314E+0	1.74825E-5	9.99995E-1	4.31030E-9
1.76947E-1	-1.25233E+0	6.21101E-6	1.00007E+0	2.64442E-9
1.77603E-1	-1.25233E+0	3.29480E-5	9.99948E-1	4.52329E-9
1.78258E-1	-1.25314E+0	6.47313E-6	1.00002E+0	2.26456E-9
1.78913E-1	-1.25287E+0	2.23318E-5	1.00005E+0	4.33788E-9
1.79569E-1	-1.25287E+0	9.61866E-6	9.99954E-1	3.61286E-9
1.80224E-1	-1.25260E+0	-8.73023E-6	9.99921E-1	3.34377E-9
1.80879E-1	-1.25341E+0	1.15846E-5	1.00002E+0	4.06071E-9
1.81535E-1	-1.25206E+0	1.65650E-5	9.99963E-1	3.51777E-9
1.82190E-1	-1.25314E+0	1.07982E-5	1.00001E+0	3.11747E-9
1.82845E-1	-1.25368E+0	6.73526E-6	1.00008E+0	3.36421E-9
1.83501E-1	-1.25476E+0	-9.97488E-7	9.99978E-1	4.88699E-9
1.84156E-1	-1.25125E+0	7.12845E-6	9.99995E-1	2.16235E-9
1.84812E-1	-1.25152E+0	1.09293E-5	1.00006E+0	4.51568E-9
1.85467E-1	-1.25206E+0	6.86632E-6	9.99957E-1	1.93272E-9
1.86122E-1	-1.25314E+0	3.98293E-6	9.99925E-1	4.95497E-9
1.86778E-1	-1.25314E+0	1.10604E-5	1.00002E+0	4.12441E-9
1.87433E-1	-1.25341E+0	8.30802E-6	1.00007E+0	2.24364E-9
1.88088E-1	-1.25341E+0	1.44680E-5	1.00001E+0	3.61048E-9
1.88744E-1	-1.25233E+0	1.72203E-5	9.99959E-1	3.99415E-9
1.89399E-1	-1.25368E+0	1.94484E-5	1.00000E+0	2.74046E-9
1.90054E-1	-1.25314E+0	1.59097E-5	1.00011E+0	3.94232E-9
1.90710E-1	-1.25206E+0	9.48759E-6	9.99935E-1	3.44218E-9
1.91365E-1	-1.25260E+0	8.43908E-6	1.00006E+0	3.81681E-9
1.92020E-1	-1.25044E+0	1.05361E-5	9.99942E-1	4.01269E-9
1.92676E-1	-1.25206E+0	1.09293E-5	9.99935E-1	3.70414E-9
1.93331E-1	-1.25287E+0	1.48612E-5	1.00007E+0	3.40367E-9
1.93987E-1	-1.25179E+0	1.69582E-5	9.99965E-1	3.23157E-9
1.94642E-1	-1.25287E+0	8.70121E-6	1.00001E+0	3.52300E-9
1.95297E-1	-1.25206E+0	1.07982E-5	9.99959E-1	3.75786E-9
1.95953E-1	-1.25341E+0	1.02740E-5	1.00012E+0	3.48544E-9
1.96608E-1	-1.25233E+0	6.21101E-6	9.99828E-1	3.30146E-9
1.97263E-1	-1.25287E+0	6.47313E-6	1.00009E+0	3.13696E-9
1.97919E-1	-1.25368E+0	8.30802E-6	9.99942E-1	3.85437E-9
1.98574E-1	-1.25152E+0	1.30263E-5	1.00013E+0	4.14723E-9
1.99229E-1	-1.25287E+0	1.06672E-5	9.99925E-1	2.47707E-9
1.99885E-1	-1.25233E+0	9.09440E-6	1.09822E+0	-4.16965E-7
2.00540E-1	1.24694E+0	1.15846E-5	9.99931E-1	-3.93734E-8
2.01196E-1	1.24721E+0	9.61866E-6	9.99870E-1	-2.54093E-8
2.01851E-1	1.24586E+0	1.13225E-5	9.99997E-1	-2.00551E-8
2.02506E-1	1.24748E+0	2.66569E-5	9.99990E-1	-1.57530E-8
2.03162E-1	1.24452E+0	1.85310E-5	9.99925E-1	-1.26646E-8
2.03817E-1	1.24613E+0	6.73526E-6	9.99971E-1	-1.16377E-8
2.04472E-1	1.24506E+0	1.99727E-5	1.00006E+0	-1.11095E-8
2.05128E-1	1.24479E+0	8.57015E-6	9.99973E-1	-7.87762E-9
2.05783E-1	1.24506E+0	6.60420E-6	1.00003E+0	-8.17523E-9
2.06438E-1	1.24640E+0	7.91483E-6	9.99995E-1	-7.00046E-9
2.07094E-1	1.24532E+0	8.70121E-6	1.00003E+0	-6.25120E-9
2.07749E-1	1.24532E+0	2.45599E-5	9.99855E-1	-5.93314E-9
2.08404E-1	1.24640E+0	1.42059E-5	1.00010E+0	-4.76122E-9
2.09060E-1	1.24667E+0	1.40748E-5	1.00004E+0	-6.43994E-9
2.09715E-1	1.24694E+0	1.26331E-5	9.99954E-1	-3.75618E-9
2.10371E-1	1.24506E+0	9.35653E-6	9.99992E-1	-3.55888E-9
2.11026E-1	1.24452E+0	1.00118E-5	9.99935E-1	-5.29845E-9
2.11681E-1	1.24667E+0	5.55569E-6	1.00006E+0	-3.26127E-9
2.12337E-1	1.24640E+0	9.22547E-6	9.99978E-1	-2.29521E-9
2.12992E-1	1.24425E+0	1.19778E-5	1.00003E+0	-4.60814E-9
2.13647E-1	1.24613E+0	1.27642E-5	9.99990E-1	-1.54452E-9
2.14303E-1	1.24532E+0	1.19778E-5	9.99948E-1	-3.27078E-9
2.14958E-1	1.24613E+0	1.14535E-5	1.00006E+0	-2.82959E-9
2.15613E-1	1.24586E+0	9.35653E-6	1.00001E+0	-3.44526E-9
2.16269E-1	1.24586E+0	1.10604E-5	9.99946E-1	-8.88437E-10
2.16924E-1	1.24452E+0	2.80335E-6	1.00005E+0	-2.13262E-9
2.17580E-1	1.24506E+0	8.30802E-6	9.99942E-1	-2.98933E-9
2.18235E-1	1.24559E+0	5.94888E-6	1.00003E+0	-2.24814E-9
2.18890E-1	1.24640E+0	9.61866E-6	9.99988E-1	-7.37253E-10
2.19546E-1	1.24371E+0	1.81378E-5	1.00003E+0	-1.46655E-9
2.20201E-1	1.24559E+0	9.74972E-6	1.00001E+0	-2.84908E-9
2.20856E-1	1.24506E+0	9.61866E-6	9.99984E-1	-9.15537E-10
2.21512E-1	1.24559E+0	1.26331E-5	9.99986E-1	-1.71948E-9
2.22167E-1	1.24479E+0	9.48759E-6	1.00001E+0	-6.19349E-10
2.22822E-1	1.24479E+0	1.13225E-5	9.99978E-1	-2.07604E-9
2.23478E-1	1.24479E+0	6.21101E-6	9.99980E-1	-5.37101E-10
2.24133E-1	1.24559E+0	-1.25961E-6	1.00004E+0	-7.83845E-10
2.24788E-1	1.24479E+0	1.19778E-5	9.99933E-1	-2.50963E-9
2.25444E-1	1.24479E+0	2.54123E-6	1.00008E+0	-2.77045E-10
2.26099E-1	1.24640E+0	9.09440E-6	1.00005E+0	-1.43470E-9
2.26755E-1	1.24532E+0	1.28952E-5	9.99923E-1	-1.30776E-9
2.27410E-1	1.24559E+0	9.35653E-6	1.00006E+0	-4.49148E-10
2.28065E-1	1.24559E+0	1.22399E-5	9.99999E-1	-8.60863E-10
2.28721E-1	1.24425E+0	2.01697E-6	9.99971E-1	-1.57067E-9
2.29376E-1	1.24640E+0	2.52152E-5	1.00000E+0	-1.06368E-10
2.30031E-1	1.24425E+0	1.28952E-5	9.99992E-1	-2.70389E-10
2.30687E-1	1.24667E+0	1.87931E-5	1.00005E+0	-1.30443E-9
2.31342E-1	1.24398E+0	1.39438E-5	9.99959E-1	-1.11997E-9
2.31997E-1	1.24586E+0	7.25951E-6	9.99965E-1	-4.29180E-10
2.32653E-1	1.24452E+0	9.22547E-6	1.00002E+0	-4.54853E-10
2.33308E-1	1.24559E+0	1.09293E-5	9.99984E-1	-1.47749E-9
2.33964E-1	1.24613E+0	6.34207E-6	9.99965E-1	4.32285E-10
2.34619E-1	1.24344E+0	1.94484E-5	1.00002E+0	-1.36433E-9
2.35274E-1	1.24586E+0	1.00118E-5	9.99942E-1	1.68901E-10
2.35930E-1	1.24479E+0	1.02740E-5	1.00015E+0	-6.27431E-10
2.36585E-1	1.24586E+0	1.51233E-5	9.99828E-1	-4.29655E-10
2.37240E-1	1.24452E+0	-5.06046E-6	1.00006E+0	-3.29817E-10
2.37896E-1	1.24506E+0	-3.74982E-6	1.00002E+0	-2.25699E-10
2.38551E-1	1.24452E+0	1.43369E-5	1.00009E+0	-1.04628E-9
2.39206E-1	1.24532E+0	1.25021E-5	9.99914E-1	-1.81010E-10
2.39862E-1	1.24532E+0	8.70121E-6	1.00002E+0	3.14380E-10
2.40517E-1	1.24559E+0	1.28952E-5	1.00004E+0	-5.44707E-10
2.41172E-1	1.24452E+0	5.42462E-6	1.00000E+0	-1.29160E-9
2.41828E-1	1.24398E+0	1.10604E-5	1.00001E+0	1.02941E-9
2.42483E-1	1.24479E+0	6.73526E-6	9.99919E-1	-1.20269E-9
2.43139E-1	1.24532E+0	7.25951E-6	1.00010E+0	4.04235E-10
2.43794E-1	1.24613E+0	1.23710E-5	9.99944E-1	5.78715E-10
2.44449E-1	1.24506E+0	1.48612E-5	1.00003E+0	-7.89074E-10
2.45105E-1	1.24398E+0	6.34207E-6	9.99908E-1	3.97579E-10
2.45760E-1	1.24479E+0	1.76135E-5	1.00004E+0	1.07699E-12
2.46415E-1	1.24532E+0	3.19654E-6	9.99990E-1	-1.57162E-9
2.47071E-1	1.24559E+0	1.05361E-5	1.00000E+0	7.54145E-10
2.47726E-1	1.24586E+0	9.22547E-6	9.99986E-1	-4.71968E-10
2.48381E-1	1.24425E+0	1.05361E-5	1.00007E+0	2.68740E-10
2.49037E-1	1.24586E+0	1.18467E-5	9.99938E-1	2.25001E-10
2.49692E-1	1.24532E+0	1.47301E-5	1.00003E+0	2.85855E-10
2.50348E-1	1.24532E+0	2.01037E-5	9.99935E-1	-9.06979E-10
2.51003E-1	1.24452E+0	7.65270E-6	1.00003E+0	-3.69568E-11
2.51658E-1	1.24613E+0	5.81781E-6	1.00007E+0	-5.34248E-10
2.52314E-1	1.24532E+0	3.19654E-6	1.00001E+0	2.34034E-10
2.52969E-1	1.24506E+0	5.55569E-6	9.99912E-1	9.52872E-10
2.53624E-1	1.24452E+0	9.74972E-6	1.00008E+0	-7.37729E-10
2.54280E-1	1.24532E+0	1.02740E-5	9.99927E-1	8.65870E-10
2.54935E-1	1.24479E+0	9.88078E-6	9.99978E-1	-1.27923E-9
2.55590E-1	1.24425E+0	7.25951E-6	1.00009E+0	8.56837E-10
2.56246E-1	1.24479E+0	1.43369E-5	9.99952E-1	9.80922E-10
2.56901E-1	1.24479E+0	5.55569E-6	1.00002E+0	1.07699E-12
2.57556E-1	1.24559E+0	1.04050E-5	9.99963E-1	-5.64200E-10
2.58212E-1	1.24425E+0	1.09953E-6	1.00002E+0	4.48924E-10
2.58867E-1	1.24506E+0	5.55569E-6	9.99906E-1	2.26902E-10
2.59523E-1	1.24559E+0	7.91483E-6	1.00009E+0	6.12470E-10
2.60178E-1	1.24694E+0	9.09440E-6	1.00003E+0	-1.88907E-11
2.60833E-1	1.24559E+0	6.86632E-6	1.00001E+0	3.59070E-10
2.61489E-1	1.24344E+0	2.29871E-5	9.99933E-1	3.26266E-10
2.62144E-1	1.24452E+0	3.85186E-6	1.00003E+0	-6.20300E-10
2.62799E-1	1.24667E+0	1.14535E-5	9.99963E-1	8.59214E-10
2.63455E-1	1.24506E+0	8.30802E-6	9.99952E-1	2.93937E-10
2.64110E-1	1.24506E+0	9.09440E-6	1.00011E+0	-5.18084E-10
2.64765E-1	1.24613E+0	3.98293E-6	9.99906E-1	7.69359E-10
2.65421E-1	1.24479E+0	1.26331E-5	1.00002E+0	5.30697E-10
2.66076E-1	1.24640E+0	1.17157E-5	9.99971E-1	-3.02718E-10
2.66732E-1	1.24479E+0	1.26331E-5	1.00009E+0	-5.29969E-10
2.67387E-1	1.24452E+0	1.21089E-5	9.99999E-1	7.83622E-10
2.68042E-1	1.24559E+0	8.96334E-6	1.00002E+0	9.22445E-10
2.68698E-1	1.24452E+0	-3.22557E-6	9.99959E-1	5.33550E-10
2.69353E-1	1.24479E+0	1.15846E-5	1.00002E+0	6.81406E-10
2.70008E-1	1.24532E+0	9.48759E-6	9.99942E-1	-1.13975E-10
2.70664E-1	1.24559E+0	1.27642E-5	1.00002E+0	1.73180E-10
2.71319E-1	1.24452E+0	7.78377E-6	1.00001E+0	1.31086E-9
2.71974E-1	1.24398E+0	7.25951E-6	1.00003E+0	-6.07939E-10
2.72630E-1	1.24506E+0	1.13225E-5	1.00001E+0	6.30663E-12
2.73285E-1	1.24640E+0	1.99727E-5	9.99916E-1	1.59802E-9
2.73940E-1	1.24506E+0	2.08901E-5	9.99995E-1	3.39102E-10
2.74596E-1	1.24479E+0	9.88078E-6	9.99959E-1	-5.01444E-10
2.75251E-1	1.24586E+0	1.15846E-5	1.00009E+0	1.28900E-9
2.75907E-1	1.24398E+0	6.60420E-6	9.99908E-1	8.18987E-11
2.76562E-1	1.24586E+0	1.87931E-5	1.00009E+0	2.62084E-10
2.77217E-1	1.24532E+0	7.39058E-6	9.99995E-1	1.43305E-9
2.77873E-1	1.24506E+0	9.88078E-6	1.00001E+0	-5.80839E-10
2.78528E-1	1.24559E+0	1.14535E-5	1.00001E+0	1.24668E-9
2.79183E-1	1.24532E+0	7.52164E-6	1.00000E+0	7.50342E-10
2.79839E-1	1.24398E+0	8.96334E-6	1.00001E+0	-9.27898E-10
2.80494E-1	1.24559E+0	1.13225E-5	1.00004E+0	8.98674E-10
2.81149E-1	1.24640E+0	1.02740E-5	1.00002E+0	1.14209E-9
2.81805E-1	1.24479E+0	1.57786E-5	9.99900E-1	7.80953E-11
2.82460E-1	1.24613E+0	1.66961E-5	1.00004E+0	1.41213E-9
2.83116E-1	1.24452E+0	7.52164E-6	9.99959E-1	8.81083E-10
2.83771E-1	1.24506E+0	7.78377E-6	1.00010E+0	-2.49470E-10
2.84426E-1	1.24559E+0	1.18467E-5	9.99881E-1	1.65098E-10
2.85082E-1	1.24425E+0	8.83228E-6	1.00005E+0	3.01068E-10
2.85737E-1	1.24452E+0	6.73526E-6	9.99944E-1	7.81244E-10
2.86392E-1	1.24479E+0	5.29356E-6	1.00012E+0	1.23290E-9
2.87048E-1	1.24559E+0	9.61866E-6	9.99912E-1	1.58281E-9
2.87703E-1	1.24559E+0	1.04050E-5	1.00003E+0	-1.38573E-9
2.88358E-1	1.24613E+0	2.14804E-6	1.00003E+0	9.40035E-10
2.89014E-1	1.24506E+0	6.99739E-6	9.99938E-1	1.40119E-9
2.89669E-1	1.24586E+0	7.25951E-6	1.00007E+0	-3.45797E-11
2.90324E-1	1.24667E+0	1.69582E-5	1.00003E+0	8.92018E-10
2.90980E-1	1.24640E+0	2.27910E-6	9.99874E-1	9.03903E-10
2.91635E-1	1.24532E+0	1.85310E-5	1.00004E+0	1.24003E-9
2.92291E-1	1.24532E+0	2.93442E-6	9.99978E-1	1.71278E-10
2.92946E-1	1.24559E+0	1.43369E-5	1.00005E+0	2.09787E-10
2.93601E-1	1.24398E+0	4.63824E-6	9.99963E-1	4.47498E-10
2.94257E-1	1.24506E+0	1.47301E-5	9.99999E-1	6.51930E-10
2.94912E-1	1.24559E+0	6.21101E-6	1.00004E+0	1.69405E-9
2.95567E-1	1.24586E+0	1.27642E-5	9.99952E-1	-3.55489E-10
2.96223E-1	1.24479E+0	1.04050E-5	1.00007E+0	1.83906E-9
2.96878E-1	1.24479E+0	5.55569E-6	9.99946E-1	4.53679E-10
2.97533E-1	1.24452E+0	1.06672E-5	1.00003E+0	-1.20631E-10
2.98189E-1	1.24506E+0	1.21089E-5	9.99957E-1	1.74778E-9
2.98844E-1	1.24586E+0	1.88591E-6	9.99992E-1	6.04387E-10
2.99500E-1	1.24398E+0	1.13225E-5	8.97676E-1	3.55838E-7
3.00155E-1	-1.25449E+0	1.23059E-6	1.00487E+0	9.09065E-8
3.00810E-1	-1.25368E+0	1.04050E-5	1.00003E+0	3.83263E-8
3.01466E-1	-1.25422E+0	1.55165E-5	1.00008E+0	2.85635E-8
3.02121E-1	-1.25368E+0	9.74972E-6	9.99912E-1	2.38544E-8
3.02776E-1	-1.25422E+0	1.14535E-5	1.00005E+0	1.88264E-8
3.03432E-1	-1.25206E+0	6.07994E-6	1.00010E+0	1.81028E-8
3.04087E-1	-1.25341E+0	6.60420E-6	9.99976E-1	1.62790E-8
3.04742E-1	-1.25314E+0	1.69582E-5	9.99916E-1	1.42252E-8
3.05398E-1	-1.25260E+0	6.73526E-6	1.00005E+0	1.26140E-8
3.06053E-1	-1.25368E+0	1.05361E-5	1.00000E+0	1.22983E-8
3.06708E-1	-1.25395E+0	9.35653E-6	9.99986E-1	1.11854E-8
3.07364E-1	-1.25314E+0	8.04589E-6	1.00006E+0	1.10551E-8
3.08019E-1	-1.25314E+0	8.96334E-6	9.99984E-1	1.01147E-8
3.08675E-1	-1.25260E+0	8.83228E-6	1.00003E+0	9.41348E-9
3.09330E-1	-1.25449E+0	4.76931E-6	9.99914E-1	1.02440E-8
3.09985E-1	-1.25341E+0	1.23710E-5	1.00002E+0	8.53300E-9
3.10641E-1	-1.25476E+0	8.70121E-6	9.99976E-1	8.00861E-9
3.11296E-1	-1.25314E+0	1.13225E-5	1.00010E+0	8.52539E-9
3.11951E-1	-1.25314E+0	1.48612E-5	9.99938E-1	8.88481E-9
3.12607E-1	-1.25395E+0	9.74972E-6	1.00009E+0	7.06252E-9
3.13262E-1	-1.25422E+0	1.30263E-5	9.99961E-1	8.19497E-9
3.13917E-1	-1.25341E+0	8.96334E-6	9.99957E-1	7.37440E-9
3.14573E-1	-1.25422E+0	7.25951E-6	1.00003E+0	5.91295E-9
3.15228E-1	-1.25395E+0	9.88078E-6	1.00002E+0	7.13050E-9
3.15884E-1	-1.25260E+0	6.86632E-6	9.99933E-1	7.74190E-9
3.16539E-1	-1.25341E+0	1.26331E-5	9.99992E-1	6.78535E-9
3.17194E-1	-1.25341E+0	7.12845E-6	1.00008E+0	6.18441E-9
3.17850E-1	-1.25260E+0	2.19386E-5	9.99978E-1	7.03970E-9
3.18505E-1	-1.25395E+0	8.70121E-6	9.99971E-1	6.25192E-9
3.19160E-1	-1.25314E+0	7.78377E-6	1.00003E+0	6.34511E-9
3.19816E-1	-1.25233E+0	5.42462E-6	1.00002E+0	5.20314E-9
3.20471E-1	-1.25395E+0	1.60408E-5	9.99969E-1	6.10407E-9
3.21126E-1	-1.25368E+0	7.25951E-6	9.99999E-1	7.18518E-9
3.21782E-1	-1.25233E+0	6.86632E-6	9.99963E-1	5.67571E-9
3.22437E-1	-1.25314E+0	7.91483E-6	1.00004E+0	4.08828E-9
3.23092E-1	-1.25395E+0	9.61866E-6	1.00003E+0	6.26001E-9
3.23748E-1	-1.25368E+0	2.18076E-5	9.99919E-1	6.68646E-9
3.24403E-1	-1.25260E+0	9.48759E-6	1.00000E+0	6.01944E-9
3.25059E-1	-1.25341E+0	7.39058E-6	1.00005E+0	5.30774E-9
3.25714E-1	-1.25395E+0	1.60408E-5	1.00002E+0	5.19839E-9
3.26369E-1	-1.25368E+0	2.32493E-5	1.00004E+0	5.67143E-9
3.27025E-1	-1.25152E+0	1.38127E-5	9.99957E-1	5.65622E-9
3.27680E-1	-1.25368E+0	9.48759E-6	9.99973E-1	4.74436E-9
3.28335E-1	-1.25395E+0	9.74972E-6	9.99976E-1	5.68475E-9
3.28991E-1	-1.25206E+0	8.43908E-6	1.00001E+0	4.78620E-9
3.29646E-1	-1.25341E+0	9.88078E-6	1.00008E+0	5.40805E-9
3.30301E-1	-1.25368E+0	9.22547E-6	9.99950E-1	5.82832E-9
3.30957E-1	-1.25287E+0	7.25951E-6	1.00000E+0	4.44817E-9
3.31612E-1	-1.25287E+0	7.91483E-6	9.99978E-1	5.95288E-9
3.32268E-1	-1.25341E+0	8.30802E-6	1.00009E+0	4.50713E-9
3.32923E-1	-1.25314E+0	1.09293E-5	9.99900E-1	5.97570E-9
3.33578E-1	-1.25152E+0	1.77446E-5	1.00003E+0	4.04644E-9
3.34234E-1	-1.25206E+0	1.19778E-5	1.00001E+0	5.83926E-9
3.34889E-1	-1.25287E+0	2.16765E-5	9.99971E-1	5.10949E-9
3.35544E-1	-1.25341E+0	8.30802E-6	9.99967E-1	4.20951E-9
3.36200E-1	-1.25422E+0	1.77446E-5	1.00011E+0	4.89127E-9
3.36855E-1	-1.25314E+0	1.32884E-5	9.99997E-1	4.51663E-9
3.37510E-1	-1.25287E+0	5.55569E-6	9.99881E-1	5.17414E-9
3.38166E-1	-1.25368E+0	1.00118E-5	1.00003E+0	5.73276E-9
3.38821E-1	-1.25206E+0	3.32761E-6	1.00003E+0	5.05196E-9
3.39476E-1	-1.25476E+0	7.39058E-6	1.00004E+0	3.75691E-9
3.40132E-1	-1.25125E+0	1.22399E-5	9.99959E-1	4.80236E-9
3.40787E-1	-1.25395E+0	1.00118E-5	1.00009E+0	5.45084E-9
3.41443E-1	-1.25287E+0	5.55569E-6	9.99834E-1	4.72012E-9
3.42098E-1	-1.25287E+0	8.43908E-6	1.00009E+0	5.32913E-9
3.42753E-1	-1.25287E+0	9.35653E-6	9.99895E-1	3.94946E-9
3.43409E-1	-1.25368E+0	1.15846E-5	1.00016E+0	5.26067E-9
3.44064E-1	-1.25368E+0	1.09293E-5	9.99980E-1	3.92426E-9
3.44719E-1	-1.25395E+0	1.15846E-5	1.00002E+0	4.95165E-9
3.45375E-1	-1.25368E+0	9.48759E-6	9.99999E-1	5.09665E-9
3.46030E-1	-1.25287E+0	8.43908E-6	9.99971E-1	5.08049E-9
3.46685E-1	-1.25449E+0	1.48612E-5	9.99980E-1	3.78068E-9
3.47341E-1	-1.25287E+0	1.07982E-5	9.99984E-1	4.13297E-9
3.47996E-1	-1.25179E+0	1.43369E-5	1.00002E+0	4.83897E-9
3.48652E-1	-1.25233E+0	1.09293E-5	9.99984E-1	4.47290E-9
3.49307E-1	-1.25341E+0	1.19778E-5	1.00004E+0	4.79808E-9
3.49962E-1	-1.25260E+0	8.96334E-6	9.99923E-1	5.13896E-9
3.50618E-1	-1.25260E+0	1.02740E-5	1.00002E+0	3.68465E-9
3.51273E-1	-1.25314E+0	-1.25961E-6	1.00002E+0	5.13516E-9
3.51928E-1	-1.25125E+0	9.61866E-6	9.99997E-1	4.05262E-9
3.52584E-1	-1.24964E+0	1.36816E-5	1.00001E+0	5.62056E-9
3.53239E-1	-1.25287E+0	1.43369E-5	9.99938E-1	3.78686E-9
3.53894E-1	-1.25422E+0	7.52164E-6	1.00004E+0	4.25420E-9
3.54550E-1	-1.25179E+0	1.10604E-5	1.00003E+0	4.01126E-9
3.55205E-1	-1.25395E+0	1.04050E-5	9.99984E-1	4.82661E-9
3.55860E-1	-1.25341E+0	1.18467E-5	1.00003E+0	5.22596E-9
3.56516E-1	-1.25368E+0	5.81781E-6	9.99925E-1	3.10130E-9
3.57171E-1	-1.25476E+0	7.25951E-6	9.99997E-1	5.24546E-9
3.57827E-1	-1.25368E+0	9.22547E-6	9.99990E-1	4.87891E-9
3.58482E-1	-1.25260E+0	1.05361E-5	1.00013E+0	3.56294E-9
3.59137E-1	-1.25206E+0	6.86632E-6	9.99916E-1	5.18127E-9
3.59793E-1	-1.25206E+0	5.16250E-6	1.00003E+0	4.29604E-9
3.60448E-1	-1.25260E+0	6.60420E-6	9.99957E-1	3.34377E-9
3.61103E-1	-1.25368E+0	1.62378E-6	1.00012E+0	4.44675E-9
3.61759E-1	-1.25260E+0	1.15846E-5	9.99923E-1	5.12090E-9
3.62414E-1	-1.25233E+0	6.86632E-6	1.00003E+0	4.15104E-9
3.63069E-1	-1.25152E+0	1.49923E-5	9.99984E-1	4.24232E-9
3.63725E-1	-1.25260E+0	-2.11107E-7	1.00005E+0	3.34900E-9
3.64380E-1	-1.25206E+0	7.39058E-6	9.99923E-1	4.84563E-9
3.65036E-1	-1.25341E+0	8.30802E-6	9.99963E-1	3.22824E-9
3.65691E-1	-1.25557E+0	1.01429E-5	1.00007E+0	5.46986E-9
3.66346E-1	-1.25233E+0	8.17696E-6	9.99971E-1	4.57606E-9
3.67002E-1	-1.25287E+0	8.37401E-7	1.00001E+0	3.37943E-9
3.67657E-1	-1.25071E+0	1.30263E-5	9.99999E-1	4.45673E-9
3.68312E-1	-1.25179E+0	1.09293E-5	1.00003E+0	4.32932E-9
3.68968E-1	-1.25260E+0	8.04589E-6	9.99982E-1	3.51920E-9
3.69623E-1	-1.25260E+0	8.96334E-6	1.00001E+0	4.25182E-9
3.70278E-1	-1.25287E+0	1.11914E-5	9.99889E-1	4.66734E-9
3.70934E-1	-1.25287E+0	1.31574E-5	1.00011E+0	4.02600E-9
3.71589E-1	-1.25314E+0	8.43908E-6	9.99984E-1	3.94185E-9
3.72244E-1	-1.25287E+0	1.25021E-5	9.99984E-1	5.58301E-9
3.72900E-1	-1.25368E+0	8.83228E-6	1.00006E+0	3.73694E-9
3.73555E-1	-1.25287E+0	9.09440E-6	1.00001E+0	3.76024E-9
3.74211E-1	-1.25287E+0	7.91483E-6	9.99912E-1	3.14552E-9
3.74866E-1	-1.25260E+0	1.13225E-5	1.00009E+0	4.92740E-9
3.75521E-1	-1.25422E+0	1.10604E-5	9.99908E-1	4.35452E-9
3.76177E-1	-1.25233E+0	5.55569E-6	1.00004E+0	4.59318E-9
3.76832E-1	-1.25179E+0	9.48759E-6	1.00005E+0	3.77640E-9
3.77487E-1	-1.25233E+0	-6.04297E-7	9.99982E-1	3.79494E-9
3.78143E-1	-1.25179E+0	1.38127E-5	9.99847E-1	4.37116E-9
3.78798E-1	-1.25314E+0	1.59097E-5	1.00013E+0	3.45739E-9
3.79453E-1	-1.25260E+0	6.73526E-6	1.00005E+0	5.01107E-9
3.80109E-1	-1.25314E+0	8.83228E-6	9.99954E-1	3.16453E-9
3.80764E-1	-1.25233E+0	1.11914E-5	1.00001E+0	4.83279E-9
3.81420E-1	-1.25395E+0	7.25951E-6	9.99959E-1	4.62741E-9
3.82075E-1	-1.25341E+0	1.19778E-5	1.00006E+0	3.61619E-9
3.82730E-1	-1.25422E+0	6.47313E-6	9.99923E-1	3.97703E-9
3.83386E-1	-1.25233E+0	6.73526E-6	9.99984E-1	4.35071E-9
3.84041E-1	-1.25503E+0	1.93174E-5	9.99995E-1	3.14647E-9
3.84696E-1	-1.25341E+0	1.28952E-5	9.99999E-1	5.32675E-9
3.85352E-1	-1.25287E+0	9.61866E-6	1.00005E+0	2.79894E-9
3.86007E-1	-1.25314E+0	8.57015E-6	1.00007E+0	4.68066E-9
3.86662E-1	-1.25368E+0	1.23710E-5	9.99929E-1	3.79304E-9
3.87318E-1	-1.25260E+0	1.40748E-5	1.00000E+0	5.16891E-9
3.87973E-1	-1.25422E+0	1.47301E-5	1.00004E+0	3.38798E-9
3.88628E-1	-1.25287E+0	1.31574E-5	9.99978E-1	3.77355E-9
3.89284E-1	-1.25233E+0	1.45991E-5	9.99904E-1	3.99415E-9
3.89939E-1	-1.25287E+0	3.45867E-6	1.00007E+0	4.18907E-9
3.90595E-1	-1.25314E+0	4.11399E-6	1.00009E+0	4.15864E-9
3.91250E-1	-1.25260E+0	9.88078E-6	9.99857E-1	3.98987E-9
3.91905E-1	-1.25314E+0	9.09440E-6	1.00006E+0	3.34187E-9
3.92561E-1	-1.25233E+0	5.81781E-6	1.00004E+0	4.35594E-9
3.93216E-1	-1.25341E+0	-5.45365E-6	1.00001E+0	4.74674E-9
3.93871E-1	-1.25395E+0	6.73526E-6	9.99940E-1	2.83364E-9
3.94527E-1	-1.24937E+0	-9.97488E-7	1.00003E+0	4.99348E-9
3.95182E-1	-1.25395E+0	1.39438E-5	9.99982E-1	3.87339E-9
3.95837E-1	-1.25395E+0	1.02740E-5	1.00007E+0	3.56151E-9
3.96493E-1	-1.25206E+0	8.43908E-6	9.99834E-1	3.96087E-9
3.97148E-1	-1.25152E+0	9.48759E-6	1.00006E+0	4.58272E-9
3.97804E-1	-1.25314E+0	6.60420E-6	9.99995E-1	4.00318E-9
3.98459E-1	-1.25260E+0	1.19778E-5	1.00005E+0	3.57958E-9
3.99114E-1	-1.25422E+0	1.43369E-5	9.99973E-1	3.35042E-9
3.99770E-1	-1.25314E+0	1.17157E-5	1.09803E+0	-4.11008E-7
