## Header ##
[General info]
User	Giorgos_Psaltakis
Device	Sample
Cell area (cm2)	1
Test	Pulsed
Date	2024-03-03
Time	04:03:09
Temperature	21.35
Note	

[Acquisition Settings]
Amplitude (V)	2.000
Frequency (Hz)	10.0
DC Offset (V)	1.000
Duty Cycle (%)	40
Phase (°)	0
Cycles	10

## Data ##
Time (s)	DC Channel Voltage (V)	DC Channel Current (A)	Pulse Channel Voltage (V)	Pulse Channel Current (A)
0.00000E+0	1.99346E+0	1.00118E-5	1.00442E+0	-1.65934E-7
6.55360E-4	1.99373E+0	9.88078E-6	9.99965E-1	-1.31567E-8
1.31072E-3	1.99400E+0	1.22399E-5	1.00008E+0	-9.37710E-9
1.96608E-3	1.99562E+0	8.43908E-6	9.99876E-1	-6.07624E-9
2.62144E-3	1.99292E+0	1.00118E-5	1.00004E+0	-4.75172E-9
3.27680E-3	1.99346E+0	1.00118E-5	1.00003E+0	-5.45296E-9
3.93216E-3	1.99427E+0	4.50718E-6	9.99986E-1	-2.46494E-9
4.58752E-3	1.99265E+0	1.19778E-5	9.99984E-1	-3.08917E-9
5.24288E-3	1.99373E+0	1.09293E-5	1.00000E+0	-2.82245E-9
5.89824E-3	1.99319E+0	7.12845E-6	9.99893E-1	-2.35607E-9
6.55360E-3	1.99292E+0	1.06672E-5	1.00007E+0	-1.76321E-9
7.20896E-3	1.99265E+0	1.07982E-5	9.99997E-1	-1.25023E-9
7.86432E-3	1.99400E+0	1.63029E-5	1.00001E+0	-4.29180E-10
8.51968E-3	1.99319E+0	1.27642E-5	9.99988E-1	-2.24244E-9
9.17504E-3	1.99238E+0	1.35506E-5	9.99971E-1	-8.90339E-10
9.83040E-3	1.99373E+0	9.35653E-6	9.99893E-1	-5.95102E-10
1.04858E-2	1.99265E+0	9.22547E-6	1.00013E+0	3.18183E-10
1.11411E-2	1.99481E+0	-1.39068E-6	1.00003E+0	-1.01205E-9
1.17965E-2	1.99211E+0	1.28952E-5	9.99971E-1	-1.56288E-10
1.24518E-2	1.99562E+0	1.27642E-5	1.00007E+0	-8.08091E-10
1.31072E-2	1.99319E+0	7.65270E-6	9.99893E-1	1.41802E-10
1.37626E-2	1.99292E+0	1.02740E-5	1.00006E+0	-1.51314E-9
1.44179E-2	1.99238E+0	5.29356E-6	9.99959E-1	8.60164E-10
1.50733E-2	1.99319E+0	-3.88088E-6	9.99944E-1	-1.57714E-10
1.57286E-2	1.99319E+0	1.56476E-5	1.00003E+0	-7.49139E-10
1.63840E-2	1.99373E+0	8.83228E-6	1.00006E+0	6.35290E-10
1.70394E-2	1.99211E+0	9.35653E-6	9.99912E-1	-7.78431E-11
1.76947E-2	1.99265E+0	9.35653E-6	1.00009E+0	4.88036E-12
1.83501E-2	1.99104E+0	1.87931E-5	9.99997E-1	4.94090E-10
1.90054E-2	1.99292E+0	6.99739E-6	1.00006E+0	3.25790E-10
1.96608E-2	1.99184E+0	4.90037E-6	9.99984E-1	3.79988E-10
2.03162E-2	1.99292E+0	-8.66424E-7	9.99935E-1	-6.42644E-10
2.09715E-2	1.99265E+0	1.09293E-5	9.99986E-1	2.11243E-9
2.16269E-2	1.99346E+0	8.70121E-6	9.99992E-1	-5.33773E-10
2.22822E-2	1.99211E+0	9.09440E-6	1.00002E+0	-8.87778E-11
2.29376E-2	1.99050E+0	5.81781E-6	9.99990E-1	1.61846E-9
2.35930E-2	1.99346E+0	1.27642E-5	1.00004E+0	-5.51363E-10
2.42483E-2	1.99481E+0	7.39058E-6	9.99961E-1	1.22196E-9
2.49037E-2	1.99211E+0	2.14804E-6	9.99957E-1	-7.04925E-10
2.55590E-2	1.99130E+0	1.56476E-5	1.00005E+0	1.86996E-9
2.62144E-2	1.99373E+0	1.00118E-5	9.99984E-1	-6.94465E-10
2.68698E-2	1.99184E+0	6.60420E-6	1.00004E+0	1.63415E-9
2.75251E-2	1.99427E+0	1.13225E-5	9.99902E-1	-2.03170E-11
2.81805E-2	1.99373E+0	8.30802E-6	1.00006E+0	1.05081E-9
2.88358E-2	1.99346E+0	1.05361E-5	9.99971E-1	1.14114E-9
2.94912E-2	1.99265E+0	1.22399E-5	1.00011E+0	-3.46932E-10
3.01466E-2	1.99184E+0	5.94888E-6	9.99914E-1	1.45349E-9
3.08019E-2	1.99319E+0	9.61866E-6	1.00004E+0	-6.16496E-10
3.14573E-2	1.99104E+0	7.39058E-6	1.00004E+0	1.52908E-9
3.21126E-2	1.99427E+0	6.07994E-6	9.99881E-1	8.50181E-10
3.27680E-2	1.99319E+0	1.15846E-5	1.00004E+0	-2.96537E-10
3.34234E-2	1.99319E+0	9.48759E-6	9.99988E-1	6.22453E-10
3.40787E-2	1.99373E+0	8.96334E-6	1.00001E+0	1.69691E-9
3.47341E-2	1.99157E+0	1.00118E-5	1.00001E+0	-2.26650E-10
3.53894E-2	1.99346E+0	5.29356E-6	9.99986E-1	8.83460E-10
3.60448E-2	1.99292E+0	6.86632E-6	1.00003E+0	1.37695E-9
3.67002E-2	1.99238E+0	9.48759E-6	1.00004E+0	4.89335E-10
3.73555E-2	1.99238E+0	6.21101E-6	9.99902E-1	1.20817E-9
3.80109E-2	1.99319E+0	2.56084E-5	1.00008E+0	-2.63258E-10
3.86662E-2	1.99238E+0	5.75274E-7	9.99946E-1	9.09608E-10
3.93216E-2	1.99211E+0	7.65270E-6	1.00002E+0	8.38295E-10
3.99770E-2	-5.52658E-3	8.04589E-6	9.46846E-1	3.35204E-7
4.06323E-2	-6.06598E-3	-4.53620E-6	1.00021E+0	3.23326E-8
4.12877E-2	-7.95385E-3	9.09440E-6	9.99995E-1	2.30286E-8
4.19430E-2	-7.14476E-3	1.19778E-5	1.00006E+0	1.79597E-8
4.25984E-2	-6.60537E-3	1.30263E-5	9.99969E-1	1.46407E-8
4.32538E-2	-6.33567E-3	1.48612E-5	1.00003E+0	1.30081E-8
4.39091E-2	-4.71749E-3	7.25951E-6	9.99948E-1	1.24733E-8
4.45645E-2	-6.60537E-3	1.17157E-5	1.00001E+0	9.23615E-9
4.52198E-2	-6.87507E-3	1.19778E-5	1.00013E+0	1.06857E-8
4.58752E-2	-6.60537E-3	-3.74982E-6	9.99963E-1	8.81730E-9
4.65306E-2	-5.79628E-3	9.48759E-6	9.99965E-1	8.90193E-9
4.71859E-2	-6.60537E-3	6.34207E-6	1.00002E+0	7.11054E-9
4.78413E-2	-6.33567E-3	5.16250E-6	9.99944E-1	8.17263E-9
4.84966E-2	-6.06598E-3	5.16250E-6	9.99990E-1	7.30023E-9
4.91520E-2	-7.14476E-3	1.09293E-5	1.00008E+0	6.80579E-9
4.98074E-2	-4.44780E-3	9.88078E-6	9.99963E-1	5.36812E-9
5.04627E-2	-6.06598E-3	1.04050E-5	1.00008E+0	6.72687E-9
5.11181E-2	-6.87507E-3	7.78377E-6	9.99935E-1	5.65099E-9
5.17734E-2	-5.52658E-3	9.48759E-6	1.00003E+0	5.60250E-9
5.24288E-2	-6.60537E-3	1.30263E-5	9.99984E-1	5.40425E-9
5.30842E-2	-6.60537E-3	9.48759E-6	9.99961E-1	5.45227E-9
5.37395E-2	-4.98719E-3	1.07982E-5	9.99995E-1	5.75558E-9
5.43949E-2	-6.33567E-3	2.56084E-5	1.00003E+0	4.29794E-9
5.50502E-2	-5.79628E-3	-2.04600E-6	1.00003E+0	5.45274E-9
5.57056E-2	-4.71749E-3	8.96334E-6	9.99973E-1	5.73134E-9
5.63610E-2	-7.14476E-3	7.65270E-6	1.00005E+0	4.63501E-9
5.70163E-2	-6.06598E-3	2.45599E-5	9.99921E-1	4.64500E-9
5.76717E-2	-5.25689E-3	1.01429E-5	1.00011E+0	4.79428E-9
5.83270E-2	-5.25689E-3	2.80335E-6	9.99935E-1	4.17338E-9
5.89824E-2	-5.52658E-3	1.05361E-5	9.99992E-1	5.41090E-9
5.96378E-2	-7.41446E-3	1.09293E-5	9.99973E-1	4.43629E-9
6.02931E-2	-4.98719E-3	-9.97488E-7	1.00002E+0	4.54373E-9
6.09485E-2	-6.06598E-3	1.17157E-5	1.00005E+0	3.87434E-9
6.16038E-2	-6.06598E-3	8.70121E-6	9.99971E-1	3.42316E-9
6.22592E-2	-6.60537E-3	9.22547E-6	9.99942E-1	5.68142E-9
6.29146E-2	-7.41446E-3	7.65270E-6	1.00010E+0	3.13648E-9
6.35699E-2	-5.79628E-3	9.48759E-6	9.99980E-1	4.41965E-9
6.42253E-2	-6.87507E-3	1.23059E-6	9.99944E-1	4.21379E-9
6.48806E-2	-5.25689E-3	1.35506E-5	1.00000E+0	3.68227E-9
6.55360E-2	-7.41446E-3	1.31574E-5	1.00002E+0	3.89573E-9
6.61914E-2	-6.06598E-3	1.77446E-5	9.99954E-1	4.90030E-9
6.68467E-2	-7.14476E-3	9.74972E-6	1.00002E+0	2.96486E-9
6.75021E-2	-6.06598E-3	1.70893E-5	9.99990E-1	4.74294E-9
6.81574E-2	-6.60537E-3	8.57015E-6	1.00007E+0	4.28510E-9
6.88128E-2	-5.79628E-3	1.05361E-5	1.00003E+0	3.46025E-9
6.94682E-2	-5.25689E-3	3.98293E-6	9.99891E-1	4.09921E-9
7.01235E-2	-4.98719E-3	8.04589E-6	1.00010E+0	3.47308E-9
7.07789E-2	-7.41446E-3	1.63029E-5	9.99874E-1	3.40272E-9
7.14342E-2	-6.33567E-3	7.65270E-6	1.00017E+0	4.10397E-9
7.20896E-2	-5.52658E-3	5.75274E-7	9.99855E-1	3.34092E-9
7.27450E-2	-5.52658E-3	1.42059E-5	1.00009E+0	3.84011E-9
7.34003E-2	-4.98719E-3	9.35653E-6	9.99929E-1	3.66943E-9
7.40557E-2	-5.25689E-3	1.07982E-5	1.00005E+0	4.95830E-9
7.47110E-2	-5.25689E-3	8.70121E-6	1.00002E+0	2.88261E-9
7.53664E-2	-5.25689E-3	2.29871E-5	9.99980E-1	4.62883E-9
7.60218E-2	-6.60537E-3	9.61866E-6	1.00002E+0	3.29765E-9
7.66771E-2	-4.71749E-3	1.04050E-5	9.99973E-1	3.83916E-9
7.73325E-2	-6.33567E-3	6.47313E-6	1.00005E+0	3.26152E-9
7.79878E-2	-4.44780E-3	9.48759E-6	9.99925E-1	3.41556E-9
7.86432E-2	-5.52658E-3	8.30802E-6	1.00005E+0	3.30764E-9
7.92986E-2	-5.52658E-3	8.30802E-6	9.99910E-1	4.24897E-9
7.99539E-2	-5.25689E-3	8.30802E-6	1.00009E+0	3.68037E-9
8.06093E-2	-4.98719E-3	3.45867E-6	9.99982E-1	4.08257E-9
8.12646E-2	-4.98719E-3	1.18467E-5	9.99952E-1	3.41651E-9
8.19200E-2	-5.79628E-3	1.89242E-5	1.00006E+0	2.73333E-9
8.25754E-2	-5.25689E-3	1.10604E-5	1.00005E+0	3.87957E-9
8.32307E-2	-5.79628E-3	1.36816E-5	9.99904E-1	3.67086E-9
8.38861E-2	-5.79628E-3	9.09440E-6	1.00002E+0	2.79180E-9
8.45414E-2	-5.79628E-3	-1.78387E-6	9.99976E-1	3.57387E-9
8.51968E-2	-4.98719E-3	7.78377E-6	1.00006E+0	3.20922E-9
8.58522E-2	-6.06598E-3	7.12845E-6	9.99912E-1	3.29765E-9
8.65075E-2	-6.60537E-3	1.00118E-5	1.00006E+0	4.01697E-9
8.71629E-2	-4.98719E-3	1.04050E-5	1.00002E+0	3.55628E-9
8.78182E-2	-6.06598E-3	1.07982E-5	1.00005E+0	3.41223E-9
8.84736E-2	-6.87507E-3	1.62378E-6	9.99906E-1	3.69178E-9
8.91290E-2	-5.52658E-3	1.34195E-5	1.00004E+0	2.82271E-9
8.97843E-2	-7.14476E-3	1.00118E-5	9.99965E-1	3.95421E-9
9.04397E-2	-6.06598E-3	2.07591E-5	1.00008E+0	3.51635E-9
9.10950E-2	-5.25689E-3	1.19778E-5	9.99857E-1	3.84106E-9
9.17504E-2	-5.52658E-3	9.88078E-6	1.00003E+0	3.39797E-9
9.24058E-2	-6.33567E-3	8.96334E-6	1.00011E+0	2.60164E-9
9.30611E-2	-5.79628E-3	9.35653E-6	9.99944E-1	3.55628E-9
9.37165E-2	-4.98719E-3	6.34207E-6	9.99950E-1	2.77231E-9
9.43718E-2	-8.49324E-3	8.83228E-6	1.00011E+0	4.07782E-9
9.50272E-2	-6.60537E-3	1.47301E-5	9.99838E-1	2.87595E-9
9.56826E-2	-6.87507E-3	6.34207E-6	1.00015E+0	4.17909E-9
9.63379E-2	-5.25689E-3	7.91483E-6	9.99885E-1	3.72648E-9
9.69933E-2	-6.06598E-3	1.23710E-5	1.00008E+0	3.14457E-9
9.76486E-2	-5.25689E-3	8.17696E-6	9.99984E-1	2.50893E-9
9.83040E-2	-4.71749E-3	6.07994E-6	9.99935E-1	3.77735E-9
9.89594E-2	-6.33567E-3	6.99739E-6	1.00002E+0	3.23680E-9
9.96147E-2	1.99454E+0	8.57015E-6	1.05222E+0	-3.07354E-7
1.00270E-1	1.99481E+0	1.82688E-5	1.00047E+0	-3.68974E-8
1.00925E-1	1.99373E+0	9.22547E-6	1.00007E+0	-2.34410E-8
1.01581E-1	1.99508E+0	1.27642E-5	9.99830E-1	-1.60630E-8
1.02236E-1	1.99346E+0	1.53855E-5	1.00006E+0	-1.18108E-8
1.02892E-1	1.99292E+0	1.89242E-5	9.99959E-1	-1.00874E-8
1.03547E-1	1.99373E+0	9.61866E-6	1.00003E+0	-8.59836E-9
1.04202E-1	1.99346E+0	1.28952E-5	9.99893E-1	-7.27858E-9
1.04858E-1	1.99184E+0	1.34195E-5	1.00005E+0	-6.38051E-9
1.05513E-1	1.99346E+0	7.91483E-6	1.00004E+0	-5.58085E-9
1.06168E-1	1.99373E+0	1.00118E-5	9.99992E-1	-5.03459E-9
1.06824E-1	1.99104E+0	4.76931E-6	1.00002E+0	-4.01481E-9
1.07479E-1	1.99292E+0	-2.17706E-6	9.99973E-1	-4.67660E-9
1.08134E-1	1.99157E+0	1.21089E-5	1.00001E+0	-2.11122E-9
1.08790E-1	1.99454E+0	8.96334E-6	1.00000E+0	-3.37632E-9
1.09445E-1	1.99427E+0	1.89242E-5	9.99959E-1	-1.64056E-9
1.10100E-1	1.99427E+0	1.85310E-5	9.99978E-1	-3.25366E-9
1.10756E-1	1.99104E+0	1.78757E-5	1.00004E+0	-2.30472E-9
1.11411E-1	1.99265E+0	1.90552E-5	9.99986E-1	-8.46600E-10
1.12067E-1	1.99211E+0	7.78377E-6	9.99965E-1	-2.06273E-9
1.12722E-1	1.99373E+0	1.36816E-5	9.99969E-1	-1.90489E-9
1.13377E-1	1.99427E+0	6.34207E-6	1.00016E+0	-1.10856E-9
1.14033E-1	1.99238E+0	7.52164E-6	9.99836E-1	-1.21077E-9
1.14688E-1	1.99319E+0	1.36816E-5	1.00009E+0	-1.60775E-9
1.15343E-1	1.99238E+0	1.40748E-5	9.99971E-1	-7.54844E-10
1.15999E-1	1.99211E+0	1.06672E-5	9.99969E-1	1.34380E-11
1.16654E-1	1.99265E+0	9.48759E-6	1.00013E+0	-1.52027E-9
1.17309E-1	1.99346E+0	7.25951E-6	9.99914E-1	-8.76077E-10
1.17965E-1	1.99157E+0	1.17157E-5	9.99973E-1	5.33734E-11
1.18620E-1	1.99319E+0	1.18467E-5	1.00006E+0	-6.19349E-10
1.19276E-1	1.99292E+0	8.30802E-6	1.00003E+0	-6.01758E-10
1.19931E-1	1.99373E+0	7.65270E-6	9.99933E-1	4.02809E-10
1.20586E-1	1.99130E+0	1.49272E-6	1.00000E+0	1.72413E-11
1.21242E-1	1.99373E+0	6.34207E-6	1.00002E+0	-1.25879E-9
1.21897E-1	1.99319E+0	1.21089E-5	1.00003E+0	-4.16343E-10
1.22552E-1	1.99427E+0	1.07982E-5	9.99971E-1	1.41326E-10
1.23208E-1	1.99238E+0	9.22547E-6	1.00004E+0	-2.94160E-10
1.23863E-1	1.99319E+0	1.21089E-5	9.99976E-1	9.98037E-10
1.24518E-1	1.99265E+0	8.70121E-6	9.99986E-1	-1.03962E-9
1.25174E-1	1.99400E+0	1.09293E-5	9.99992E-1	9.01051E-10
1.25829E-1	1.99346E+0	4.50718E-6	9.99976E-1	1.73180E-10
1.26484E-1	1.99400E+0	5.16250E-6	1.00001E+0	3.75709E-10
1.27140E-1	1.99292E+0	9.61866E-6	1.00005E+0	-4.58181E-10
1.27795E-1	1.99346E+0	1.07982E-5	9.99973E-1	5.40205E-10
1.28451E-1	1.99292E+0	8.83228E-6	1.00003E+0	2.26427E-10
1.29106E-1	1.99238E+0	9.88078E-6	9.99904E-1	-2.17142E-10
1.29761E-1	1.99373E+0	6.60420E-6	1.00003E+0	4.85057E-10
1.30417E-1	1.99346E+0	1.28952E-5	1.00008E+0	-7.47237E-10
1.31072E-1	1.99292E+0	1.30263E-5	9.99940E-1	1.33939E-9
1.31727E-1	1.99481E+0	1.30263E-5	9.99980E-1	3.95677E-10
1.32383E-1	1.99211E+0	7.12845E-6	1.00006E+0	-2.65635E-10
1.33038E-1	1.99319E+0	1.10604E-5	9.99976E-1	2.55428E-10
1.33693E-1	1.99427E+0	5.03143E-6	9.99988E-1	3.73808E-10
1.34349E-1	1.99265E+0	9.48759E-6	1.00003E+0	9.78545E-10
1.35004E-1	1.99211E+0	1.11914E-5	9.99929E-1	-2.17617E-10
1.35660E-1	1.99238E+0	8.43908E-6	1.00001E+0	1.25619E-9
1.36315E-1	1.99238E+0	1.35506E-5	9.99999E-1	-2.28076E-10
1.36970E-1	1.99319E+0	2.41016E-6	1.00010E+0	8.04540E-10
1.37626E-1	1.99184E+0	1.32884E-5	9.99855E-1	-1.61517E-10
1.38281E-1	1.99238E+0	1.35506E-5	1.00014E+0	-2.45958E-11
1.38936E-1	1.99292E+0	9.61866E-6	9.99961E-1	1.86806E-9
1.39592E-1	-7.14476E-3	7.39058E-6	9.48035E-1	3.11624E-7
1.40247E-1	-6.33567E-3	9.35653E-6	9.99560E-1	4.02318E-8
1.40902E-1	-5.79628E-3	8.70121E-6	1.00006E+0	2.73369E-8
1.41558E-1	-6.33567E-3	8.57015E-6	9.99990E-1	1.97216E-8
1.42213E-1	-6.33567E-3	8.96334E-6	1.00009E+0	1.60309E-8
1.42868E-1	-6.33567E-3	8.83228E-6	9.99893E-1	1.34917E-8
1.43524E-1	-3.63871E-3	3.19654E-6	1.00007E+0	1.23292E-8
1.44179E-1	-7.68415E-3	9.88078E-6	9.99927E-1	1.11084E-8
1.44835E-1	-6.60537E-3	9.22547E-6	1.00007E+0	1.00002E-8
1.45490E-1	-7.95385E-3	5.55569E-6	1.00006E+0	8.47452E-9
1.46145E-1	-6.60537E-3	3.19654E-6	1.00001E+0	9.16579E-9
1.46801E-1	-6.06598E-3	1.26331E-5	9.99976E-1	6.85571E-9
1.47456E-1	-4.44780E-3	1.15846E-5	9.99933E-1	8.71033E-9
1.48111E-1	-4.98719E-3	3.32761E-6	9.99997E-1	6.76966E-9
1.48767E-1	-7.41446E-3	1.23710E-5	1.00001E+0	7.07583E-9
1.49422E-1	-4.98719E-3	1.27642E-5	1.00014E+0	5.49933E-9
1.50077E-1	-6.60537E-3	7.65270E-6	9.99897E-1	6.81055E-9
1.50733E-1	-5.25689E-3	1.06672E-5	1.00004E+0	5.01440E-9
1.51388E-1	-6.87507E-3	-3.22557E-6	1.00002E+0	6.19392E-9
1.52044E-1	-7.68415E-3	9.88078E-6	9.99952E-1	6.02800E-9
1.52699E-1	-5.52658E-3	1.28952E-5	9.99995E-1	5.00917E-9
1.53354E-1	-6.06598E-3	7.78377E-6	9.99986E-1	5.43277E-9
1.54010E-1	-6.33567E-3	1.05361E-5	1.00006E+0	5.15037E-9
1.54665E-1	-6.60537E-3	1.36166E-6	9.99971E-1	3.52871E-9
1.55320E-1	-5.79628E-3	8.43908E-6	9.99978E-1	6.45968E-9
1.55976E-1	-6.33567E-3	1.42059E-5	1.00005E+0	3.29623E-9
1.56631E-1	-4.71749E-3	9.09440E-6	9.99910E-1	5.69758E-9
1.57286E-1	-6.33567E-3	8.57015E-6	1.00007E+0	3.61333E-9
1.57942E-1	-6.60537E-3	-3.09450E-6	9.99929E-1	4.36117E-9
1.58597E-1	-7.14476E-3	3.45867E-6	1.00007E+0	5.60060E-9
1.59252E-1	-6.33567E-3	9.35653E-6	1.00001E+0	4.16102E-9
1.59908E-1	-4.71749E-3	1.04050E-5	9.99942E-1	3.07896E-9
1.60563E-1	-6.33567E-3	1.18467E-5	1.00005E+0	4.98730E-9
1.61219E-1	-5.79628E-3	8.96334E-6	9.99990E-1	3.61428E-9
1.61874E-1	-6.06598E-3	1.17157E-5	1.00001E+0	4.36688E-9
1.62529E-1	-5.52658E-3	1.25021E-5	9.99982E-1	3.77212E-9
1.63185E-1	-5.25689E-3	-3.42170E-7	1.00008E+0	4.32979E-9
1.63840E-1	-6.87507E-3	7.25951E-6	9.99942E-1	3.55105E-9
1.64495E-1	-5.25689E-3	3.72080E-6	9.99984E-1	3.89906E-9
1.65151E-1	-5.25689E-3	8.04589E-6	1.00002E+0	4.05785E-9
1.65806E-1	-5.79628E-3	1.19778E-5	9.99969E-1	4.23471E-9
1.66461E-1	-5.52658E-3	5.68675E-6	9.99999E-1	3.97228E-9
1.67117E-1	-4.98719E-3	8.96334E-6	1.00009E+0	3.64233E-9
1.67772E-1	-5.25689E-3	6.47313E-6	9.99834E-1	3.93282E-9
1.68428E-1	-5.52658E-3	9.22547E-6	1.00004E+0	4.19953E-9
1.69083E-1	-4.17810E-3	2.18076E-5	1.00004E+0	3.66230E-9
1.69738E-1	-5.52658E-3	1.66961E-5	1.00005E+0	3.36326E-9
1.70394E-1	-4.98719E-3	8.43908E-6	9.99950E-1	4.45055E-9
1.71049E-1	-6.33567E-3	1.48612E-5	1.00001E+0	3.20495E-9
1.71704E-1	-6.33567E-3	1.11914E-5	9.99908E-1	3.18735E-9
1.72360E-1	-7.41446E-3	4.90037E-6	1.00001E+0	4.21855E-9
1.73015E-1	-6.33567E-3	9.09440E-6	1.00002E+0	3.04806E-9
1.73670E-1	-6.33567E-3	3.32761E-6	1.00003E+0	2.86930E-9
1.74326E-1	-6.06598E-3	5.94888E-6	9.99971E-1	4.89840E-9
1.74981E-1	-7.41446E-3	8.04589E-6	1.00010E+0	3.42934E-9
1.75636E-1	-4.98719E-3	1.05361E-5	9.99916E-1	2.38674E-9
1.76292E-1	-4.71749E-3	1.44680E-5	1.00002E+0	4.41775E-9
1.76947E-1	-4.71749E-3	1.09293E-5	1.00003E+0	2.21417E-9
1.77603E-1	-5.52658E-3	8.70121E-6	9.99976E-1	4.24802E-9
1.78258E-1	-6.33567E-3	8.04589E-6	1.00009E+0	3.70509E-9
1.78913E-1	-6.87507E-3	6.60420E-6	9.99859E-1	3.79637E-9
1.79569E-1	-8.76294E-3	-4.73234E-7	1.00012E+0	2.95678E-9
1.80224E-1	-3.90841E-3	1.87931E-5	9.99900E-1	3.50113E-9
1.80879E-1	-6.06598E-3	-8.00432E-8	1.00011E+0	3.40272E-9
1.81535E-1	-7.14476E-3	7.65270E-6	9.99935E-1	2.84410E-9
1.82190E-1	-4.71749E-3	1.11914E-5	9.99995E-1	4.45198E-9
1.82845E-1	-5.79628E-3	1.06672E-5	1.00001E+0	3.73694E-9
1.83501E-1	-6.06598E-3	8.43908E-6	1.00002E+0	2.53508E-9
1.84156E-1	-4.71749E-3	1.19778E-5	9.99978E-1	2.66962E-9
1.84812E-1	-5.79628E-3	9.48759E-6	9.99950E-1	4.84277E-9
1.85467E-1	-7.68415E-3	2.63948E-5	1.00009E+0	3.08657E-9
1.86122E-1	-6.33567E-3	1.31574E-5	9.99946E-1	3.24726E-9
1.86778E-1	-6.60537E-3	3.06548E-6	9.99969E-1	3.27055E-9
1.87433E-1	-4.98719E-3	7.65270E-6	1.00012E+0	3.20352E-9
1.88088E-1	-3.09932E-3	1.26331E-5	9.99973E-1	3.49400E-9
1.88744E-1	-6.06598E-3	6.99739E-6	9.99931E-1	2.99624E-9
1.89399E-1	-6.87507E-3	1.15846E-5	1.00005E+0	3.03950E-9
1.90054E-1	-3.36901E-3	2.93442E-6	1.00001E+0	3.60287E-9
1.90710E-1	-5.52658E-3	1.21089E-5	9.99967E-1	3.46880E-9
1.91365E-1	-5.52658E-3	1.21089E-5	9.99999E-1	2.82033E-9
1.92020E-1	-5.52658E-3	9.22547E-6	9.99982E-1	3.45739E-9
1.92676E-1	-6.60537E-3	4.63824E-6	1.00002E+0	2.77136E-9
1.93331E-1	-7.68415E-3	6.73526E-6	9.99940E-1	3.35898E-9
1.93987E-1	-4.71749E-3	1.25021E-5	1.00002E+0	3.62474E-9
1.94642E-1	-6.60537E-3	1.21089E-5	1.00008E+0	3.60668E-9
1.95297E-1	-6.33567E-3	1.44680E-5	9.99933E-1	3.24916E-9
1.95953E-1	-3.36901E-3	1.48612E-5	9.99982E-1	3.02809E-9
1.96608E-1	-4.98719E-3	1.40748E-5	1.00002E+0	3.33046E-9
1.97263E-1	-4.44780E-3	1.00118E-5	1.00001E+0	2.81320E-9
1.97919E-1	-5.25689E-3	1.19778E-5	1.00003E+0	4.00413E-9
1.98574E-1	-5.79628E-3	1.30263E-5	1.00001E+0	2.26836E-9
1.99229E-1	-7.14476E-3	5.68675E-6	9.99954E-1	3.84439E-9
1.99885E-1	1.99454E+0	8.30802E-6	1.05304E+0	-3.28899E-7
2.00540E-1	1.99373E+0	1.06672E-5	9.99931E-1	-2.89398E-8
2.01196E-1	1.99265E+0	-1.12855E-6	9.99957E-1	-1.92692E-8
2.01851E-1	1.99400E+0	2.42978E-5	9.99929E-1	-1.50803E-8
2.02506E-1	1.99319E+0	8.83228E-6	1.00009E+0	-1.12840E-8
2.03162E-1	1.99346E+0	8.96334E-6	9.99954E-1	-9.68422E-9
2.03817E-1	1.99319E+0	6.86632E-6	9.99978E-1	-7.53864E-9
2.04472E-1	1.99292E+0	8.04589E-6	9.99973E-1	-6.32726E-9
2.05128E-1	1.99373E+0	1.36816E-5	9.99995E-1	-5.63125E-9
2.05783E-1	1.99373E+0	1.42059E-5	9.99984E-1	-4.93618E-9
2.06438E-1	1.99184E+0	2.52152E-5	1.00000E+0	-5.81856E-9
2.07094E-1	1.99373E+0	1.14535E-5	9.99933E-1	-3.86268E-9
2.07749E-1	1.99346E+0	9.48759E-6	1.00014E+0	-3.69248E-9
2.08404E-1	1.99292E+0	1.18467E-5	9.99847E-1	-2.86857E-9
2.09060E-1	1.99427E+0	1.13225E-5	1.00011E+0	-2.42500E-9
2.09715E-1	1.99319E+0	8.70121E-6	1.00000E+0	-2.63942E-9
2.10371E-1	1.99346E+0	9.88078E-6	1.00005E+0	-2.67983E-9
2.11026E-1	1.99265E+0	-6.63322E-6	9.99836E-1	-2.05417E-9
2.11681E-1	1.99184E+0	6.07994E-6	1.00015E+0	-1.26022E-9
2.12337E-1	1.99265E+0	1.26331E-5	9.99952E-1	-2.33562E-9
2.12992E-1	1.99481E+0	5.29356E-6	1.00000E+0	-1.61203E-9
2.13647E-1	1.99319E+0	1.04050E-5	9.99948E-1	-1.08146E-9
2.14303E-1	1.99346E+0	7.25951E-6	9.99980E-1	-1.19413E-9
2.14958E-1	1.99319E+0	1.06672E-5	1.00003E+0	-1.24358E-9
2.15613E-1	1.99346E+0	9.22547E-6	1.00001E+0	-3.36948E-10
2.16269E-1	1.99265E+0	1.19778E-5	1.00002E+0	-2.17683E-9
2.16924E-1	1.99508E+0	-8.00432E-8	9.99942E-1	3.38151E-10
2.17580E-1	1.99292E+0	-9.97488E-7	1.00006E+0	-1.84404E-9
2.18235E-1	1.99265E+0	1.02740E-5	9.99980E-1	6.38618E-10
2.18890E-1	1.99265E+0	9.74972E-6	9.99961E-1	-1.71662E-9
2.19546E-1	1.99319E+0	1.13225E-5	9.99973E-1	8.66529E-11
2.20201E-1	1.99427E+0	7.52164E-6	1.00011E+0	-7.99058E-10
2.20856E-1	1.99373E+0	7.25951E-6	1.00002E+0	-5.00018E-10
2.21512E-1	1.99211E+0	2.93442E-6	9.99902E-1	9.71122E-11
2.22167E-1	1.99454E+0	9.61866E-6	1.00007E+0	-2.47093E-10
2.22822E-1	1.99265E+0	3.01956E-5	9.99990E-1	-2.74483E-11
2.23478E-1	1.99211E+0	1.17157E-5	1.00000E+0	4.26104E-10
2.24133E-1	1.99481E+0	1.05361E-5	9.99950E-1	-1.13851E-9
2.24788E-1	1.99373E+0	1.05361E-5	1.00002E+0	-7.64168E-11
2.25444E-1	1.99130E+0	1.26331E-5	9.99948E-1	-1.40599E-10
2.26099E-1	1.99292E+0	9.74972E-6	1.00005E+0	-1.98125E-10
2.26755E-1	1.99184E+0	1.35506E-5	9.99986E-1	1.33273E-9
2.27410E-1	1.99292E+0	7.25951E-6	1.00001E+0	-2.17142E-10
2.28065E-1	1.99265E+0	1.10604E-5	9.99990E-1	-4.63886E-10
2.28721E-1	1.99238E+0	-1.12855E-6	9.99969E-1	-5.47085E-10
2.29376E-1	1.99346E+0	8.70121E-6	1.00009E+0	1.51786E-10
2.30031E-1	1.99292E+0	1.35506E-5	9.99992E-1	1.31343E-10
2.30687E-1	1.99373E+0	1.11914E-5	9.99893E-1	1.03369E-9
2.31342E-1	1.99265E+0	1.66961E-5	1.00009E+0	6.55258E-10
2.31997E-1	1.99373E+0	8.57015E-6	9.99990E-1	2.91560E-10
2.32653E-1	1.99292E+0	8.57015E-6	1.00001E+0	5.87272E-10
2.33308E-1	1.99454E+0	1.60408E-5	1.00002E+0	1.19932E-10
2.33964E-1	1.99346E+0	1.43369E-5	1.00000E+0	-5.17608E-10
2.34619E-1	1.99454E+0	8.17696E-6	1.00007E+0	5.86321E-10
2.35274E-1	1.99373E+0	1.36816E-5	9.99828E-1	-9.06794E-11
2.35930E-1	1.99292E+0	1.26331E-5	1.00008E+0	1.54810E-9
2.36585E-1	1.99238E+0	8.83228E-6	1.00000E+0	-1.43451E-10
2.37240E-1	1.99373E+0	1.17157E-5	1.00005E+0	-1.85764E-10
2.37896E-1	1.99211E+0	5.42462E-6	9.99927E-1	8.90591E-10
2.38551E-1	1.99238E+0	7.78377E-6	1.00001E+0	3.50037E-10
2.39206E-1	1.99238E+0	8.43908E-6	1.00003E+0	8.93444E-10
2.39862E-1	-7.41446E-3	6.34207E-6	9.46768E-1	3.31223E-7
2.40517E-1	-7.14476E-3	1.01429E-5	1.00011E+0	3.38687E-8
2.41172E-1	-6.87507E-3	8.83228E-6	1.00002E+0	2.30405E-8
2.41828E-1	-6.06598E-3	1.11914E-5	9.99925E-1	1.73483E-8
2.42483E-1	-6.06598E-3	9.35653E-6	1.00005E+0	1.47824E-8
2.43139E-1	-6.33567E-3	1.36166E-6	1.00010E+0	1.28441E-8
2.43794E-1	-6.60537E-3	1.17157E-5	9.99878E-1	1.13765E-8
2.44449E-1	-7.41446E-3	5.16250E-6	1.00012E+0	1.01994E-8
2.45105E-1	-5.79628E-3	1.23710E-5	9.99921E-1	9.65214E-9
2.45760E-1	-7.68415E-3	8.17696E-6	1.00001E+0	9.54280E-9
2.46415E-1	-6.06598E-3	1.90552E-5	1.00004E+0	8.16312E-9
2.47071E-1	-4.44780E-3	1.05361E-5	1.00001E+0	7.00642E-9
2.47726E-1	-5.79628E-3	6.47313E-6	9.99952E-1	7.82034E-9
2.48381E-1	-6.33567E-3	2.24629E-5	1.00003E+0	6.24051E-9
2.49037E-1	-5.52658E-3	9.09440E-6	1.00009E+0	6.91276E-9
2.49692E-1	-7.41446E-3	1.02740E-5	9.99978E-1	6.15874E-9
2.50348E-1	-6.06598E-3	1.19778E-5	9.99961E-1	5.84877E-9
2.51003E-1	-5.79628E-3	8.57015E-6	9.99938E-1	5.43467E-9
2.51658E-1	-6.33567E-3	8.96334E-6	1.00009E+0	5.17462E-9
2.52314E-1	-6.06598E-3	3.32761E-6	9.99902E-1	6.27475E-9
2.52969E-1	-6.33567E-3	9.35653E-6	1.00010E+0	4.59223E-9
2.53624E-1	-6.60537E-3	1.60408E-5	1.00002E+0	4.96496E-9
2.54280E-1	-6.87507E-3	9.61866E-6	9.99904E-1	5.11044E-9
2.54935E-1	-5.25689E-3	1.64340E-5	1.00006E+0	5.57207E-9
2.55590E-1	-5.52658E-3	8.43908E-6	9.99925E-1	3.74835E-9
2.56246E-1	-5.79628E-3	8.57015E-6	1.00005E+0	4.64690E-9
2.56901E-1	-4.17810E-3	1.09293E-5	1.00001E+0	5.75986E-9
2.57556E-1	-6.60537E-3	1.02740E-5	9.99990E-1	4.08495E-9
2.58212E-1	-5.79628E-3	8.30802E-6	1.00001E+0	4.22235E-9
2.58867E-1	-5.25689E-3	1.36166E-6	1.00003E+0	3.43885E-9
2.59523E-1	-7.14476E-3	6.73526E-6	9.99961E-1	4.66402E-9
2.60178E-1	-5.25689E-3	6.34207E-6	1.00003E+0	4.35689E-9
2.60833E-1	-6.87507E-3	1.21089E-5	9.99967E-1	3.67704E-9
2.61489E-1	-6.06598E-3	1.14535E-5	1.00005E+0	5.14181E-9
2.62144E-1	-4.44780E-3	1.14535E-5	9.99961E-1	3.96705E-9
2.62799E-1	-6.87507E-3	1.26331E-5	1.00001E+0	3.10701E-9
2.63455E-1	-6.60537E-3	-1.78387E-6	1.00004E+0	4.40158E-9
2.64110E-1	-5.25689E-3	7.39058E-6	9.99910E-1	3.40367E-9
2.64765E-1	-5.25689E-3	9.74972E-6	1.00002E+0	4.70300E-9
2.65421E-1	-5.79628E-3	8.43908E-6	9.99999E-1	4.21522E-9
2.66076E-1	-5.25689E-3	7.78377E-6	1.00006E+0	2.96296E-9
2.66732E-1	-6.33567E-3	1.19778E-5	9.99963E-1	3.16358E-9
2.67387E-1	-4.71749E-3	1.27642E-5	1.00006E+0	4.13630E-9
2.68042E-1	-6.06598E-3	2.27910E-6	9.99891E-1	4.56846E-9
2.68698E-1	-6.87507E-3	1.86620E-5	1.00002E+0	2.91161E-9
2.69353E-1	-6.06598E-3	6.21101E-6	1.00005E+0	3.53536E-9
2.70008E-1	-7.14476E-3	1.15846E-5	9.99938E-1	3.43030E-9
2.70664E-1	-7.14476E-3	7.12845E-6	1.00002E+0	3.12127E-9
2.71319E-1	-5.52658E-3	8.57015E-6	9.99982E-1	4.76195E-9
2.71974E-1	-8.49324E-3	1.05361E-5	1.00003E+0	4.12441E-9
2.72630E-1	-6.33567E-3	8.57015E-6	1.00001E+0	3.11889E-9
2.73285E-1	-6.06598E-3	9.74972E-6	9.99971E-1	3.69225E-9
2.73940E-1	-6.60537E-3	6.47313E-6	1.00012E+0	2.91779E-9
2.74596E-1	-5.52658E-3	1.95795E-5	9.99910E-1	4.20143E-9
2.75251E-1	-6.06598E-3	1.01429E-5	1.00001E+0	3.62950E-9
2.75907E-1	-6.87507E-3	9.68465E-7	9.99971E-1	2.67533E-9
2.76562E-1	-6.87507E-3	5.94888E-6	9.99995E-1	3.68940E-9
2.77217E-1	-5.52658E-3	3.72080E-6	1.00005E+0	2.52272E-9
2.77873E-1	-5.25689E-3	2.78365E-5	9.99992E-1	4.63882E-9
2.78528E-1	-6.60537E-3	1.30263E-5	1.00002E+0	3.21065E-9
2.79183E-1	-7.41446E-3	9.88078E-6	9.99982E-1	3.60192E-9
2.79839E-1	-5.79628E-3	9.48759E-6	9.99982E-1	2.17708E-9
2.80494E-1	-3.09932E-3	7.39058E-6	1.00009E+0	3.90239E-9
2.81149E-1	-6.33567E-3	8.83228E-6	9.99925E-1	3.89288E-9
2.81805E-1	-5.52658E-3	1.21089E-5	1.00003E+0	3.28339E-9
2.82460E-1	-7.41446E-3	1.15846E-5	9.99997E-1	2.35109E-9
2.83116E-1	-6.33567E-3	9.09440E-6	9.99976E-1	3.03237E-9
2.83771E-1	-5.79628E-3	2.41016E-6	9.99963E-1	3.72886E-9
2.84426E-1	-4.98719E-3	6.86632E-6	1.00005E+0	3.56151E-9
2.85082E-1	-6.33567E-3	8.96334E-6	1.00006E+0	3.50874E-9
2.85737E-1	-5.79628E-3	1.00118E-5	9.99902E-1	3.89383E-9
2.86392E-1	-5.25689E-3	-1.65281E-6	1.00000E+0	2.89877E-9
2.87048E-1	-6.87507E-3	1.17157E-5	9.99978E-1	1.97550E-9
2.87703E-1	-6.06598E-3	1.26331E-5	1.00007E+0	3.61856E-9
2.88358E-1	-4.17810E-3	2.93442E-6	9.99902E-1	3.56104E-9
2.89014E-1	-4.98719E-3	1.57786E-5	1.00007E+0	4.08590E-9
2.89669E-1	-6.60537E-3	9.09440E-6	9.99992E-1	3.49162E-9
2.90324E-1	-4.98719E-3	8.83228E-6	1.00005E+0	2.06393E-9
2.90980E-1	-4.71749E-3	1.04050E-5	9.99950E-1	3.83821E-9
2.91635E-1	-5.25689E-3	5.42462E-6	9.99992E-1	2.78943E-9
2.92291E-1	-6.33567E-3	4.24505E-6	9.99990E-1	3.83678E-9
2.92946E-1	-4.44780E-3	2.07591E-5	9.99986E-1	2.92920E-9
2.93601E-1	-6.06598E-3	7.78377E-6	1.00009E+0	3.05852E-9
2.94257E-1	-7.68415E-3	1.28952E-5	9.99938E-1	3.88575E-9
2.94912E-1	-7.41446E-3	9.48759E-6	1.00005E+0	1.93462E-9
2.95567E-1	-6.33567E-3	7.91483E-6	9.99965E-1	3.71175E-9
2.96223E-1	-6.60537E-3	1.00118E-5	9.99959E-1	3.68797E-9
2.96878E-1	-5.79628E-3	2.10212E-5	1.00012E+0	2.14000E-9
2.97533E-1	-7.14476E-3	9.35653E-6	9.99897E-1	3.22872E-9
2.98189E-1	-6.06598E-3	1.15846E-5	1.00001E+0	3.10368E-9
2.98844E-1	-4.71749E-3	8.57015E-6	9.99999E-1	3.28577E-9
2.99500E-1	1.99481E+0	9.74972E-6	1.05303E+0	-3.07383E-7
3.00155E-1	1.99319E+0	1.09293E-5	9.99093E-1	-3.50817E-8
3.00810E-1	1.99319E+0	8.30802E-6	9.99914E-1	-2.29162E-8
3.01466E-1	1.99319E+0	1.10604E-5	9.99948E-1	-1.72748E-8
3.02121E-1	1.99292E+0	9.74972E-6	1.00002E+0	-1.32765E-8
3.02776E-1	1.99319E+0	-4.73234E-7	9.99952E-1	-1.07145E-8
3.03432E-1	1.99427E+0	1.26331E-5	1.00002E+0	-8.39915E-9
3.04087E-1	1.99184E+0	3.45867E-6	9.99916E-1	-6.68859E-9
3.04742E-1	1.99292E+0	1.45991E-5	1.00010E+0	-5.95644E-9
3.05398E-1	1.99346E+0	1.13225E-5	9.99957E-1	-5.49956E-9
3.06053E-1	1.99211E+0	6.47313E-6	1.00006E+0	-5.91935E-9
3.06708E-1	1.99346E+0	6.60420E-6	9.99946E-1	-4.16314E-9
3.07364E-1	1.99508E+0	9.61866E-6	9.99959E-1	-3.42529E-9
3.08019E-1	1.99319E+0	5.55569E-6	1.00005E+0	-4.18454E-9
3.08675E-1	1.99319E+0	9.61866E-6	1.00000E+0	-1.92486E-9
3.09330E-1	1.99238E+0	8.43908E-6	9.99990E-1	-4.03716E-9
3.09985E-1	1.99238E+0	9.09440E-6	9.99976E-1	-1.55926E-9
3.10641E-1	1.99319E+0	1.75485E-6	1.00006E+0	-2.32706E-9
3.11296E-1	1.99481E+0	1.39438E-5	9.99954E-1	-2.32088E-9
3.11951E-1	1.99481E+0	8.83228E-6	1.00006E+0	-1.49460E-9
3.12607E-1	1.99346E+0	9.35653E-6	9.99929E-1	-1.36956E-9
3.13262E-1	1.99427E+0	2.67229E-6	9.99988E-1	-1.16276E-9
3.13917E-1	1.99373E+0	8.70121E-6	1.00004E+0	-1.54547E-9
3.14573E-1	1.99373E+0	1.19778E-5	1.00004E+0	-1.57495E-9
3.15228E-1	1.99319E+0	5.68675E-6	9.99933E-1	-1.62629E-9
3.15884E-1	1.99400E+0	3.72080E-6	9.99986E-1	2.77006E-11
3.16539E-1	1.99238E+0	9.88078E-6	9.99967E-1	-1.13328E-9
3.17194E-1	1.99211E+0	3.45867E-6	1.00010E+0	-6.95416E-10
3.17850E-1	1.99373E+0	8.70121E-6	9.99950E-1	-4.15393E-10
3.18505E-1	1.99238E+0	5.94888E-6	1.00003E+0	-4.15868E-10
3.19160E-1	1.99373E+0	3.45867E-6	1.00000E+0	-1.10380E-9
3.19816E-1	1.99292E+0	8.17696E-6	1.00001E+0	-5.68479E-10
3.20471E-1	1.99211E+0	9.35653E-6	9.99872E-1	-5.63724E-10
3.21126E-1	1.99211E+0	1.15846E-5	1.00008E+0	1.05670E-10
3.21782E-1	1.99319E+0	1.77446E-5	9.99925E-1	-9.07930E-10
3.22437E-1	1.99211E+0	9.88078E-6	1.00008E+0	-6.51677E-10
3.23092E-1	1.99211E+0	5.68675E-6	9.99980E-1	3.10577E-10
3.23748E-1	1.99238E+0	-2.70131E-6	1.00005E+0	4.56531E-10
3.24403E-1	1.99184E+0	1.34195E-5	1.00001E+0	-1.14451E-10
3.25059E-1	1.99184E+0	1.68271E-5	9.99906E-1	-1.99076E-10
3.25714E-1	1.99373E+0	1.09293E-5	1.00006E+0	-1.47368E-9
3.26369E-1	1.99238E+0	9.22547E-6	9.99986E-1	1.56854E-9
3.27025E-1	1.99427E+0	2.31182E-5	9.99973E-1	-1.35292E-9
3.27680E-1	1.99562E+0	1.36816E-5	1.00000E+0	3.00117E-10
3.28335E-1	1.99319E+0	1.14535E-5	9.99976E-1	8.05491E-10
3.28991E-1	1.99265E+0	2.41667E-5	1.00006E+0	-4.52000E-10
3.29646E-1	1.99427E+0	5.81781E-6	9.99965E-1	7.22292E-10
3.30301E-1	1.99319E+0	1.01429E-5	1.00002E+0	1.55589E-10
3.30957E-1	1.99373E+0	1.34195E-5	9.99990E-1	1.84590E-10
3.31612E-1	1.99184E+0	1.10604E-5	1.00000E+0	4.05661E-10
3.32268E-1	1.99265E+0	1.06672E-5	1.00007E+0	-4.43918E-10
3.32923E-1	1.99427E+0	9.74972E-6	9.99982E-1	5.43058E-10
3.33578E-1	1.99454E+0	4.37612E-6	9.99976E-1	-1.88616E-10
3.34234E-1	1.99157E+0	6.99739E-6	9.99900E-1	8.42758E-11
3.34889E-1	1.99157E+0	8.30802E-6	1.00009E+0	1.30231E-9
3.35544E-1	1.99481E+0	1.19778E-5	9.99950E-1	-8.16464E-11
3.36200E-1	1.99265E+0	1.11914E-5	1.00006E+0	5.86030E-11
3.36855E-1	1.99319E+0	9.61866E-6	9.99959E-1	7.94556E-10
3.37510E-1	1.99238E+0	6.86632E-6	1.00006E+0	-8.90339E-10
3.38166E-1	1.99319E+0	1.35506E-5	9.99976E-1	1.13353E-9
3.38821E-1	1.99508E+0	1.15846E-5	1.00000E+0	-2.82274E-10
3.39476E-1	-7.14476E-3	9.35653E-6	9.45814E-1	3.08121E-7
3.40132E-1	-6.33567E-3	1.30263E-5	1.00171E+0	4.14003E-8
3.40787E-1	-6.60537E-3	1.64340E-5	1.00009E+0	2.73222E-8
3.41443E-1	-5.79628E-3	6.86632E-6	1.00003E+0	2.00563E-8
3.42098E-1	-6.60537E-3	1.00118E-5	9.99952E-1	1.70469E-8
3.42753E-1	-4.98719E-3	1.45991E-5	1.00008E+0	1.31660E-8
3.43409E-1	-8.76294E-3	7.39058E-6	9.99982E-1	1.18429E-8
3.44064E-1	-5.79628E-3	9.22547E-6	9.99948E-1	1.19118E-8
3.44719E-1	-7.14476E-3	7.91483E-6	1.00010E+0	9.66213E-9
3.45375E-1	-6.33567E-3	1.01429E-5	9.99973E-1	8.19973E-9
3.46030E-1	-6.60537E-3	1.09293E-5	9.99950E-1	1.01052E-8
3.46685E-1	-5.79628E-3	1.65650E-5	1.00007E+0	6.94176E-9
3.47341E-1	-7.14476E-3	9.09440E-6	9.99976E-1	6.86855E-9
3.47996E-1	-5.25689E-3	1.57786E-5	9.99957E-1	7.36822E-9
3.48652E-1	-6.60537E-3	8.57015E-6	1.00008E+0	7.05586E-9
3.49307E-1	-6.87507E-3	9.48759E-6	9.99927E-1	5.91390E-9
3.49962E-1	-7.41446E-3	8.17696E-6	9.99954E-1	6.43829E-9
3.50618E-1	-7.68415E-3	9.74972E-6	1.00004E+0	5.11329E-9
3.51273E-1	-6.60537E-3	-2.17706E-6	1.00002E+0	5.71898E-9
3.51928E-1	-3.90841E-3	1.39438E-5	9.99992E-1	5.19554E-9
3.52584E-1	-6.06598E-3	9.48759E-6	1.00006E+0	6.17205E-9
3.53239E-1	-5.52658E-3	1.43369E-5	9.99889E-1	4.76908E-9
3.53894E-1	-8.49324E-3	1.38127E-5	1.00006E+0	5.39569E-9
3.54550E-1	-5.52658E-3	9.48759E-6	9.99967E-1	4.99111E-9
3.55205E-1	-6.60537E-3	1.10604E-5	1.00003E+0	3.97941E-9
3.55860E-1	-6.60537E-3	7.52164E-6	9.99988E-1	4.70205E-9
3.56516E-1	-6.60537E-3	3.58973E-6	9.99980E-1	3.62189E-9
3.57171E-1	-7.14476E-3	8.57015E-6	1.00009E+0	5.46368E-9
3.57827E-1	-6.06598E-3	5.94888E-6	9.99916E-1	4.31458E-9
3.58482E-1	-6.06598E-3	1.10604E-5	1.00006E+0	4.06451E-9
3.59137E-1	-5.79628E-3	1.06672E-5	1.00004E+0	4.92740E-9
3.59793E-1	-3.63871E-3	-8.66424E-7	9.99912E-1	3.96657E-9
3.60448E-1	-6.06598E-3	3.06548E-6	1.00011E+0	3.35613E-9
3.61103E-1	-6.06598E-3	8.70121E-6	9.99935E-1	3.98178E-9
3.61759E-1	-6.06598E-3	6.07994E-6	9.99999E-1	4.92550E-9
3.62414E-1	-6.33567E-3	9.35653E-6	9.99982E-1	2.77802E-9
3.63069E-1	-5.79628E-3	1.02740E-5	9.99967E-1	4.22758E-9
3.63725E-1	-5.25689E-3	-3.22557E-6	1.00004E+0	3.94565E-9
3.64380E-1	-7.14476E-3	1.02740E-5	9.99927E-1	3.61999E-9
3.65036E-1	-4.71749E-3	4.50718E-6	1.00014E+0	4.23471E-9
3.65691E-1	-9.30233E-3	1.80067E-5	9.99973E-1	3.47926E-9
3.66346E-1	-4.71749E-3	1.31574E-5	9.99992E-1	3.58956E-9
3.67002E-1	-6.33567E-3	9.74972E-6	9.99919E-1	3.66515E-9
3.67657E-1	-4.98719E-3	1.45991E-5	1.00006E+0	3.92141E-9
3.68312E-1	-5.79628E-3	1.09293E-5	1.00001E+0	4.04074E-9
3.68968E-1	-6.60537E-3	8.96334E-6	1.00002E+0	2.55362E-9
3.69623E-1	-6.60537E-3	1.18467E-5	9.99982E-1	4.91979E-9
3.70278E-1	-4.98719E-3	1.15846E-5	1.00001E+0	2.33492E-9
3.70934E-1	-6.87507E-3	8.04589E-6	9.99944E-1	4.72249E-9
3.71589E-1	-5.52658E-3	1.04050E-5	1.00002E+0	2.67342E-9
3.72244E-1	-5.25689E-3	4.24505E-6	1.00001E+0	4.36402E-9
3.72900E-1	-6.87507E-3	1.00118E-5	1.00005E+0	2.54268E-9
3.73555E-1	-5.25689E-3	1.04050E-5	9.99969E-1	3.52015E-9
3.74211E-1	-6.60537E-3	1.11914E-5	9.99942E-1	3.91475E-9
3.74866E-1	-7.95385E-3	-2.57025E-6	1.00011E+0	3.41270E-9
3.75521E-1	-6.06598E-3	1.22399E-5	9.99925E-1	2.63159E-9
3.76177E-1	-5.52658E-3	1.22399E-5	1.00008E+0	3.88432E-9
3.76832E-1	-5.79628E-3	1.25021E-5	9.99908E-1	3.76832E-9
3.77487E-1	-7.41446E-3	3.58973E-6	9.99986E-1	2.96628E-9
3.78143E-1	-5.25689E-3	7.78377E-6	1.00001E+0	4.02172E-9
3.78798E-1	-6.87507E-3	9.48759E-6	1.00010E+0	2.73665E-9
3.79453E-1	-4.98719E-3	9.09440E-6	9.99952E-1	3.88765E-9
3.80109E-1	-5.25689E-3	1.17157E-5	1.00002E+0	2.45758E-9
3.80764E-1	-6.33567E-3	1.38127E-5	9.99889E-1	3.98844E-9
3.81420E-1	-4.98719E-3	1.23710E-5	1.00007E+0	2.45806E-9
3.82075E-1	-3.63871E-3	6.86632E-6	9.99984E-1	3.46405E-9
3.82730E-1	-5.79628E-3	1.26331E-5	1.00000E+0	3.65374E-9
3.83386E-1	-5.52658E-3	1.15846E-5	1.00004E+0	3.28387E-9
3.84041E-1	-6.06598E-3	9.22547E-6	9.99992E-1	2.44855E-9
3.84696E-1	-5.52658E-3	9.35653E-6	1.00006E+0	4.05452E-9
3.85352E-1	-5.79628E-3	9.35653E-6	9.99925E-1	2.91399E-9
3.86007E-1	-7.95385E-3	1.26331E-5	1.00003E+0	3.75786E-9
3.86662E-1	-4.17810E-3	5.29356E-6	9.99982E-1	3.35565E-9
3.87318E-1	-6.06598E-3	1.25021E-5	9.99995E-1	3.22349E-9
3.87973E-1	-5.52658E-3	8.96334E-6	9.99963E-1	2.93871E-9
3.88628E-1	-6.06598E-3	1.11914E-5	1.00004E+0	2.75139E-9
3.89284E-1	-4.98719E-3	6.07994E-6	1.00001E+0	3.55676E-9
3.89939E-1	-4.71749E-3	3.58973E-6	1.00005E+0	3.42697E-9
3.90595E-1	-6.60537E-3	1.23710E-5	1.00001E+0	3.27578E-9
3.91250E-1	-5.52658E-3	1.26331E-5	9.99857E-1	2.55172E-9
3.91905E-1	-6.60537E-3	3.06548E-6	1.00003E+0	2.75187E-9
3.92561E-1	-9.03264E-3	2.31182E-5	1.00006E+0	4.32599E-9
3.93216E-1	-6.06598E-3	1.09293E-5	1.00001E+0	2.91969E-9
3.93871E-1	-5.79628E-3	5.29356E-6	1.00002E+0	1.82242E-9
3.94527E-1	-5.79628E-3	1.00118E-5	9.99935E-1	3.07373E-9
3.95182E-1	-6.33567E-3	1.05361E-5	1.00001E+0	3.88718E-9
3.95837E-1	-6.87507E-3	1.19778E-5	1.00001E+0	2.81082E-9
3.96493E-1	-3.63871E-3	1.27642E-5	9.99980E-1	3.55295E-9
3.97148E-1	-4.98719E-3	1.07982E-5	1.00009E+0	2.35679E-9
3.97804E-1	-5.52658E-3	6.34207E-6	9.99995E-1	3.48212E-9
3.98459E-1	-5.79628E-3	4.37612E-6	9.99992E-1	3.55391E-9
3.99114E-1	-6.06598E-3	5.81781E-6	9.99946E-1	2.86977E-9
3.99770E-1	1.99508E+0	1.04050E-5	1.05245E+0	-3.24239E-7
4.00425E-1	1.99454E+0	6.60420E-6	9.99862E-1	-3.14742E-8
4.01080E-1	1.99265E+0	1.02740E-5	9.99978E-1	-1.99215E-8
4.01736E-1	1.99481E+0	-6.04297E-7	9.99891E-1	-1.43662E-8
4.02391E-1	1.99292E+0	9.35653E-6	1.00011E+0	-1.22491E-8
4.03046E-1	1.99319E+0	5.81781E-6	9.99853E-1	-9.45697E-9
4.03702E-1	1.99373E+0	8.57015E-6	1.00006E+0	-8.53798E-9
4.04357E-1	1.99373E+0	1.11914E-5	9.99965E-1	-5.77673E-9
4.05012E-1	1.99238E+0	9.35653E-6	1.00003E+0	-5.91745E-9
4.05668E-1	1.99292E+0	8.30802E-6	9.99950E-1	-5.63648E-9
4.06323E-1	1.99373E+0	9.09440E-6	1.00009E+0	-4.70940E-9
4.06979E-1	1.99292E+0	7.12845E-6	9.99923E-1	-4.06901E-9
4.07634E-1	1.99238E+0	1.43369E-5	1.00001E+0	-3.35445E-9
4.08289E-1	1.99346E+0	8.57015E-6	9.99923E-1	-4.48976E-9
4.08945E-1	1.99616E+0	1.43369E-5	1.00008E+0	-2.99884E-9
4.09600E-1	1.99427E+0	1.80067E-5	9.99929E-1	-2.04799E-9
4.10255E-1	1.99265E+0	1.02740E-5	1.00003E+0	-2.10362E-9
4.10911E-1	1.99319E+0	9.68465E-7	1.00005E+0	-2.01614E-9
4.11566E-1	1.99427E+0	1.02740E-5	1.00001E+0	-2.49204E-9
4.12221E-1	1.99454E+0	1.35506E-5	9.99914E-1	-1.98809E-9
4.12877E-1	1.99373E+0	9.48759E-6	1.00006E+0	-2.30710E-9
4.13532E-1	1.99265E+0	8.70121E-6	9.99952E-1	-7.77189E-10
4.14188E-1	1.99319E+0	1.07982E-5	1.00008E+0	-1.90489E-9
4.14843E-1	1.99023E+0	2.65258E-5	9.99916E-1	-2.18093E-10
4.15498E-1	1.99265E+0	9.48759E-6	1.00011E+0	-9.17438E-10
4.16154E-1	1.99238E+0	6.86632E-6	9.99940E-1	-1.61393E-9
4.16809E-1	1.99373E+0	9.74972E-6	9.99999E-1	-1.66747E-10
4.17464E-1	1.99238E+0	8.43908E-6	9.99984E-1	-2.28552E-10
4.18120E-1	1.99400E+0	1.97105E-5	1.00000E+0	-6.28857E-10
4.18775E-1	1.99265E+0	1.39438E-5	1.00007E+0	-1.19936E-9
4.19430E-1	1.99184E+0	1.00118E-5	9.99938E-1	-1.51599E-9
4.20086E-1	1.99292E+0	6.60420E-6	9.99950E-1	3.61447E-10
4.20741E-1	1.99400E+0	9.48759E-6	1.00006E+0	-1.30538E-9
4.21396E-1	1.99211E+0	1.25021E-5	1.00002E+0	-8.49744E-11
4.22052E-1	1.99346E+0	1.07982E-5	9.99990E-1	-2.28076E-10
4.22707E-1	1.99373E+0	9.09440E-6	9.99988E-1	-9.63845E-11
4.23363E-1	1.99400E+0	4.50718E-6	9.99982E-1	4.04235E-10
4.24018E-1	1.99238E+0	1.07982E-5	9.99982E-1	-2.21420E-10
4.24673E-1	1.99238E+0	1.31574E-5	9.99929E-1	-1.13518E-9
4.25329E-1	1.99319E+0	1.17157E-5	1.00007E+0	5.40681E-10
4.25984E-1	1.99319E+0	9.48759E-6	9.99942E-1	-1.20156E-10
4.26639E-1	1.99211E+0	6.99739E-6	1.00006E+0	2.53235E-11
4.27295E-1	1.99265E+0	7.78377E-6	1.00004E+0	1.37523E-10
4.27950E-1	1.99346E+0	1.22399E-5	9.99984E-1	-7.39630E-10
4.28605E-1	1.99373E+0	1.28952E-5	9.99912E-1	5.81092E-10
4.29261E-1	1.99265E+0	7.25951E-6	1.00003E+0	1.63196E-10
4.29916E-1	1.99346E+0	1.25021E-5	1.00009E+0	3.56217E-10
4.30572E-1	1.99319E+0	8.70121E-6	1.00002E+0	-4.41065E-10
4.31227E-1	1.99211E+0	-6.04297E-7	9.99940E-1	8.98674E-10
4.31882E-1	1.99265E+0	1.11914E-5	1.00005E+0	-7.15859E-10
4.32538E-1	1.99346E+0	1.02740E-5	9.99999E-1	5.77288E-10
4.33193E-1	1.99211E+0	1.07982E-5	9.99912E-1	-2.87029E-10
4.33848E-1	1.99319E+0	9.48759E-6	9.99990E-1	6.87111E-10
4.34504E-1	1.99319E+0	1.38127E-5	1.00002E+0	-5.38052E-10
4.35159E-1	1.99157E+0	6.99739E-6	1.00002E+0	1.00279E-9
4.35814E-1	1.99319E+0	1.30263E-5	9.99976E-1	2.10738E-10
4.36470E-1	1.99211E+0	6.73526E-6	1.00001E+0	2.50674E-10
4.37125E-1	1.99238E+0	7.39058E-6	1.00005E+0	2.73969E-10
4.37780E-1	1.99238E+0	1.11914E-5	1.00005E+0	-3.69752E-10
4.38436E-1	1.99238E+0	8.83228E-6	9.99859E-1	5.90600E-10
4.39091E-1	1.99238E+0	4.24505E-6	1.00005E+0	1.07410E-9
4.39747E-1	-7.14476E-3	8.17696E-6	9.47492E-1	3.27877E-7
4.40402E-1	-7.95385E-3	4.11399E-6	1.00013E+0	3.51462E-8
4.41057E-1	-6.60537E-3	2.41667E-5	9.99978E-1	2.26464E-8
4.41713E-1	-7.68415E-3	2.10212E-5	1.00015E+0	1.81080E-8
4.42368E-1	-6.33567E-3	5.55569E-6	9.99885E-1	1.50501E-8
4.43023E-1	-5.79628E-3	7.91483E-6	1.00012E+0	1.29768E-8
4.43679E-1	-5.25689E-3	3.85186E-6	9.99980E-1	1.18976E-8
4.44334E-1	-6.06598E-3	7.25951E-6	9.99978E-1	1.06705E-8
4.44989E-1	-5.79628E-3	8.70121E-6	9.99954E-1	8.99273E-9
4.45645E-1	-7.41446E-3	9.88078E-6	1.00009E+0	8.78640E-9
4.46300E-1	-6.33567E-3	1.56476E-5	9.99982E-1	7.78991E-9
4.46956E-1	-4.98719E-3	1.04050E-5	1.00006E+0	7.82937E-9
4.47611E-1	-5.79628E-3	4.90037E-6	9.99893E-1	7.64871E-9
4.48266E-1	-7.95385E-3	1.09293E-5	1.00004E+0	6.57616E-9
4.48922E-1	-6.33567E-3	1.15846E-5	1.00004E+0	6.00375E-9
4.49577E-1	-6.06598E-3	9.88078E-6	1.00001E+0	7.26267E-9
4.50232E-1	-6.87507E-3	1.47301E-5	1.00002E+0	4.81045E-9
4.50888E-1	-5.52658E-3	1.32884E-5	9.99878E-1	6.40596E-9
4.51543E-1	-6.60537E-3	1.00118E-5	1.00009E+0	4.61837E-9
4.52198E-1	-7.41446E-3	1.49272E-6	9.99988E-1	5.38618E-9
4.52854E-1	-4.71749E-3	7.25951E-6	9.99963E-1	5.60630E-9
4.53509E-1	-5.52658E-3	1.27642E-5	9.99965E-1	5.26400E-9
4.54164E-1	-5.25689E-3	1.23710E-5	1.00004E+0	3.81586E-9
4.54820E-1	-6.60537E-3	8.70121E-6	1.00007E+0	5.42849E-9
4.55475E-1	-4.17810E-3	1.63029E-5	1.00000E+0	4.16292E-9
4.56131E-1	-6.60537E-3	8.17696E-6	9.99984E-1	5.21693E-9
4.56786E-1	-5.79628E-3	1.11914E-5	9.99988E-1	3.42887E-9
4.57441E-1	-6.33567E-3	1.91863E-5	1.00003E+0	4.32789E-9
4.58097E-1	-6.60537E-3	-2.04600E-6	9.99967E-1	5.59251E-9
4.58752E-1	-6.33567E-3	1.27642E-5	9.99988E-1	4.08828E-9
4.59407E-1	-5.25689E-3	1.09293E-5	1.00002E+0	2.57501E-9
4.60063E-1	-6.60537E-3	1.10604E-5	1.00001E+0	4.59365E-9
4.60718E-1	-6.87507E-3	1.11914E-5	1.00002E+0	4.13202E-9
4.61373E-1	-5.52658E-3	1.23710E-5	9.99999E-1	3.81063E-9
4.62029E-1	-6.33567E-3	9.88078E-6	9.99933E-1	5.22406E-9
4.62684E-1	-6.60537E-3	1.18467E-5	1.00000E+0	3.36992E-9
4.63340E-1	-4.17810E-3	6.86632E-6	9.99997E-1	4.28130E-9
4.63995E-1	-4.98719E-3	1.21089E-5	9.99986E-1	3.45977E-9
4.64650E-1	-4.44780E-3	1.00118E-5	1.00004E+0	4.02695E-9
4.65306E-1	-4.44780E-3	8.17696E-6	1.00000E+0	2.81985E-9
4.65961E-1	-3.63871E-3	2.22008E-5	9.99984E-1	3.24250E-9
4.66616E-1	-5.79628E-3	4.37612E-6	1.00001E+0	4.97827E-9
4.67272E-1	-6.60537E-3	1.14535E-5	9.99992E-1	2.38437E-9
4.67927E-1	-7.14476E-3	1.18467E-5	1.00003E+0	4.24564E-9
4.68582E-1	-5.79628E-3	1.09953E-6	9.99950E-1	3.54059E-9
4.69238E-1	-6.60537E-3	1.49923E-5	1.00004E+0	4.12346E-9
4.69893E-1	-6.33567E-3	9.48759E-6	9.99929E-1	2.72334E-9
4.70548E-1	-5.52658E-3	3.19654E-6	1.00010E+0	4.32409E-9
4.71204E-1	-7.14476E-3	1.42059E-5	9.99954E-1	3.43553E-9
4.71859E-1	-5.25689E-3	7.91483E-6	1.00000E+0	2.93586E-9
4.72515E-1	-4.98719E-3	1.36816E-5	9.99999E-1	3.57340E-9
4.73170E-1	-7.68415E-3	1.00118E-5	9.99954E-1	3.85390E-9
4.73825E-1	-5.25689E-3	1.85310E-5	9.99978E-1	3.23727E-9
4.74481E-1	-5.52658E-3	1.93174E-5	1.00004E+0	3.06327E-9
4.75136E-1	-4.44780E-3	9.88078E-6	1.00000E+0	3.03237E-9
4.75791E-1	-6.87507E-3	8.43908E-6	9.99961E-1	4.35024E-9
4.76447E-1	-6.33567E-3	9.48759E-6	1.00003E+0	2.95487E-9
4.77102E-1	-7.14476E-3	7.25951E-6	9.99990E-1	3.11652E-9
4.77757E-1	-5.52658E-3	9.09440E-6	1.00009E+0	3.92616E-9
4.78413E-1	-7.68415E-3	1.35506E-5	9.99832E-1	2.49181E-9
4.79068E-1	-6.87507E-3	1.21089E-5	1.00021E+0	3.79637E-9
4.79724E-1	-5.52658E-3	9.09440E-6	9.99853E-1	3.00384E-9
4.80379E-1	-7.41446E-3	1.06672E-5	1.00001E+0	3.47166E-9
4.81034E-1	-5.79628E-3	9.09440E-6	1.00002E+0	3.61666E-9
4.81690E-1	-6.87507E-3	1.00118E-5	1.00005E+0	3.08419E-9
4.82345E-1	-4.17810E-3	1.13225E-5	9.99912E-1	3.72506E-9
4.83000E-1	-5.52658E-3	1.57786E-5	1.00010E+0	2.25981E-9
4.83656E-1	-7.95385E-3	1.17157E-5	9.99946E-1	3.18260E-9
4.84311E-1	-6.87507E-3	-1.91493E-6	9.99982E-1	3.87054E-9
4.84966E-1	-5.79628E-3	2.75744E-5	9.99976E-1	3.26057E-9
4.85622E-1	-5.79628E-3	1.66961E-5	1.00003E+0	1.72971E-9
4.86277E-1	-5.25689E-3	4.76931E-6	1.00002E+0	3.68132E-9
4.86932E-1	-6.33567E-3	8.30802E-6	9.99967E-1	3.89431E-9
4.87588E-1	-6.33567E-3	1.18467E-5	9.99992E-1	3.52823E-9
4.88243E-1	-5.52658E-3	1.00118E-5	1.00001E+0	3.01858E-9
4.88899E-1	-5.25689E-3	1.43369E-5	9.99999E-1	3.33236E-9
4.89554E-1	-6.06598E-3	9.61866E-6	1.00006E+0	2.19848E-9
4.90209E-1	-7.14476E-3	1.01429E-5	9.99995E-1	3.42507E-9
4.90865E-1	-6.06598E-3	-4.01195E-6	9.99895E-1	3.61571E-9
4.91520E-1	-5.25689E-3	1.35506E-5	1.00011E+0	3.08894E-9
4.92175E-1	-5.25689E-3	1.15846E-5	9.99984E-1	3.17024E-9
4.92831E-1	-5.79628E-3	1.23710E-5	1.00005E+0	2.73285E-9
4.93486E-1	-5.79628E-3	1.48612E-5	9.99889E-1	2.79894E-9
4.94141E-1	-6.60537E-3	8.96334E-6	1.00008E+0	3.14980E-9
4.94797E-1	-6.33567E-3	7.52164E-6	9.99935E-1	3.68417E-9
4.95452E-1	-4.71749E-3	4.63824E-6	1.00007E+0	3.05614E-9
4.96108E-1	-5.25689E-3	1.34195E-5	1.00000E+0	3.11081E-9
4.96763E-1	-4.44780E-3	1.07982E-5	9.99933E-1	2.98815E-9
4.97418E-1	-3.90841E-3	8.57015E-6	1.00003E+0	3.30764E-9
4.98074E-1	-5.79628E-3	7.25951E-6	9.99942E-1	2.44807E-9
4.98729E-1	-6.33567E-3	7.91483E-6	1.00010E+0	2.49942E-9
4.99384E-1	1.99562E+0	1.25021E-5	1.05714E+0	-2.68382E-7
5.00040E-1	1.99319E+0	1.70893E-5	9.95341E-1	-7.04218E-8
5.00695E-1	1.99292E+0	1.36816E-5	1.00001E+0	-2.51193E-8
5.01350E-1	1.99535E+0	-2.11107E-7	9.99832E-1	-1.68911E-8
5.02006E-1	1.99319E+0	9.48759E-6	1.00006E+0	-1.31928E-8
5.02661E-1	1.99373E+0	1.39438E-5	9.99999E-1	-9.96282E-9
5.03316E-1	1.99319E+0	8.43908E-6	1.00004E+0	-9.25444E-9
5.03972E-1	1.99427E+0	2.39046E-5	9.99872E-1	-7.26670E-9
5.04627E-1	1.99292E+0	1.31574E-5	1.00002E+0	-6.83074E-9
5.05283E-1	1.99373E+0	7.65270E-6	1.00001E+0	-6.00873E-9
5.05938E-1	1.99130E+0	8.57015E-6	1.00001E+0	-5.57752E-9
5.06593E-1	1.99346E+0	1.09293E-5	1.00005E+0	-3.53511E-9
5.07249E-1	1.99184E+0	1.01429E-5	9.99925E-1	-4.67708E-9
5.07904E-1	1.99346E+0	7.65270E-6	9.99946E-1	-3.36966E-9
5.08559E-1	1.99400E+0	7.25951E-6	1.00008E+0	-3.34732E-9
5.09215E-1	1.99292E+0	1.06672E-5	1.00002E+0	-2.10504E-9
5.09870E-1	1.99508E+0	1.09293E-5	9.99938E-1	-2.98695E-9
5.10525E-1	1.99535E+0	1.40748E-5	1.00000E+0	-1.51219E-9
5.11181E-1	1.99292E+0	8.17696E-6	1.00001E+0	-2.41121E-9
5.11836E-1	1.99346E+0	1.07982E-5	9.99982E-1	-1.87874E-9
5.12492E-1	1.99427E+0	7.12845E-6	1.00002E+0	-1.53168E-9
5.13147E-1	1.99400E+0	7.39058E-6	1.00005E+0	-1.77035E-9
5.13802E-1	1.99319E+0	1.28952E-5	9.99942E-1	-1.36196E-9
5.14458E-1	1.99238E+0	1.09293E-5	9.99973E-1	-1.12139E-9
5.15113E-1	1.99184E+0	8.83228E-6	1.00002E+0	-1.76892E-9
5.15768E-1	1.99238E+0	8.57015E-6	1.00006E+0	-1.35245E-9
5.16424E-1	1.99373E+0	1.05361E-5	9.99923E-1	-7.74812E-10
5.17079E-1	1.99427E+0	4.76931E-6	1.00010E+0	-9.76866E-10
5.17734E-1	1.99373E+0	1.55165E-5	9.99933E-1	-2.61356E-10
5.18390E-1	1.99346E+0	1.05361E-5	9.99944E-1	-6.20300E-10
5.19045E-1	1.99427E+0	8.43908E-6	1.00002E+0	-7.40581E-10
5.19700E-1	1.99346E+0	1.06672E-5	1.00004E+0	-1.18795E-9
5.20356E-1	1.99346E+0	9.68465E-7	9.99967E-1	-4.32983E-10
5.21011E-1	1.99346E+0	1.40748E-5	1.00003E+0	-2.14765E-10
5.21667E-1	1.99265E+0	1.52544E-5	1.00000E+0	-4.47721E-10
5.22322E-1	1.99346E+0	1.04050E-5	1.00001E+0	-3.99228E-10
5.22977E-1	1.99319E+0	1.40748E-5	9.99976E-1	-3.08898E-10
5.23633E-1	1.99373E+0	8.43908E-6	1.00001E+0	-5.04297E-10
5.24288E-1	1.99211E+0	6.47313E-6	1.00004E+0	-5.64491E-11
5.24943E-1	1.99346E+0	1.53855E-5	9.99935E-1	-1.09696E-10
5.25599E-1	1.99346E+0	3.98293E-6	1.00006E+0	-1.08003E-9
5.26254E-1	1.99319E+0	6.99739E-6	9.99984E-1	6.34814E-10
5.26909E-1	1.99373E+0	2.41667E-5	9.99986E-1	1.16681E-9
5.27565E-1	1.99238E+0	1.10604E-5	1.00004E+0	-5.10477E-10
5.28220E-1	1.99292E+0	8.96334E-6	9.99902E-1	1.15654E-10
5.28876E-1	1.99346E+0	1.01429E-5	1.00011E+0	-6.26005E-10
5.29531E-1	1.99346E+0	9.61866E-6	9.99995E-1	7.95216E-11
5.30186E-1	1.99157E+0	8.96334E-6	9.99902E-1	9.42888E-10
5.30842E-1	1.99319E+0	1.13225E-5	1.00004E+0	8.38004E-11
5.31497E-1	1.99265E+0	1.39438E-5	1.00005E+0	-1.44878E-10
5.32152E-1	1.99346E+0	1.00118E-5	9.99984E-1	2.70641E-10
5.32808E-1	1.99104E+0	1.06672E-5	9.99948E-1	5.32123E-10
5.33463E-1	1.99184E+0	2.54123E-6	1.00008E+0	-2.95111E-10
5.34118E-1	1.99292E+0	1.14535E-5	9.99944E-1	-4.18245E-10
5.34774E-1	1.99238E+0	3.06548E-6	1.00001E+0	-5.88262E-11
5.35429E-1	1.99211E+0	5.94888E-6	9.99961E-1	1.13638E-9
5.36084E-1	1.99265E+0	1.00118E-5	1.00003E+0	8.03114E-10
5.36740E-1	1.99481E+0	1.44680E-5	9.99942E-1	-6.93039E-10
5.37395E-1	1.99346E+0	8.57015E-6	1.00010E+0	-5.25691E-10
5.38051E-1	1.99211E+0	1.05361E-5	9.99900E-1	1.59517E-9
5.38706E-1	1.99481E+0	8.83228E-6	1.00001E+0	-1.52484E-10
5.39361E-1	-1.17296E-2	7.78377E-6	9.42095E-1	2.56958E-7
5.40017E-1	-5.25689E-3	2.24629E-5	1.00512E+0	8.98482E-8
5.40672E-1	-4.44780E-3	1.04050E-5	1.00015E+0	2.76820E-8
5.41327E-1	-6.33567E-3	9.22547E-6	1.00004E+0	2.04827E-8
5.41983E-1	-6.06598E-3	8.70121E-6	9.99961E-1	1.69936E-8
5.42638E-1	-5.52658E-3	8.96334E-6	9.99889E-1	1.32963E-8
5.43293E-1	-5.79628E-3	8.83228E-6	1.00020E+0	1.22731E-8
5.43949E-1	-6.06598E-3	8.83228E-6	9.99938E-1	1.14977E-8
5.44604E-1	-6.60537E-3	1.09293E-5	9.99973E-1	8.49829E-9
5.45260E-1	-6.60537E-3	7.65270E-6	9.99995E-1	1.06857E-8
5.45915E-1	-6.33567E-3	4.11399E-6	1.00008E+0	7.10816E-9
5.46570E-1	-6.87507E-3	8.17696E-6	9.99893E-1	8.49544E-9
5.47226E-1	-6.06598E-3	1.17157E-5	1.00005E+0	7.33018E-9
5.47881E-1	-6.06598E-3	9.22547E-6	9.99961E-1	7.03304E-9
5.48536E-1	-6.06598E-3	1.42059E-5	1.00005E+0	5.73752E-9
5.49192E-1	-4.98719E-3	8.70121E-6	9.99931E-1	6.87092E-9
5.49847E-1	-6.60537E-3	4.11399E-6	1.00011E+0	6.46254E-9
5.50502E-1	-4.98719E-3	1.18467E-5	1.00001E+0	5.04435E-9
5.51158E-1	-5.25689E-3	1.14535E-5	9.99868E-1	5.90439E-9
5.51813E-1	-5.79628E-3	1.05361E-5	1.00014E+0	5.20932E-9
5.52468E-1	-4.71749E-3	1.45991E-5	9.99904E-1	5.09665E-9
5.53124E-1	-6.87507E-3	6.21101E-6	1.00011E+0	5.06860E-9
5.53779E-1	-3.90841E-3	1.57786E-5	9.99912E-1	5.66858E-9
5.54435E-1	-6.87507E-3	7.78377E-6	1.00003E+0	3.58623E-9
5.55090E-1	-6.06598E-3	1.26331E-5	9.99971E-1	5.55876E-9
5.55745E-1	-6.06598E-3	1.21089E-5	1.00002E+0	3.26532E-9
5.56401E-1	-5.52658E-3	5.81781E-6	1.00001E+0	5.19316E-9
5.57056E-1	-5.52658E-3	7.65270E-6	9.99965E-1	4.20381E-9
5.57711E-1	-6.33567E-3	6.60420E-6	9.99992E-1	5.35385E-9
5.58367E-1	-6.60537E-3	8.83228E-6	9.99999E-1	3.61381E-9
5.59022E-1	-6.60537E-3	1.11914E-5	1.00005E+0	3.72268E-9
5.59677E-1	-4.71749E-3	1.11914E-5	9.99921E-1	4.50950E-9
5.60333E-1	-5.79628E-3	6.47313E-6	1.00010E+0	4.08685E-9
5.60988E-1	-6.06598E-3	7.78377E-6	1.00002E+0	3.28006E-9
5.61644E-1	-6.60537E-3	7.39058E-6	9.99965E-1	5.02581E-9
5.62299E-1	-5.79628E-3	9.22547E-6	9.99995E-1	2.77279E-9
5.62954E-1	-5.52658E-3	1.17157E-5	9.99959E-1	4.43058E-9
5.63610E-1	-7.14476E-3	8.96334E-6	9.99965E-1	3.42507E-9
5.64265E-1	-8.22355E-3	-2.70131E-6	1.00001E+0	4.06356E-9
5.64920E-1	-6.33567E-3	9.74972E-6	1.00006E+0	4.03551E-9
5.65576E-1	-4.98719E-3	9.74972E-6	9.99957E-1	3.83013E-9
5.66231E-1	-5.79628E-3	9.09440E-6	1.00001E+0	2.74711E-9
5.66886E-1	-7.68415E-3	1.26331E-5	9.99961E-1	3.90762E-9
5.67542E-1	-6.33567E-3	9.61866E-6	1.00004E+0	3.73932E-9
5.68197E-1	-5.25689E-3	1.17157E-5	1.00008E+0	2.86122E-9
5.68852E-1	-6.06598E-3	1.09293E-5	9.99938E-1	4.80949E-9
5.69508E-1	-6.60537E-3	8.57015E-6	1.00003E+0	3.25534E-9
5.70163E-1	-6.60537E-3	1.60408E-5	9.99969E-1	2.09674E-9
5.70819E-1	-6.33567E-3	9.48759E-6	9.99995E-1	4.48526E-9
5.71474E-1	-6.33567E-3	8.83228E-6	1.00003E+0	3.08276E-9
5.72129E-1	-4.17810E-3	1.28952E-5	1.00006E+0	3.29147E-9
5.72785E-1	-4.44780E-3	9.88078E-6	9.99893E-1	4.25848E-9
5.73440E-1	-5.79628E-3	1.02740E-5	1.00004E+0	3.56056E-9
5.74095E-1	-5.79628E-3	2.39046E-5	9.99997E-1	2.23318E-9
5.74751E-1	-6.33567E-3	1.49923E-5	1.00001E+0	4.22473E-9
5.75406E-1	-5.25689E-3	1.06672E-5	9.99990E-1	3.62950E-9
5.76061E-1	-5.52658E-3	7.12845E-6	1.00007E+0	2.37010E-9
5.76717E-1	-6.87507E-3	1.19778E-5	9.99997E-1	3.06897E-9
5.77372E-1	-6.60537E-3	1.26331E-5	9.99902E-1	3.32570E-9
5.78028E-1	-5.52658E-3	1.39438E-5	1.00004E+0	3.48354E-9
5.78683E-1	-5.79628E-3	1.32884E-5	1.00002E+0	3.74360E-9
5.79338E-1	-4.98719E-3	1.07982E-5	1.00006E+0	3.06993E-9
5.79994E-1	-5.25689E-3	3.32761E-6	9.99908E-1	3.74502E-9
5.80649E-1	-9.57203E-3	1.19778E-5	1.00002E+0	3.07848E-9
5.81304E-1	-5.52658E-3	1.49923E-5	9.99946E-1	3.37943E-9
5.81960E-1	-5.79628E-3	1.00118E-5	1.00007E+0	2.02685E-9
5.82615E-1	-5.79628E-3	7.91483E-6	9.99954E-1	4.20143E-9
5.83270E-1	-4.44780E-3	1.09293E-5	1.00003E+0	2.38342E-9
5.83926E-1	-6.33567E-3	1.07982E-5	1.00001E+0	4.02552E-9
5.84581E-1	-5.79628E-3	7.91483E-6	9.99976E-1	3.27341E-9
5.85236E-1	-5.52658E-3	1.06672E-5	9.99965E-1	2.65013E-9
5.85892E-1	-6.87507E-3	-3.09450E-6	1.00011E+0	2.84933E-9
5.86547E-1	-6.06598E-3	1.25021E-5	9.99935E-1	3.78924E-9
5.87203E-1	-6.06598E-3	7.12845E-6	1.00002E+0	3.62712E-9
5.87858E-1	-6.33567E-3	1.64340E-5	1.00006E+0	2.65298E-9
5.88513E-1	-4.98719E-3	8.17696E-6	9.99893E-1	3.25819E-9
5.89169E-1	-5.79628E-3	7.12845E-6	1.00008E+0	3.18831E-9
5.89824E-1	-4.17810E-3	6.21101E-6	9.99908E-1	2.99148E-9
5.90479E-1	-6.87507E-3	7.65270E-6	9.99971E-1	2.76851E-9
5.91135E-1	-4.98719E-3	2.27910E-6	1.00011E+0	2.29832E-9
5.91790E-1	-6.06598E-3	1.52544E-5	9.99986E-1	4.49809E-9
5.92445E-1	-6.60537E-3	1.38127E-5	9.99950E-1	1.98691E-9
5.93101E-1	-6.60537E-3	7.91483E-6	1.00002E+0	4.33930E-9
5.93756E-1	-6.60537E-3	1.77446E-5	9.99997E-1	1.77820E-9
5.94412E-1	-6.60537E-3	8.04589E-6	1.00001E+0	2.72192E-9
5.95067E-1	-6.06598E-3	6.99739E-6	9.99969E-1	3.65945E-9
5.95722E-1	-6.87507E-3	1.01429E-5	9.99971E-1	3.05566E-9
5.96378E-1	-5.25689E-3	1.40748E-5	9.99986E-1	2.46376E-9
5.97033E-1	-4.71749E-3	8.70121E-6	9.99992E-1	4.12917E-9
5.97688E-1	-6.87507E-3	9.35653E-6	1.00009E+0	3.13221E-9
5.98344E-1	-6.06598E-3	9.88078E-6	9.99957E-1	3.29813E-9
5.98999E-1	-5.25689E-3	1.27642E-5	1.00007E+0	1.99928E-9
5.99654E-1	1.99616E+0	6.60420E-6	1.05267E+0	-3.19268E-7
6.00310E-1	1.99400E+0	5.94888E-6	9.99802E-1	-3.44756E-8
6.00965E-1	1.99400E+0	2.06280E-5	9.99874E-1	-1.93534E-8
6.01620E-1	1.99589E+0	4.90037E-6	1.00003E+0	-1.49842E-8
6.02276E-1	1.99292E+0	1.00118E-5	9.99931E-1	-1.23841E-8
6.02931E-1	1.99346E+0	9.61866E-6	1.00005E+0	-1.04634E-8
6.03587E-1	1.99292E+0	1.19778E-5	9.99967E-1	-6.83169E-9
6.04242E-1	1.99346E+0	8.43908E-6	9.99997E-1	-8.82133E-9
6.04897E-1	1.99292E+0	6.21101E-6	1.00004E+0	-5.53521E-9
6.05553E-1	1.99481E+0	8.96334E-6	9.99944E-1	-5.50669E-9
6.06208E-1	1.99238E+0	1.15846E-5	9.99999E-1	-3.87409E-9
6.06863E-1	1.99373E+0	1.22399E-5	9.99990E-1	-4.36282E-9
6.07519E-1	1.98969E+0	1.52544E-5	1.00005E+0	-3.51657E-9
6.08174E-1	1.99211E+0	9.88078E-6	9.99959E-1	-4.39515E-9
6.08829E-1	1.99454E+0	8.43908E-6	1.00003E+0	-1.86971E-9
6.09485E-1	1.99346E+0	2.04969E-5	9.99906E-1	-3.64398E-9
6.10140E-1	1.99346E+0	3.06548E-6	1.00007E+0	-1.70569E-9
6.10796E-1	1.99373E+0	1.25021E-5	9.99927E-1	-2.66034E-9
6.11451E-1	1.99319E+0	1.28952E-5	1.00004E+0	-2.03040E-9
6.12106E-1	1.99508E+0	1.18467E-5	9.99969E-1	-2.82340E-9
6.12762E-1	1.99319E+0	1.19778E-5	1.00009E+0	-3.95425E-10
6.13417E-1	1.99238E+0	-6.04297E-7	9.99973E-1	-1.40998E-9
6.14072E-1	1.99265E+0	8.96334E-6	1.00008E+0	-2.08222E-9
6.14728E-1	1.99265E+0	8.17696E-6	9.99923E-1	-5.47085E-10
6.15383E-1	1.99373E+0	8.57015E-6	1.00005E+0	-1.63295E-9
6.16038E-1	1.99346E+0	1.06672E-5	9.99919E-1	-9.63845E-11
6.16694E-1	1.99454E+0	6.21101E-6	9.99946E-1	-1.94910E-9
6.17349E-1	1.99346E+0	9.48759E-6	1.00002E+0	-7.31548E-10
6.18004E-1	1.99130E+0	8.70121E-6	1.00002E+0	-1.03201E-9
6.18660E-1	1.99373E+0	8.83228E-6	9.99995E-1	1.10609E-11
6.19315E-1	1.99535E+0	1.02740E-5	1.00004E+0	-1.53911E-10
6.19971E-1	1.99157E+0	9.22547E-6	1.00007E+0	-8.03812E-10
6.20626E-1	1.99292E+0	8.30802E-6	9.99914E-1	-6.75448E-10
6.21281E-1	1.99346E+0	8.83228E-6	9.99997E-1	-7.02548E-10
6.21937E-1	1.99292E+0	1.65650E-5	1.00004E+0	-8.95093E-10
6.22592E-1	1.99184E+0	1.60408E-5	1.00003E+0	2.72068E-10
6.23247E-1	1.99373E+0	8.96334E-6	9.99908E-1	4.28481E-10
6.23903E-1	1.99427E+0	8.43908E-6	1.00005E+0	-1.28019E-9
6.24558E-1	1.99265E+0	6.21101E-6	9.99952E-1	8.77280E-10
6.25213E-1	1.99238E+0	1.39438E-5	9.99971E-1	-5.22363E-10
6.25869E-1	1.99346E+0	9.48759E-6	1.00009E+0	-8.92241E-10
6.26524E-1	1.99238E+0	1.05361E-5	9.99969E-1	1.02342E-10
6.27180E-1	1.99319E+0	1.09293E-5	1.00000E+0	3.19610E-10
6.27835E-1	1.99265E+0	1.09293E-5	1.00005E+0	-2.30454E-10
6.28490E-1	1.99319E+0	1.60408E-5	9.99931E-1	8.78230E-10
6.29146E-1	1.99319E+0	1.18467E-5	9.99978E-1	-6.63087E-10
6.29801E-1	1.99292E+0	1.43369E-5	1.00007E+0	-5.00969E-10
6.30456E-1	1.99265E+0	1.27642E-5	9.99954E-1	1.19724E-9
6.31112E-1	1.99184E+0	1.31574E-5	1.00006E+0	-7.13958E-10
6.31767E-1	1.99238E+0	8.17696E-6	9.99895E-1	5.05024E-10
6.32422E-1	1.99292E+0	7.78377E-6	1.00004E+0	-2.14765E-10
6.33078E-1	1.99238E+0	6.60420E-6	1.00006E+0	2.13591E-10
6.33733E-1	1.99211E+0	6.86632E-6	1.00004E+0	5.39730E-10
6.34388E-1	1.99292E+0	2.03659E-5	9.99897E-1	-3.52637E-10
6.35044E-1	1.99292E+0	7.65270E-6	9.99984E-1	8.19754E-10
6.35699E-1	1.99157E+0	6.86632E-6	1.00001E+0	1.36572E-10
6.36355E-1	1.99373E+0	3.58973E-6	1.00004E+0	2.81760E-11
6.37010E-1	1.99373E+0	2.93442E-6	9.99910E-1	4.94565E-10
6.37665E-1	1.99184E+0	7.65270E-6	1.00009E+0	2.34034E-10
6.38321E-1	1.99265E+0	9.61866E-6	9.99976E-1	-5.02686E-11
6.38976E-1	1.99265E+0	1.88591E-6	9.99984E-1	1.30849E-9
6.39631E-1	-7.14476E-3	1.04050E-5	9.46758E-1	3.21886E-7
6.40287E-1	-6.06598E-3	1.78757E-5	1.00034E+0	3.79136E-8
6.40942E-1	-6.33567E-3	-2.70131E-6	9.99895E-1	2.36795E-8
6.41597E-1	-7.14476E-3	1.07982E-5	1.00009E+0	1.78284E-8
6.42253E-1	-7.41446E-3	9.48759E-6	1.00003E+0	1.63313E-8
6.42908E-1	-7.14476E-3	1.02740E-5	1.00005E+0	1.23687E-8
6.43564E-1	-6.60537E-3	1.14535E-5	9.99965E-1	1.16936E-8
6.44219E-1	-5.52658E-3	9.22547E-6	9.99940E-1	1.02022E-8
6.44874E-1	-6.87507E-3	1.18467E-5	1.00004E+0	9.99682E-9
6.45530E-1	-5.79628E-3	8.43908E-6	9.99982E-1	8.95042E-9
6.46185E-1	-6.06598E-3	1.15846E-5	1.00009E+0	7.35443E-9
6.46840E-1	-5.52658E-3	1.10604E-5	9.99997E-1	8.71128E-9
6.47496E-1	-6.87507E-3	4.37612E-6	1.00000E+0	5.75796E-9
6.48151E-1	-7.14476E-3	1.05361E-5	9.99940E-1	8.59861E-9
6.48806E-1	-6.60537E-3	9.61866E-6	1.00004E+0	6.10597E-9
6.49462E-1	-7.68415E-3	2.25939E-5	9.99921E-1	5.22216E-9
6.50117E-1	-6.87507E-3	2.36425E-5	1.00001E+0	6.55715E-9
6.50772E-1	-8.76294E-3	5.81781E-6	9.99990E-1	5.81596E-9
6.51428E-1	-6.60537E-3	9.09440E-6	1.00005E+0	5.34482E-9
6.52083E-1	-6.33567E-3	2.27910E-6	1.00002E+0	5.24736E-9
6.52739E-1	-6.06598E-3	1.09293E-5	9.99997E-1	4.25943E-9
6.53394E-1	-5.52658E-3	1.80067E-5	9.99963E-1	5.96097E-9
6.54049E-1	-6.87507E-3	8.70121E-6	1.00006E+0	3.23490E-9
6.54705E-1	-5.25689E-3	1.51233E-5	1.00002E+0	5.94575E-9
6.55360E-1	-5.52658E-3	8.57015E-6	9.99957E-1	4.26799E-9
6.56015E-1	-6.33567E-3	5.55569E-6	9.99995E-1	5.17082E-9
6.56671E-1	-6.60537E-3	7.52164E-6	9.99957E-1	4.51378E-9
6.57326E-1	-5.52658E-3	8.83228E-6	1.00009E+0	2.76851E-9
6.57981E-1	-5.79628E-3	1.60408E-5	9.99978E-1	5.81216E-9
6.58637E-1	-5.79628E-3	6.73526E-6	1.00001E+0	4.54041E-9
6.59292E-1	-5.52658E-3	8.96334E-6	1.00003E+0	3.46405E-9
6.59948E-1	-4.17810E-3	5.42462E-6	1.00001E+0	4.10539E-9
6.60603E-1	-7.41446E-3	1.19778E-5	9.99876E-1	3.47546E-9
6.61258E-1	-5.25689E-3	7.65270E-6	1.00011E+0	3.79399E-9
6.61914E-1	-5.25689E-3	6.99739E-6	9.99963E-1	4.42963E-9
6.62569E-1	-5.52658E-3	3.58973E-6	9.99988E-1	3.16691E-9
6.63224E-1	-5.52658E-3	8.30802E-6	9.99980E-1	5.09332E-9
6.63880E-1	-7.14476E-3	1.23710E-5	1.00009E+0	3.02761E-9
6.64535E-1	-5.79628E-3	9.74972E-6	9.99931E-1	4.10492E-9
6.65190E-1	-5.52658E-3	8.57015E-6	1.00002E+0	3.70889E-9
6.65846E-1	-4.98719E-3	1.01429E-5	1.00005E+0	3.16596E-9
6.66501E-1	-5.79628E-3	8.30802E-6	9.99944E-1	3.65327E-9
6.67156E-1	-4.44780E-3	1.02740E-5	9.99973E-1	3.97703E-9
6.67812E-1	-3.90841E-3	1.04050E-5	1.00010E+0	2.72620E-9
6.68467E-1	-5.25689E-3	1.06672E-5	9.99950E-1	3.55153E-9
6.69123E-1	-6.60537E-3	7.91483E-6	9.99950E-1	4.55277E-9
6.69778E-1	-6.33567E-3	1.06672E-5	9.99997E-1	3.05329E-9
6.70433E-1	-5.25689E-3	5.75274E-7	9.99950E-1	3.04045E-9
6.71089E-1	-6.06598E-3	1.18467E-5	1.00014E+0	3.93757E-9
6.71744E-1	-5.25689E-3	8.04589E-6	9.99866E-1	2.77374E-9
6.72399E-1	-4.71749E-3	6.99739E-6	1.00007E+0	4.38827E-9
6.73055E-1	-6.06598E-3	9.88078E-6	1.00002E+0	3.26009E-9
6.73710E-1	-6.33567E-3	1.17157E-5	9.99988E-1	2.67437E-9
6.74365E-1	-6.33567E-3	8.04589E-6	9.99988E-1	4.28748E-9
6.75021E-1	-6.33567E-3	1.10604E-5	1.00005E+0	2.51891E-9
6.75676E-1	-5.79628E-3	5.29356E-6	1.00001E+0	4.16007E-9
6.76332E-1	-2.82962E-3	2.14804E-6	9.99990E-1	2.62303E-9
6.76987E-1	-5.25689E-3	1.04050E-5	9.99946E-1	4.33883E-9
6.77642E-1	-4.98719E-3	8.30802E-6	9.99965E-1	1.47203E-9
6.78298E-1	-5.79628E-3	7.52164E-6	1.00006E+0	4.68874E-9
6.78953E-1	-5.52658E-3	1.04050E-5	1.00009E+0	2.41527E-9
6.79608E-1	-6.06598E-3	1.04050E-5	9.99916E-1	3.30906E-9
6.80264E-1	-5.25689E-3	5.68675E-6	1.00002E+0	3.15027E-9
6.80919E-1	-5.52658E-3	1.01429E-5	9.99990E-1	2.92112E-9
6.81574E-1	-6.33567E-3	1.10604E-5	9.99980E-1	3.45264E-9
6.82230E-1	-3.36901E-3	7.39058E-6	1.00003E+0	3.19829E-9
6.82885E-1	-6.33567E-3	1.23710E-5	9.99965E-1	3.07848E-9
6.83540E-1	-5.25689E-3	8.83228E-6	1.00003E+0	3.70034E-9
6.84196E-1	-5.25689E-3	7.39058E-6	1.00002E+0	2.85931E-9
6.84851E-1	-6.60537E-3	2.06280E-5	1.00001E+0	3.08466E-9
6.85507E-1	-7.14476E-3	9.22547E-6	9.99859E-1	3.06470E-9
6.86162E-1	-6.33567E-3	8.04589E-6	1.00012E+0	3.79162E-9
6.86817E-1	-4.98719E-3	9.61866E-6	9.99927E-1	3.75358E-9
6.87473E-1	-6.06598E-3	1.04050E-5	1.00003E+0	2.90068E-9
6.88128E-1	-6.87507E-3	1.38127E-5	1.00001E+0	3.32047E-9
6.88783E-1	-5.52658E-3	1.11914E-5	9.99980E-1	2.84505E-9
6.89439E-1	-6.33567E-3	1.01429E-5	1.00006E+0	3.33569E-9
6.90094E-1	-6.06598E-3	9.88078E-6	9.99984E-1	3.21350E-9
6.90749E-1	-3.36901E-3	1.10604E-5	9.99919E-1	2.53983E-9
6.91405E-1	-7.14476E-3	4.76931E-6	1.00000E+0	3.17880E-9
6.92060E-1	-6.33567E-3	1.11914E-5	9.99976E-1	2.94822E-9
6.92716E-1	-6.06598E-3	9.48759E-6	1.00013E+0	2.83982E-9
6.93371E-1	-6.06598E-3	7.52164E-6	1.00002E+0	3.27055E-9
6.94026E-1	-4.98719E-3	6.99739E-6	9.99883E-1	2.33587E-9
6.94682E-1	-5.25689E-3	8.70121E-6	9.99988E-1	4.20381E-9
6.95337E-1	-6.06598E-3	1.17157E-5	1.00007E+0	3.10130E-9
6.95992E-1	-5.25689E-3	1.56476E-5	9.99973E-1	1.72306E-9
6.96648E-1	-6.60537E-3	-4.73234E-7	9.99980E-1	4.18669E-9
6.97303E-1	-7.14476E-3	1.09953E-6	1.00005E+0	3.06755E-9
6.97958E-1	-5.79628E-3	1.48612E-5	1.00002E+0	3.35993E-9
6.98614E-1	-7.14476E-3	7.12845E-6	9.99995E-1	2.55980E-9
6.99269E-1	-6.06598E-3	1.02740E-5	1.05507E+0	-1.89790E-7
6.99924E-1	1.99427E+0	6.21101E-6	9.97195E-1	-1.47855E-7
7.00580E-1	1.99373E+0	3.19654E-6	9.99984E-1	-2.54944E-8
7.01235E-1	1.99319E+0	8.70121E-6	9.99836E-1	-1.73647E-8
7.01891E-1	1.99346E+0	1.14535E-5	1.00006E+0	-1.33816E-8
7.02546E-1	1.99454E+0	8.57015E-6	9.99938E-1	-1.03674E-8
7.03201E-1	1.99427E+0	1.00118E-5	1.00008E+0	-8.82893E-9
7.03857E-1	1.99184E+0	9.22547E-6	9.99910E-1	-7.42169E-9
7.04512E-1	1.99724E+0	1.17157E-5	9.99997E-1	-7.22011E-9
7.05167E-1	1.99265E+0	1.26331E-5	1.00001E+0	-5.47626E-9
7.05823E-1	1.99292E+0	1.40748E-5	9.99988E-1	-5.45154E-9
7.06478E-1	1.99265E+0	9.74972E-6	1.00008E+0	-4.21401E-9
7.07133E-1	1.99319E+0	1.25021E-5	9.99887E-1	-4.99180E-9
7.07789E-1	1.99265E+0	-4.66727E-6	1.00011E+0	-2.87808E-9
7.08444E-1	1.99292E+0	8.43908E-6	9.99908E-1	-3.85364E-9
7.09100E-1	1.99481E+0	1.32884E-5	1.00003E+0	-2.11835E-9
7.09755E-1	1.99346E+0	7.91483E-6	1.00003E+0	-3.17664E-9
7.10410E-1	1.99130E+0	7.65270E-6	1.00002E+0	-2.29854E-9
7.11066E-1	1.99211E+0	7.91483E-6	9.99859E-1	-1.82407E-9
7.11721E-1	1.99373E+0	1.89242E-5	1.00001E+0	-2.30947E-9
7.12376E-1	1.99211E+0	9.09440E-6	1.00007E+0	-1.77605E-9
7.13032E-1	1.99373E+0	6.07994E-6	1.00007E+0	-1.73754E-9
7.13687E-1	1.99265E+0	1.14535E-5	9.99967E-1	-1.31442E-9
7.14342E-1	1.99238E+0	1.31574E-5	9.99982E-1	-1.03867E-9
7.14998E-1	1.99346E+0	-4.66727E-6	9.99990E-1	-1.31442E-9
7.15653E-1	1.99292E+0	8.30802E-6	9.99952E-1	-6.59284E-10
7.16308E-1	1.99292E+0	1.34195E-5	1.00001E+0	-1.18415E-9
7.16964E-1	1.99346E+0	8.17696E-6	9.99984E-1	-1.03582E-9
7.17619E-1	1.99346E+0	2.27910E-6	9.99984E-1	-7.61024E-10
7.18275E-1	1.99427E+0	9.74972E-6	1.00008E+0	-7.05875E-10
7.18930E-1	1.99400E+0	6.34207E-6	1.00003E+0	-1.55213E-9
7.19585E-1	1.99319E+0	1.18467E-5	9.99908E-1	-1.38222E-10
7.20241E-1	1.99265E+0	8.57015E-6	1.00010E+0	-6.77826E-10
7.20896E-1	1.99373E+0	8.43908E-6	9.99912E-1	-6.59284E-10
7.21551E-1	1.99265E+0	1.61718E-5	1.00011E+0	-4.49623E-10
7.22207E-1	1.99211E+0	1.02740E-5	9.99878E-1	-1.47255E-10
7.22862E-1	1.99535E+0	1.30263E-5	1.00007E+0	-7.06826E-10
7.23517E-1	1.99157E+0	1.11914E-5	9.99961E-1	-2.74192E-10
7.24173E-1	1.99319E+0	1.09293E-5	1.00001E+0	7.18489E-10
7.24828E-1	1.99319E+0	1.72203E-5	1.00003E+0	-1.21648E-9
7.25484E-1	1.99346E+0	9.74972E-6	9.99948E-1	2.12640E-10
7.26139E-1	1.99104E+0	6.99739E-6	1.00001E+0	7.82195E-10
7.26794E-1	1.99077E+0	2.45599E-5	9.99986E-1	-5.32822E-10
7.27450E-1	1.99346E+0	1.09293E-5	1.00007E+0	-7.95255E-10
7.28105E-1	1.99238E+0	1.01429E-5	9.99919E-1	2.45919E-10
7.28760E-1	1.99211E+0	8.96334E-6	1.00002E+0	8.65870E-10
7.29416E-1	1.99265E+0	1.00118E-5	9.99999E-1	1.77459E-10
7.30071E-1	1.99319E+0	1.01429E-5	9.99995E-1	-6.36464E-10
7.30726E-1	1.99346E+0	1.14535E-5	9.99984E-1	2.42591E-10
7.31382E-1	1.99319E+0	5.42462E-6	9.99978E-1	-1.00587E-9
7.32037E-1	1.99346E+0	1.31574E-5	1.00004E+0	1.58804E-9
7.32692E-1	1.99238E+0	1.18467E-5	9.99978E-1	-8.36141E-10
7.33348E-1	1.99319E+0	6.60420E-6	9.99973E-1	6.44798E-10
7.34003E-1	1.99373E+0	1.26331E-5	1.00003E+0	-3.02718E-10
7.34659E-1	1.99346E+0	1.10604E-5	1.00003E+0	-1.82436E-10
7.35314E-1	1.99454E+0	4.44211E-7	9.99967E-1	5.84895E-10
7.35969E-1	1.99292E+0	8.83228E-6	1.00005E+0	1.11642E-9
7.36625E-1	1.99211E+0	9.61866E-6	9.99992E-1	3.19610E-10
7.37280E-1	1.99292E+0	1.01429E-5	9.99976E-1	-1.10475E-9
7.37935E-1	1.99238E+0	1.31574E-5	9.99999E-1	1.08266E-9
7.38591E-1	1.99238E+0	2.01037E-5	1.00006E+0	5.67014E-11
7.39246E-1	1.99211E+0	1.07982E-5	9.46703E-1	1.76322E-7
7.39901E-1	-8.49324E-3	1.00118E-5	1.00065E+0	1.66515E-7
7.40557E-1	-6.06598E-3	9.35653E-6	1.00024E+0	2.96303E-8
7.41212E-1	-6.06598E-3	9.74972E-6	9.99931E-1	2.06653E-8
7.41868E-1	-6.33567E-3	6.07994E-6	9.99992E-1	1.71824E-8
7.42523E-1	-6.87507E-3	8.57015E-6	1.00002E+0	1.36267E-8
7.43178E-1	-4.71749E-3	1.91863E-5	1.00004E+0	1.21519E-8
7.43834E-1	-6.87507E-3	1.22399E-5	1.00009E+0	1.18757E-8
7.44489E-1	-5.25689E-3	6.73526E-6	9.99931E-1	8.85676E-9
7.45144E-1	-6.06598E-3	1.14535E-5	9.99904E-1	1.01561E-8
7.45800E-1	-7.68415E-3	7.52164E-6	1.00008E+0	8.63331E-9
7.46455E-1	-5.52658E-3	1.35506E-5	1.00003E+0	7.13621E-9
7.47110E-1	-6.06598E-3	1.18467E-5	9.99969E-1	8.08610E-9
7.47766E-1	-7.41446E-3	1.38127E-5	9.99984E-1	6.98645E-9
7.48421E-1	-4.71749E-3	9.22547E-6	9.99995E-1	6.83764E-9
7.49076E-1	-5.79628E-3	1.22399E-5	1.00001E+0	5.68284E-9
7.49732E-1	-4.98719E-3	1.09953E-6	1.00003E+0	6.34035E-9
7.50387E-1	-6.06598E-3	9.09440E-6	1.00004E+0	5.96810E-9
7.51043E-1	-6.87507E-3	8.57015E-6	9.99982E-1	4.27037E-9
7.51698E-1	-4.71749E-3	6.60420E-6	1.00001E+0	5.70234E-9
7.52353E-1	-6.06598E-3	1.19778E-5	9.99942E-1	4.72059E-9
7.53009E-1	-6.60537E-3	1.13225E-5	1.00000E+0	5.75131E-9
7.53664E-1	-4.44780E-3	-6.04297E-7	9.99990E-1	4.98302E-9
7.54319E-1	-7.14476E-3	1.07982E-5	1.00008E+0	4.61600E-9
7.54975E-1	-5.52658E-3	1.05361E-5	9.99969E-1	4.31601E-9
7.55630E-1	-5.79628E-3	4.37612E-6	1.00009E+0	4.89745E-9
7.56285E-1	-5.25689E-3	1.02740E-5	9.99895E-1	4.06879E-9
7.56941E-1	-6.06598E-3	7.39058E-6	1.00001E+0	4.35927E-9
7.57596E-1	-5.79628E-3	8.70121E-6	1.00002E+0	5.44941E-9
7.58252E-1	-5.79628E-3	7.52164E-6	9.99984E-1	3.75453E-9
7.58907E-1	-6.87507E-3	5.81781E-6	1.00005E+0	4.41775E-9
7.59562E-1	-8.22355E-3	1.76135E-5	9.99946E-1	3.06945E-9
7.60218E-1	-6.06598E-3	1.69582E-5	1.00007E+0	3.78924E-9
7.60873E-1	-7.14476E-3	1.56476E-5	9.99986E-1	4.03979E-9
7.61528E-1	-4.71749E-3	1.83999E-5	9.99990E-1	4.48573E-9
7.62184E-1	-6.87507E-3	1.06672E-5	1.00003E+0	3.94137E-9
7.62839E-1	-5.79628E-3	7.52164E-6	9.99929E-1	3.24583E-9
7.63494E-1	-5.79628E-3	1.30263E-5	9.99948E-1	4.21759E-9
7.64150E-1	-4.44780E-3	7.91483E-6	1.00005E+0	3.32903E-9
7.64805E-1	-6.33567E-3	2.54123E-6	9.99980E-1	4.50190E-9
7.65460E-1	-7.68415E-3	1.22399E-5	1.00004E+0	3.83868E-9
7.66116E-1	-5.79628E-3	6.47313E-6	9.99986E-1	3.84772E-9
7.66771E-1	-6.06598E-3	8.43908E-6	9.99938E-1	3.29955E-9
7.67427E-1	-4.98719E-3	1.17157E-5	1.00007E+0	3.70794E-9
7.68082E-1	-6.06598E-3	1.02740E-5	1.00002E+0	2.55076E-9
7.68737E-1	-6.87507E-3	1.22399E-5	9.99995E-1	4.25230E-9
7.69393E-1	-5.79628E-3	1.01429E-5	1.00005E+0	3.35518E-9
7.70048E-1	-7.14476E-3	2.75744E-5	9.99967E-1	3.53536E-9
7.70703E-1	-5.79628E-3	1.25021E-5	9.99950E-1	3.87054E-9
7.71359E-1	-6.06598E-3	8.43908E-6	9.99969E-1	1.97741E-9
7.72014E-1	-5.52658E-3	1.06672E-5	1.00003E+0	4.59936E-9
7.72669E-1	-7.95385E-3	-4.73234E-7	1.00000E+0	3.33664E-9
7.73325E-1	-5.79628E-3	1.02740E-5	1.00000E+0	2.43809E-9
7.73980E-1	-7.14476E-3	1.14535E-5	1.00001E+0	3.84486E-9
7.74636E-1	-5.25689E-3	4.50718E-6	9.99942E-1	3.16596E-9
7.75291E-1	-6.06598E-3	1.14535E-5	1.00003E+0	3.31001E-9
7.75946E-1	-6.60537E-3	7.78377E-6	1.00007E+0	3.70461E-9
7.76602E-1	-4.71749E-3	6.86632E-6	9.99965E-1	2.68816E-9
7.77257E-1	-6.33567E-3	1.62378E-6	9.99990E-1	3.91998E-9
7.77912E-1	-5.79628E-3	1.11914E-5	9.99946E-1	2.94014E-9
7.78568E-1	-5.52658E-3	7.78377E-6	1.00004E+0	3.79447E-9
7.79223E-1	-6.60537E-3	9.88078E-6	9.99967E-1	2.43524E-9
7.79878E-1	-6.33567E-3	5.94888E-6	1.00006E+0	2.94394E-9
7.80534E-1	-2.55992E-3	1.09293E-5	1.00001E+0	3.08324E-9
7.81189E-1	-4.98719E-3	1.09293E-5	9.99946E-1	3.52538E-9
7.81844E-1	-5.52658E-3	9.22547E-6	1.00004E+0	4.04739E-9
7.82500E-1	-5.79628E-3	8.30802E-6	9.99988E-1	3.16073E-9
7.83155E-1	-6.06598E-3	8.70121E-6	9.99995E-1	3.45216E-9
7.83811E-1	-6.33567E-3	8.96334E-6	9.99978E-1	2.75662E-9
7.84466E-1	-6.33567E-3	8.83228E-6	9.99952E-1	2.06964E-9
7.85121E-1	-5.79628E-3	9.48759E-6	1.00011E+0	4.36545E-9
7.85777E-1	-5.79628E-3	6.07994E-6	9.99957E-1	2.44807E-9
7.86432E-1	-7.68415E-3	1.06672E-5	9.99976E-1	2.52319E-9
7.87087E-1	-6.33567E-3	1.14535E-5	1.00008E+0	4.08448E-9
7.87743E-1	-6.06598E-3	1.01429E-5	9.99921E-1	1.94318E-9
7.88398E-1	-4.98719E-3	1.02740E-5	9.99986E-1	4.25230E-9
7.89053E-1	-4.98719E-3	8.83228E-6	1.00004E+0	3.03997E-9
7.89709E-1	-6.60537E-3	1.23710E-5	9.99976E-1	3.27578E-9
7.90364E-1	-6.60537E-3	1.07982E-5	1.00002E+0	2.03446E-9
7.91020E-1	-6.87507E-3	1.25021E-5	1.00000E+0	3.83583E-9
7.91675E-1	-4.71749E-3	8.96334E-6	9.99995E-1	2.67960E-9
7.92330E-1	-6.06598E-3	1.80067E-5	1.00000E+0	3.83345E-9
7.92986E-1	-5.79628E-3	5.55569E-6	1.00004E+0	3.08847E-9
7.93641E-1	-7.41446E-3	9.61866E-6	1.00002E+0	2.28595E-9
7.94296E-1	-5.25689E-3	9.74972E-6	1.00002E+0	3.42934E-9
7.94952E-1	-5.79628E-3	3.19654E-6	9.99952E-1	2.56122E-9
7.95607E-1	-4.71749E-3	1.05361E-5	9.99965E-1	3.65422E-9
7.96262E-1	-5.79628E-3	8.30802E-6	1.00006E+0	2.08770E-9
7.96918E-1	-8.76294E-3	1.10604E-5	9.99980E-1	4.51616E-9
7.97573E-1	-5.52658E-3	5.42462E-6	9.99921E-1	2.04492E-9
7.98228E-1	-4.98719E-3	8.70121E-6	1.00005E+0	3.12507E-9
7.98884E-1	-6.60537E-3	7.78377E-6	1.00011E+0	2.58785E-9
7.99539E-1	1.99427E+0	1.09293E-5	1.05211E+0	-3.14385E-7
8.00195E-1	1.99481E+0	9.22547E-6	9.99728E-1	-3.73400E-8
8.00850E-1	1.99481E+0	7.65270E-6	9.99938E-1	-2.13340E-8
8.01505E-1	1.99265E+0	1.01429E-5	9.99902E-1	-1.48473E-8
8.02161E-1	1.99238E+0	8.43908E-6	1.00006E+0	-1.27079E-8
8.02816E-1	1.99589E+0	1.99727E-5	9.99954E-1	-8.32974E-9
8.03471E-1	1.99265E+0	7.91483E-6	1.00001E+0	-9.73937E-9
8.04127E-1	1.99292E+0	6.47313E-6	9.99925E-1	-6.69429E-9
8.04782E-1	1.99319E+0	9.09440E-6	1.00011E+0	-6.64770E-9
8.05437E-1	1.99346E+0	1.49272E-6	9.99969E-1	-4.42558E-9
8.06093E-1	1.99427E+0	9.09440E-6	9.99938E-1	-6.02252E-9
8.06748E-1	1.99427E+0	1.30263E-5	1.00009E+0	-3.40675E-9
8.07404E-1	1.99130E+0	1.31574E-5	9.99967E-1	-4.77977E-9
8.08059E-1	1.99211E+0	1.05361E-5	9.99997E-1	-3.54605E-9
8.08714E-1	1.99292E+0	7.65270E-6	1.00002E+0	-2.82055E-9
8.09370E-1	1.99265E+0	9.09440E-6	9.99938E-1	-2.76588E-9
8.10025E-1	1.99319E+0	1.28952E-5	9.99965E-1	-2.14498E-9
8.10680E-1	1.99265E+0	8.70121E-6	9.99988E-1	-1.84927E-9
8.11336E-1	1.99292E+0	7.52164E-6	9.99969E-1	-2.28808E-9
8.11991E-1	1.99481E+0	1.39438E-5	1.00006E+0	-2.16304E-9
8.12646E-1	1.99319E+0	8.57015E-6	9.99982E-1	-1.62392E-9
8.13302E-1	1.99238E+0	-2.96344E-6	1.00002E+0	-1.74467E-9
8.13957E-1	1.99238E+0	9.88078E-6	1.00002E+0	-1.42662E-9
8.14612E-1	1.99400E+0	1.05361E-5	9.99982E-1	-1.50506E-9
8.15268E-1	1.99292E+0	8.83228E-6	9.99973E-1	6.28818E-11
8.15923E-1	1.99238E+0	3.72080E-6	1.00001E+0	-2.16067E-9
8.16579E-1	1.99292E+0	1.06672E-5	1.00000E+0	-7.34401E-10
8.17234E-1	1.99346E+0	1.39438E-5	9.99999E-1	-2.29503E-10
8.17889E-1	1.99050E+0	1.45991E-5	9.99982E-1	-5.89872E-10
8.18545E-1	1.99292E+0	1.42059E-5	9.99944E-1	-5.15231E-10
8.19200E-1	1.99292E+0	8.30802E-6	1.00012E+0	-4.59607E-10
8.19855E-1	1.99238E+0	-3.48769E-6	9.99925E-1	-1.26687E-9
8.20511E-1	1.99508E+0	7.91483E-6	1.00000E+0	-2.24748E-10
8.21166E-1	1.99319E+0	1.01429E-5	1.00005E+0	-3.15079E-10
8.21821E-1	1.99373E+0	6.60420E-6	9.99957E-1	-6.12693E-10
8.22477E-1	1.99373E+0	9.48759E-6	9.99973E-1	-6.31710E-10
8.23132E-1	1.99373E+0	5.81781E-6	1.00009E+0	-4.10163E-10
8.23788E-1	1.99211E+0	1.22399E-5	9.99986E-1	5.64927E-10
8.24443E-1	1.99346E+0	1.21089E-5	9.99950E-1	-5.13805E-10
8.25098E-1	1.99373E+0	8.57015E-6	1.00002E+0	-3.60244E-10
8.25754E-1	1.99184E+0	9.88078E-6	9.99997E-1	-6.64989E-10
8.26409E-1	1.99346E+0	2.67229E-6	1.00004E+0	1.04748E-9
8.27064E-1	1.99454E+0	2.41667E-5	9.99963E-1	-1.18795E-9
8.27720E-1	1.99238E+0	1.05361E-5	9.99967E-1	5.45435E-10
8.28375E-1	1.99319E+0	1.63029E-5	9.99997E-1	4.41318E-10
8.29030E-1	1.99319E+0	1.28952E-5	1.00007E+0	-9.14110E-10
8.29686E-1	1.99184E+0	1.17157E-5	9.99967E-1	8.53984E-10
8.30341E-1	1.99292E+0	1.21089E-5	9.99982E-1	-2.22847E-10
8.30996E-1	1.99211E+0	1.40748E-5	1.00007E+0	2.97868E-12
8.31652E-1	1.99104E+0	1.19778E-5	9.99921E-1	-1.48681E-10
8.32307E-1	1.99346E+0	1.15846E-5	1.00005E+0	-6.98269E-10
8.32963E-1	1.99265E+0	1.53855E-5	1.00002E+0	3.69054E-10
8.33618E-1	1.99427E+0	-5.97790E-6	9.99992E-1	7.13259E-10
8.34273E-1	1.99346E+0	2.53463E-5	9.99948E-1	4.79827E-10
8.34929E-1	1.99319E+0	9.61866E-6	1.00001E+0	-1.84338E-10
8.35584E-1	1.99373E+0	1.26331E-5	9.99969E-1	5.29271E-10
8.36239E-1	1.99292E+0	9.09440E-6	1.00012E+0	1.62720E-10
8.36895E-1	1.99373E+0	1.49272E-6	9.99834E-1	-1.77554E-12
8.37550E-1	1.99265E+0	1.14535E-5	1.00006E+0	9.90430E-10
8.38205E-1	1.99481E+0	7.65270E-6	1.00002E+0	7.61937E-11
8.38861E-1	1.99346E+0	1.09293E-5	1.00004E+0	-1.69124E-10
8.39516E-1	-7.41446E-3	1.10604E-5	9.46973E-1	3.17141E-7
8.40172E-1	-6.06598E-3	7.65270E-6	1.00034E+0	4.07671E-8
8.40827E-1	-7.68415E-3	1.28952E-5	1.00002E+0	2.51628E-8
8.41482E-1	-6.87507E-3	1.18467E-5	1.00009E+0	1.77476E-8
8.42138E-1	-6.06598E-3	9.48759E-6	1.00003E+0	1.61288E-8
8.42793E-1	-6.60537E-3	7.65270E-6	9.99973E-1	1.28013E-8
8.43448E-1	-4.98719E-3	3.45867E-6	1.00005E+0	1.23692E-8
8.44104E-1	-5.52658E-3	4.63824E-6	9.99925E-1	9.76815E-9
8.44759E-1	-7.68415E-3	2.32493E-5	1.00008E+0	1.00895E-8
8.45414E-1	-7.41446E-3	1.26331E-5	9.99855E-1	8.58910E-9
8.46070E-1	-6.33567E-3	1.02740E-5	1.00013E+0	8.83774E-9
8.46725E-1	-6.60537E-3	5.29356E-6	9.99959E-1	7.60593E-9
8.47380E-1	-4.44780E-3	9.74972E-6	9.99980E-1	6.10930E-9
8.48036E-1	-6.06598E-3	9.74972E-6	1.00001E+0	8.13650E-9
8.48691E-1	-7.14476E-3	1.32884E-5	1.00005E+0	6.31753E-9
8.49347E-1	-5.79628E-3	1.10604E-5	1.00005E+0	5.54592E-9
8.50002E-1	-5.79628E-3	1.61718E-5	9.99904E-1	5.40187E-9
8.50657E-1	-6.87507E-3	8.96334E-6	1.00005E+0	6.43734E-9
8.51313E-1	-6.33567E-3	2.14804E-6	9.99988E-1	5.38285E-9
8.51968E-1	-4.98719E-3	1.06672E-5	1.00002E+0	4.10444E-9
8.52623E-1	-5.79628E-3	9.48759E-6	9.99916E-1	6.35652E-9
8.53279E-1	-7.14476E-3	3.72080E-6	1.00007E+0	4.06641E-9
8.53934E-1	-6.87507E-3	1.27642E-5	9.99957E-1	5.31867E-9
8.54589E-1	-5.52658E-3	1.51233E-5	1.00002E+0	4.83945E-9
8.55245E-1	-4.44780E-3	9.61866E-6	1.00000E+0	3.42602E-9
8.55900E-1	-7.68415E-3	2.41016E-6	1.00000E+0	4.23281E-9
8.56556E-1	-7.41446E-3	8.37401E-7	1.00002E+0	6.14733E-9
8.57211E-1	-5.79628E-3	1.01429E-5	1.00004E+0	3.45739E-9
8.57866E-1	-5.52658E-3	1.51233E-5	9.99957E-1	4.13392E-9
8.58522E-1	-5.79628E-3	5.42462E-6	9.99988E-1	4.94594E-9
8.59177E-1	-4.71749E-3	9.88078E-6	1.00002E+0	2.76851E-9
8.59832E-1	-6.60537E-3	1.15846E-5	9.99965E-1	5.09808E-9
8.60488E-1	-7.14476E-3	6.73526E-6	1.00009E+0	2.86787E-9
8.61143E-1	-4.44780E-3	1.02740E-5	9.99881E-1	4.32504E-9
8.61798E-1	-6.33567E-3	9.74972E-6	1.00015E+0	4.00128E-9
8.62454E-1	-6.33567E-3	1.52544E-5	9.99938E-1	3.38275E-9
8.63109E-1	-7.14476E-3	9.74972E-6	1.00002E+0	3.48497E-9
8.63764E-1	-7.41446E-3	1.53855E-5	9.99963E-1	3.89336E-9
8.64420E-1	-5.79628E-3	1.02740E-5	9.99980E-1	4.67923E-9
8.65075E-1	-6.60537E-3	1.23710E-5	9.99963E-1	3.06707E-9
8.65731E-1	-5.52658E-3	1.09293E-5	1.00014E+0	3.73694E-9
8.66386E-1	-7.68415E-3	9.74972E-6	9.99876E-1	4.27132E-9
8.67041E-1	-5.79628E-3	8.17696E-6	9.99984E-1	3.30241E-9
8.67697E-1	-7.14476E-3	4.90037E-6	1.00006E+0	3.89288E-9
8.68352E-1	-5.52658E-3	1.25021E-5	9.99973E-1	3.36659E-9
8.69007E-1	-4.98719E-3	8.96334E-6	1.00010E+0	3.29385E-9
8.69663E-1	-5.52658E-3	2.12833E-5	9.99938E-1	3.16358E-9
8.70318E-1	-4.71749E-3	8.57015E-6	9.99988E-1	3.06375E-9
8.70973E-1	-5.52658E-3	1.17157E-5	9.99940E-1	3.64281E-9
8.71629E-1	-7.68415E-3	2.93442E-6	1.00008E+0	4.19620E-9
8.72284E-1	-6.87507E-3	1.07982E-5	9.99940E-1	3.39179E-9
8.72940E-1	-6.06598E-3	1.09293E-5	1.00003E+0	2.30355E-9
8.73595E-1	-6.06598E-3	9.61866E-6	9.99986E-1	4.15722E-9
8.74250E-1	-4.98719E-3	1.42059E-5	1.00003E+0	2.51653E-9
8.74906E-1	-5.79628E-3	7.52164E-6	1.00000E+0	3.78448E-9
8.75561E-1	-6.06598E-3	1.27642E-5	9.99971E-1	3.45264E-9
8.76216E-1	-6.87507E-3	1.14535E-5	9.99990E-1	3.73314E-9
8.76872E-1	-6.33567E-3	8.57015E-6	1.00005E+0	1.68597E-9
8.77527E-1	-4.71749E-3	3.98293E-6	1.00006E+0	3.78876E-9
8.78182E-1	-6.06598E-3	8.30802E-6	9.99952E-1	4.02790E-9
8.78838E-1	-5.79628E-3	1.36816E-5	1.00003E+0	1.76204E-9
8.79493E-1	-4.71749E-3	1.18467E-5	9.99984E-1	4.09398E-9
8.80148E-1	-5.79628E-3	1.35506E-5	9.99893E-1	3.36421E-9
8.80804E-1	-5.52658E-3	1.14535E-5	1.00005E+0	3.86863E-9
8.81459E-1	-5.52658E-3	1.21089E-5	9.99997E-1	2.75282E-9
8.82115E-1	-6.33567E-3	8.70121E-6	9.99908E-1	2.49562E-9
8.82770E-1	-5.79628E-3	9.61866E-6	1.00008E+0	3.52443E-9
8.83425E-1	-4.98719E-3	8.57015E-6	9.99988E-1	3.24060E-9
8.84081E-1	-5.79628E-3	4.24505E-6	1.00008E+0	2.91399E-9
8.84736E-1	-5.25689E-3	8.43908E-6	9.99895E-1	3.34377E-9
8.85391E-1	-6.33567E-3	1.01429E-5	1.00003E+0	2.45806E-9
8.86047E-1	-5.25689E-3	-6.04297E-7	1.00004E+0	3.60145E-9
8.86702E-1	-5.52658E-3	8.96334E-6	9.99995E-1	2.65631E-9
8.87357E-1	-6.33567E-3	9.09440E-6	1.00004E+0	3.87434E-9
8.88013E-1	-7.41446E-3	1.19778E-5	9.99997E-1	2.30545E-9
8.88668E-1	-5.52658E-3	8.96334E-6	9.99952E-1	3.44266E-9
8.89324E-1	-6.33567E-3	1.09293E-5	9.99961E-1	3.54012E-9
8.89979E-1	-5.52658E-3	1.11914E-5	1.00003E+0	1.93462E-9
8.90634E-1	-5.52658E-3	1.40748E-5	1.00003E+0	3.07135E-9
8.91290E-1	-6.06598E-3	1.22399E-5	9.99986E-1	3.28101E-9
8.91945E-1	-5.25689E-3	2.32493E-5	9.99986E-1	4.16767E-9
8.92600E-1	-5.79628E-3	1.59097E-5	1.00009E+0	2.47089E-9
8.93256E-1	-4.98719E-3	9.22547E-6	9.99950E-1	3.46690E-9
8.93911E-1	-4.98719E-3	7.25951E-6	9.99965E-1	3.10225E-9
8.94566E-1	-6.06598E-3	6.07994E-6	9.99995E-1	2.18184E-9
8.95222E-1	-5.79628E-3	1.06672E-5	1.00005E+0	3.82870E-9
8.95877E-1	-5.79628E-3	6.99739E-6	9.99916E-1	2.79133E-9
8.96532E-1	-4.98719E-3	5.16250E-6	1.00009E+0	2.71336E-9
8.97188E-1	-6.60537E-3	9.74972E-6	9.99963E-1	3.50636E-9
8.97843E-1	-6.06598E-3	1.06672E-5	9.99942E-1	1.95934E-9
8.98499E-1	-4.17810E-3	8.83228E-6	1.00008E+0	4.03646E-9
8.99154E-1	-6.60537E-3	7.91483E-6	1.04024E+0	-1.07575E-7
8.99809E-1	1.99454E+0	7.52164E-6	1.01239E+0	-2.26259E-7
9.00465E-1	1.99292E+0	1.10604E-5	9.99876E-1	-2.74151E-8
9.01120E-1	1.99427E+0	8.57015E-6	9.99971E-1	-1.77935E-8
9.01775E-1	1.99454E+0	-8.66424E-7	9.99999E-1	-1.42231E-8
9.02431E-1	1.99346E+0	1.36166E-6	9.99990E-1	-1.12949E-8
9.03086E-1	1.99535E+0	1.18467E-5	1.00001E+0	-9.19834E-9
9.03741E-1	1.99373E+0	1.27642E-5	9.99973E-1	-7.73023E-9
9.04397E-1	1.99319E+0	1.05361E-5	9.99965E-1	-6.47084E-9
9.05052E-1	1.99265E+0	-4.14301E-6	1.00003E+0	-5.99827E-9
9.05708E-1	1.99427E+0	7.91483E-6	1.00000E+0	-4.35902E-9
9.06363E-1	1.99454E+0	1.04050E-5	9.99990E-1	-4.46218E-9
9.07018E-1	1.99211E+0	7.25951E-6	9.99984E-1	-5.17151E-9
9.07674E-1	1.99481E+0	1.22399E-5	1.00005E+0	-4.00007E-9
9.08329E-1	1.99427E+0	1.17157E-5	9.99952E-1	-2.13690E-9
9.08984E-1	1.99373E+0	1.36166E-6	9.99965E-1	-2.98505E-9
9.09640E-1	1.99265E+0	8.04589E-6	9.99990E-1	-2.21439E-9
9.10295E-1	1.99319E+0	1.21089E-5	1.00001E+0	-3.83891E-9
9.10950E-1	1.99292E+0	8.83228E-6	1.00010E+0	-1.22313E-9
9.11606E-1	1.99508E+0	5.68675E-6	9.99959E-1	-2.85288E-9
9.12261E-1	1.99211E+0	1.01429E-5	9.99950E-1	-7.12531E-10
9.12916E-1	1.99454E+0	5.81781E-6	1.00001E+0	-1.58160E-9
9.13572E-1	1.99319E+0	8.57015E-6	9.99973E-1	-1.82264E-9
9.14227E-1	1.99427E+0	7.25951E-6	1.00007E+0	-1.86828E-9
9.14883E-1	1.99238E+0	1.82688E-5	9.99935E-1	-1.51267E-9
9.15538E-1	1.99265E+0	7.12845E-6	1.00004E+0	1.67659E-11
9.16193E-1	1.99238E+0	1.30263E-5	1.00002E+0	-1.61964E-9
9.16849E-1	1.99319E+0	1.09293E-5	9.99919E-1	-6.48825E-10
9.17504E-1	1.99427E+0	9.35653E-6	1.00007E+0	-7.13482E-10
9.18159E-1	1.99292E+0	1.04050E-5	9.99944E-1	-1.43803E-9
9.18815E-1	1.99265E+0	9.88078E-6	1.00002E+0	3.60021E-10
9.19470E-1	1.99265E+0	1.45991E-5	9.99952E-1	-1.76939E-9
9.20125E-1	1.99346E+0	1.15846E-5	1.00011E+0	-3.15554E-10
9.20781E-1	1.99346E+0	8.43908E-6	9.99889E-1	4.34186E-10
9.21436E-1	1.99346E+0	9.35653E-6	1.00003E+0	-9.83046E-10
9.22092E-1	1.99211E+0	1.10604E-5	9.99969E-1	-2.98254E-11
9.22747E-1	1.99238E+0	1.53855E-5	1.00007E+0	-1.25261E-9
9.23402E-1	1.99292E+0	1.07982E-5	9.99952E-1	1.46081E-10
9.24058E-1	1.99184E+0	9.61866E-6	1.00001E+0	9.56860E-11
9.24713E-1	1.99400E+0	1.90552E-5	9.99980E-1	-7.43434E-10
9.25368E-1	1.99427E+0	1.19778E-5	1.00013E+0	-4.67214E-10
9.26024E-1	1.99265E+0	7.65270E-6	9.99906E-1	8.37820E-10
9.26679E-1	1.99211E+0	9.48759E-6	1.00004E+0	-9.97125E-11
9.27334E-1	1.99265E+0	9.09440E-6	1.00003E+0	-2.35208E-10
9.27990E-1	1.99346E+0	8.04589E-6	9.99921E-1	-1.56288E-10
9.28645E-1	1.99319E+0	1.01429E-5	9.99963E-1	-1.64370E-10
9.29300E-1	1.99346E+0	1.30263E-5	1.00010E+0	-3.36948E-10
9.29956E-1	1.99238E+0	1.59097E-5	9.99902E-1	1.51310E-10
9.30611E-1	1.99292E+0	1.51233E-5	1.00004E+0	-7.48663E-10
9.31267E-1	1.99238E+0	-2.96344E-6	9.99976E-1	1.19201E-9
9.31922E-1	1.99211E+0	9.09440E-6	1.00003E+0	-1.03534E-9
9.32577E-1	1.99184E+0	1.13225E-5	9.99976E-1	1.36126E-9
9.33233E-1	1.99292E+0	-9.97488E-7	1.00000E+0	3.36249E-10
9.33888E-1	1.99292E+0	1.17157E-5	1.00005E+0	3.91398E-10
9.34543E-1	1.99346E+0	8.17696E-6	9.99933E-1	-1.24025E-9
9.35199E-1	1.99373E+0	9.35653E-6	1.00007E+0	1.63320E-9
9.35854E-1	1.99265E+0	8.70121E-6	1.00000E+0	-2.23322E-10
9.36509E-1	1.99346E+0	1.01429E-5	1.00000E+0	3.84267E-10
9.37165E-1	1.99400E+0	1.61718E-5	9.99923E-1	-3.10324E-10
9.37820E-1	1.99589E+0	1.06672E-5	1.00004E+0	-7.35643E-11
9.38476E-1	1.99346E+0	8.57015E-6	9.99982E-1	5.01696E-10
9.39131E-1	1.99130E+0	7.65270E-6	9.64461E-1	9.43177E-8
9.39786E-1	-7.14476E-3	1.18467E-5	9.82739E-1	2.46142E-7
9.40442E-1	-4.98719E-3	8.30802E-6	1.00010E+0	3.04780E-8
9.41097E-1	-5.52658E-3	1.30263E-5	9.99999E-1	2.13266E-8
9.41752E-1	-4.71749E-3	1.02740E-5	1.00010E+0	1.59401E-8
9.42408E-1	-5.79628E-3	1.04050E-5	9.99963E-1	1.39704E-8
9.43063E-1	-6.60537E-3	8.57015E-6	9.99997E-1	1.22760E-8
9.43718E-1	-7.68415E-3	8.17696E-6	1.00001E+0	1.23392E-8
9.44374E-1	-5.79628E-3	1.10604E-5	9.99986E-1	9.44153E-9
9.45029E-1	-6.33567E-3	1.23710E-5	1.00005E+0	8.94804E-9
9.45684E-1	-5.25689E-3	1.35506E-5	9.99914E-1	8.48356E-9
9.46340E-1	-4.98719E-3	2.93442E-6	1.00010E+0	7.39959E-9
9.46995E-1	-6.06598E-3	1.23710E-5	9.99995E-1	8.77166E-9
9.47651E-1	-7.68415E-3	1.14535E-5	9.99952E-1	6.09171E-9
9.48306E-1	-6.87507E-3	1.02740E-5	1.00003E+0	7.34159E-9
9.48961E-1	-6.87507E-3	1.10604E-5	1.00000E+0	5.79362E-9
9.49617E-1	-6.60537E-3	-4.73234E-7	9.99986E-1	6.06984E-9
9.50272E-1	-6.87507E-3	9.09440E-6	9.99954E-1	5.29633E-9
9.50927E-1	-6.33567E-3	3.06548E-6	1.00003E+0	6.38932E-9
9.51583E-1	-6.60537E-3	6.07994E-6	9.99980E-1	5.59014E-9
9.52238E-1	-6.87507E-3	1.09293E-5	1.00003E+0	4.90505E-9
9.52893E-1	-5.25689E-3	9.48759E-6	9.99942E-1	4.35737E-9
9.53549E-1	-7.14476E-3	1.26331E-5	1.00009E+0	5.52168E-9
9.54204E-1	-6.06598E-3	9.88078E-6	9.99959E-1	4.39588E-9
9.54860E-1	-7.68415E-3	7.65270E-6	1.00005E+0	3.95611E-9
9.55515E-1	-4.17810E-3	1.97105E-5	1.00002E+0	4.49049E-9
9.56170E-1	-5.52658E-3	6.60420E-6	9.99900E-1	4.60316E-9
9.56826E-1	-7.14476E-3	1.01429E-5	1.00006E+0	5.03960E-9
9.57481E-1	-6.60537E-3	1.09293E-5	1.00001E+0	4.18907E-9
9.58136E-1	-5.79628E-3	8.30802E-6	9.99967E-1	3.45549E-9
9.58792E-1	-5.79628E-3	1.07982E-5	1.00008E+0	3.56817E-9
9.59447E-1	-4.98719E-3	5.42462E-6	1.00001E+0	4.48906E-9
9.60102E-1	-6.06598E-3	1.19778E-5	9.99963E-1	4.86940E-9
9.60758E-1	-5.79628E-3	1.28952E-5	9.99954E-1	3.75643E-9
9.61413E-1	-7.41446E-3	1.19778E-5	9.99927E-1	3.19924E-9
9.62068E-1	-5.79628E-3	9.88078E-6	1.00006E+0	4.19382E-9
9.62724E-1	-5.79628E-3	7.65270E-6	1.00008E+0	3.17642E-9
9.63379E-1	-6.06598E-3	8.70121E-6	9.99933E-1	3.58291E-9
9.64035E-1	-6.06598E-3	1.06672E-5	1.00006E+0	4.47480E-9
9.64690E-1	-4.71749E-3	9.09440E-6	9.99893E-1	3.09940E-9
9.65345E-1	-6.87507E-3	5.81781E-6	1.00002E+0	4.25753E-9
9.66001E-1	-4.98719E-3	1.02740E-5	1.00007E+0	3.36041E-9
9.66656E-1	-6.33567E-3	5.42462E-6	1.00002E+0	3.29575E-9
9.67311E-1	-7.68415E-3	2.31182E-5	1.00001E+0	3.15740E-9
9.67967E-1	-5.52658E-3	1.69582E-5	9.99971E-1	3.91760E-9
9.68622E-1	-6.60537E-3	5.42462E-6	9.99919E-1	3.83678E-9
9.69277E-1	-3.90841E-3	8.17696E-6	1.00011E+0	2.76233E-9
9.69933E-1	-6.06598E-3	1.11914E-5	9.99944E-1	3.50446E-9
9.70588E-1	-6.87507E-3	1.15846E-5	1.00001E+0	4.00841E-9
9.71244E-1	-6.60537E-3	1.34195E-5	1.00003E+0	2.64110E-9
9.71899E-1	-7.14476E-3	1.78757E-5	1.00001E+0	3.17024E-9
9.72554E-1	-6.06598E-3	1.28952E-5	9.99954E-1	5.00299E-9
9.73210E-1	-6.87507E-3	1.01429E-5	1.00002E+0	1.90609E-9
9.73865E-1	-6.33567E-3	8.83228E-6	1.00002E+0	4.33455E-9
9.74520E-1	-6.33567E-3	1.23710E-5	9.99902E-1	3.51825E-9
9.75176E-1	-6.60537E-3	9.09440E-6	1.00009E+0	3.07088E-9
9.75831E-1	-6.06598E-3	1.05361E-5	9.99944E-1	1.98739E-9
9.76486E-1	-5.25689E-3	1.34195E-5	1.00004E+0	5.14419E-9
9.77142E-1	-6.87507E-3	6.73526E-6	9.99963E-1	2.78325E-9
9.77797E-1	-6.33567E-3	2.49531E-5	1.00008E+0	3.36897E-9
9.78452E-1	-5.79628E-3	1.15846E-5	9.99931E-1	2.18897E-9
9.79108E-1	-6.33567E-3	7.91483E-6	1.00005E+0	4.13440E-9
9.79763E-1	-5.79628E-3	8.43908E-6	1.00002E+0	2.30307E-9
9.80419E-1	-5.52658E-3	8.43908E-6	9.99910E-1	3.42126E-9
9.81074E-1	-4.98719E-3	1.13225E-5	1.00003E+0	4.15626E-9
9.81729E-1	-6.33567E-3	1.13225E-5	1.00003E+0	2.11195E-9
9.82385E-1	-8.76294E-3	9.35653E-6	9.99988E-1	2.47137E-9
9.83040E-1	-5.25689E-3	1.14535E-5	9.99986E-1	3.73552E-9
9.83695E-1	-5.79628E-3	8.70121E-6	1.00009E+0	3.51349E-9
9.84351E-1	-6.33567E-3	1.62378E-6	9.99910E-1	3.56199E-9
9.85006E-1	-5.52658E-3	1.00118E-5	1.00003E+0	3.33759E-9
9.85661E-1	-5.52658E-3	9.61866E-6	9.99995E-1	2.06774E-9
9.86317E-1	-6.60537E-3	9.68465E-7	1.00000E+0	2.95535E-9
9.86972E-1	-5.79628E-3	8.43908E-6	9.99965E-1	3.92711E-9
9.87628E-1	-6.60537E-3	7.91483E-6	1.00007E+0	2.67010E-9
9.88283E-1	-7.95385E-3	1.09293E-5	9.99969E-1	3.63235E-9
9.88938E-1	-5.79628E-3	8.37401E-7	1.00001E+0	3.12983E-9
9.89594E-1	-6.06598E-3	1.15846E-5	9.99961E-1	3.74693E-9
9.90249E-1	-6.33567E-3	4.37612E-6	1.00003E+0	2.20941E-9
9.90904E-1	-5.79628E-3	-5.32258E-6	9.99912E-1	2.53555E-9
9.91560E-1	-7.14476E-3	1.44680E-5	1.00013E+0	3.00860E-9
9.92215E-1	-6.33567E-3	5.10203E-8	9.99912E-1	3.40890E-9
9.92870E-1	-3.90841E-3	4.44211E-7	9.99976E-1	2.73333E-9
9.93526E-1	-6.06598E-3	4.63824E-6	1.00007E+0	2.72429E-9
9.94181E-1	-4.71749E-3	7.78377E-6	9.99950E-1	2.61114E-9
9.94836E-1	-6.06598E-3	5.55569E-6	1.00010E+0	3.61191E-9
9.95492E-1	-6.06598E-3	1.09293E-5	9.99859E-1	3.07706E-9
9.96147E-1	-5.79628E-3	1.17157E-5	1.00011E+0	3.68702E-9
9.96803E-1	-5.79628E-3	8.96334E-6	9.99878E-1	2.22558E-9
9.97458E-1	-4.98719E-3	1.09293E-5	1.00016E+0	2.91541E-9
9.98113E-1	-5.52658E-3	4.50718E-6	9.99870E-1	3.16406E-9
9.98769E-1	-4.71749E-3	2.25939E-5	1.00005E+0	3.38275E-9
9.99424E-1	1.99427E+0	1.25021E-5	1.05287E+0	-3.08466E-7
