## Header ##
[General info]
User	Giorgos_Psaltakis
Device	Sample
Cell area (cm2)	1
Test	Pulsed
Date	2024-03-03
Time	03:58:43
Temperature	21.36
Note	

[Acquisition Settings]
Amplitude (V)	2.000
Frequency (Hz)	250.0
DC Offset (V)	1.000
Duty Cycle (%)	50
Phase (°)	0
Cycles	10

## Data ##
Time (s)	DC Channel Voltage (V)	DC Channel Current (A)	Pulse Channel Voltage (V)	Pulse Channel Current (A)
0.00000E+0	1.99346E+0	1.10604E-5	1.08305E+0	-6.80871E-7
4.00000E-5	1.99265E+0	8.37401E-7	9.24385E-1	-4.42797E-7
8.00000E-5	1.99265E+0	9.09440E-6	9.19228E-1	4.94007E-7
1.20000E-4	1.99508E+0	1.27642E-5	9.77955E-1	9.50737E-7
1.60000E-4	1.99292E+0	1.14535E-5	1.01530E+0	8.99827E-7
2.00000E-4	1.99292E+0	7.25951E-6	1.02156E+0	6.67924E-7
2.40000E-4	1.99157E+0	1.06672E-5	1.01523E+0	4.77629E-7
2.80000E-4	1.99265E+0	-8.00432E-8	1.00633E+0	3.81200E-7
3.20000E-4	1.99454E+0	1.01429E-5	1.00239E+0	3.41782E-7
3.60000E-4	1.99373E+0	8.43908E-6	1.00284E+0	3.18041E-7
4.00000E-4	1.99454E+0	1.10604E-5	1.00367E+0	2.84093E-7
4.40000E-4	1.99373E+0	6.73526E-6	1.00280E+0	2.44355E-7
4.80000E-4	1.99319E+0	6.86632E-6	1.00277E+0	2.20139E-7
5.20000E-4	1.99265E+0	1.09293E-5	1.00242E+0	1.90905E-7
5.60000E-4	1.99211E+0	3.58973E-6	1.00083E+0	1.73802E-7
6.00000E-4	1.99373E+0	9.09440E-6	1.00304E+0	1.52998E-7
6.40000E-4	1.99589E+0	7.52164E-6	1.00218E+0	1.28400E-7
6.80000E-4	1.99400E+0	1.32884E-5	1.00232E+0	1.00327E-7
7.20000E-4	1.99373E+0	1.11914E-5	1.00097E+0	8.92549E-8
7.60000E-4	1.99427E+0	5.68675E-6	9.98858E-1	9.36416E-8
8.00000E-4	1.99373E+0	9.88078E-6	1.00156E+0	8.24917E-8
8.40000E-4	1.99292E+0	4.63824E-6	1.00145E+0	7.33521E-8
8.80000E-4	1.99238E+0	1.61718E-5	1.00076E+0	5.68417E-8
9.20000E-4	1.99589E+0	8.30802E-6	1.00104E+0	4.71956E-8
9.60000E-4	1.99346E+0	7.65270E-6	1.00024E+0	4.69229E-8
1.00000E-3	1.99211E+0	8.70121E-6	1.00100E+0	3.44329E-8
1.04000E-3	1.99292E+0	-5.06046E-6	1.00048E+0	2.77944E-8
1.08000E-3	1.99400E+0	1.05361E-5	9.99515E-1	3.40979E-8
1.12000E-3	1.99346E+0	5.16250E-6	9.99723E-1	3.12461E-8
1.16000E-3	1.99346E+0	1.28952E-5	1.00111E+0	2.56050E-8
1.20000E-3	1.99346E+0	1.13225E-5	1.00028E+0	2.11871E-8
1.24000E-3	1.99373E+0	1.97105E-5	9.99723E-1	1.78523E-8
1.28000E-3	1.99319E+0	5.42462E-6	1.00090E+0	2.00417E-8
1.32000E-3	1.99562E+0	6.86632E-6	9.99480E-1	1.85224E-8
1.36000E-3	1.99373E+0	6.34207E-6	1.00066E+0	1.19696E-8
1.40000E-3	1.99427E+0	1.09293E-5	9.99169E-1	2.16235E-8
1.44000E-3	1.99238E+0	1.64340E-5	1.00055E+0	1.72368E-8
1.48000E-3	1.99238E+0	9.74972E-6	1.00118E+0	5.06622E-9
1.52000E-3	1.99292E+0	2.93442E-6	9.99584E-1	8.34650E-9
1.56000E-3	1.99265E+0	1.38127E-5	9.98719E-1	1.14554E-8
1.60000E-3	1.99346E+0	4.90037E-6	1.00059E+0	1.64342E-8
1.64000E-3	1.99481E+0	8.17696E-6	9.99550E-1	2.16702E-8
1.68000E-3	1.99265E+0	3.45867E-6	1.00086E+0	1.15956E-8
1.72000E-3	1.99373E+0	9.74972E-6	1.00028E+0	8.24521E-9
1.76000E-3	1.99616E+0	1.17157E-5	9.99515E-1	1.26787E-8
1.80000E-3	1.99319E+0	5.55569E-6	1.00069E+0	6.66351E-9
1.84000E-3	1.99427E+0	6.47313E-6	1.00052E+0	3.21181E-9
1.88000E-3	1.99481E+0	1.13225E-5	9.98477E-1	9.57758E-9
1.92000E-3	1.99292E+0	1.02740E-5	1.00048E+0	1.12684E-8
1.96000E-3	1.99346E+0	7.78377E-6	1.00111E+0	3.95202E-9
2.00000E-3	-8.76294E-3	1.22399E-5	6.54524E-1	8.68972E-7
2.04000E-3	-6.33567E-3	1.26331E-5	7.08787E-1	9.65845E-7
2.08000E-3	-7.68415E-3	8.70121E-6	8.31813E-1	9.63313E-7
2.12000E-3	-6.33567E-3	1.19778E-5	9.46810E-1	9.64638E-7
2.16000E-3	-7.14476E-3	8.17696E-6	1.03284E+0	7.77085E-7
2.20000E-3	-3.63871E-3	1.22399E-5	1.05392E+0	2.87887E-7
2.24000E-3	-5.25689E-3	1.15846E-5	1.21542E+0	-8.07087E-7
2.28000E-3	-4.98719E-3	6.34207E-6	1.42420E+0	-1.05624E-6
2.32000E-3	-6.60537E-3	9.48759E-6	1.55678E+0	-1.03238E-6
2.36000E-3	-4.71749E-3	4.63824E-6	1.62766E+0	-1.01501E-6
2.40000E-3	-6.60537E-3	2.28561E-5	1.65202E+0	-1.00248E-6
2.44000E-3	-5.25689E-3	8.96334E-6	1.63617E+0	-9.92248E-7
2.48000E-3	-7.41446E-3	9.22547E-6	1.59620E+0	-9.84386E-7
2.52000E-3	-5.25689E-3	9.22547E-6	1.53484E+0	-9.80405E-7
2.56000E-3	-7.14476E-3	1.11914E-5	1.46116E+0	-9.76104E-7
2.60000E-3	-5.25689E-3	1.14535E-5	1.37797E+0	-9.73524E-7
2.64000E-3	-6.60537E-3	8.17696E-6	1.28491E+0	-9.71281E-7
2.68000E-3	-6.33567E-3	1.11914E-5	1.18698E+0	-9.68842E-7
2.72000E-3	-4.44780E-3	8.43908E-6	1.08434E+0	-9.68795E-7
2.76000E-3	-6.87507E-3	1.38127E-5	9.88476E-1	-8.95678E-7
2.80000E-3	-5.25689E-3	9.88078E-6	9.57157E-1	-5.17075E-7
2.84000E-3	-6.87507E-3	9.35653E-6	9.73595E-1	-1.48733E-7
2.88000E-3	-7.14476E-3	1.00118E-5	9.93182E-1	-3.97208E-9
2.92000E-3	-7.14476E-3	7.12845E-6	1.00419E+0	-1.89944E-8
2.96000E-3	-6.06598E-3	4.90037E-6	1.00381E+0	-6.37651E-8
3.00000E-3	-6.87507E-3	1.11914E-5	9.99930E-1	-8.19897E-8
3.04000E-3	-6.33567E-3	2.80335E-6	9.98269E-1	-7.12217E-8
3.08000E-3	-7.41446E-3	1.83999E-5	9.97404E-1	-3.56295E-8
3.12000E-3	-7.68415E-3	5.75274E-7	9.98788E-1	-2.33577E-8
3.16000E-3	-7.95385E-3	2.11522E-5	1.00163E+0	-3.21311E-8
3.20000E-3	-5.25689E-3	-3.74982E-6	9.98788E-1	-2.41758E-8
3.24000E-3	-6.33567E-3	2.41667E-5	9.99896E-1	-2.32174E-8
3.28000E-3	-7.14476E-3	1.02740E-5	1.00076E+0	-2.52978E-8
3.32000E-3	-8.49324E-3	-7.35361E-7	9.99134E-1	-2.27343E-8
3.36000E-3	-7.68415E-3	6.73526E-6	9.99238E-1	-1.55037E-8
3.40000E-3	-7.14476E-3	5.16250E-6	9.99584E-1	-1.06339E-8
3.44000E-3	-7.14476E-3	1.09293E-5	9.98892E-1	1.63790E-9
3.48000E-3	-6.60537E-3	1.11914E-5	1.00031E+0	4.06823E-10
3.52000E-3	-8.22355E-3	7.91483E-6	1.00125E+0	-7.09652E-9
3.56000E-3	-6.87507E-3	8.30802E-6	1.00045E+0	-1.39142E-8
3.60000E-3	-6.87507E-3	7.91483E-6	1.00048E+0	-2.25240E-8
3.64000E-3	-6.60537E-3	1.07982E-5	9.98546E-1	-1.11404E-8
3.68000E-3	-6.87507E-3	9.74972E-6	9.98650E-1	4.68443E-9
3.72000E-3	-7.41446E-3	1.00118E-5	1.00142E+0	-3.48900E-9
3.76000E-3	-4.44780E-3	1.62378E-6	9.99550E-1	-1.80600E-9
3.80000E-3	-6.33567E-3	4.63824E-6	9.98858E-1	3.87410E-9
3.84000E-3	-6.33567E-3	7.65270E-6	1.00142E+0	9.51577E-11
3.88000E-3	-6.33567E-3	1.17157E-5	1.00090E+0	-1.43038E-8
3.92000E-3	-5.79628E-3	9.88078E-6	9.97750E-1	-4.35387E-9
3.96000E-3	-6.06598E-3	1.05361E-5	1.00149E+0	1.52882E-9
4.00000E-3	1.99346E+0	1.04050E-5	1.33142E+0	-8.67028E-7
4.04000E-3	1.99562E+0	2.19386E-5	1.27962E+0	-9.67205E-7
4.08000E-3	1.99373E+0	1.09293E-5	1.16687E+0	-9.66161E-7
4.12000E-3	1.99319E+0	1.17157E-5	1.05122E+0	-9.62897E-7
4.16000E-3	1.99427E+0	1.32884E-5	9.67193E-1	-7.84710E-7
4.20000E-3	1.99373E+0	9.74972E-6	9.57538E-1	-3.15279E-7
4.24000E-3	1.99346E+0	-1.78387E-6	9.80551E-1	-1.75997E-8
4.28000E-3	1.99238E+0	6.21101E-6	1.00135E+0	4.36270E-8
4.32000E-3	1.99346E+0	7.78377E-6	1.00657E+0	-1.26130E-8
4.36000E-3	1.99427E+0	1.19778E-5	1.00367E+0	-7.28268E-8
4.40000E-3	1.99238E+0	6.07994E-6	9.04867E-1	3.47376E-7
4.44000E-3	1.99562E+0	5.10203E-8	6.98267E-1	1.05562E-6
4.48000E-3	1.99265E+0	7.25951E-6	5.52401E-1	1.03587E-6
4.52000E-3	1.99292E+0	1.48612E-5	4.72149E-1	1.01856E-6
4.56000E-3	1.99184E+0	8.83228E-6	4.37958E-1	1.00482E-6
4.60000E-3	1.99292E+0	8.70121E-6	4.40691E-1	9.96957E-7
4.64000E-3	1.99373E+0	1.22399E-5	4.65746E-1	9.89158E-7
4.68000E-3	1.99346E+0	1.09293E-5	5.11392E-1	9.84537E-7
4.72000E-3	1.99346E+0	7.78377E-6	5.75518E-1	9.79223E-7
4.76000E-3	1.99292E+0	5.55569E-6	6.45907E-1	9.77050E-7
4.80000E-3	1.99481E+0	8.17696E-6	7.25363E-1	9.75639E-7
4.84000E-3	1.99346E+0	1.07982E-5	8.15202E-1	9.72149E-7
4.88000E-3	1.99562E+0	2.93442E-6	9.08881E-1	9.69601E-7
4.92000E-3	1.99481E+0	1.04050E-5	1.00035E+0	9.34562E-7
4.96000E-3	1.99319E+0	9.22547E-6	1.03990E+0	6.08334E-7
5.00000E-3	1.99400E+0	7.52164E-6	1.02986E+0	2.33501E-7
5.04000E-3	1.99373E+0	1.43369E-5	1.00872E+0	5.25563E-8
5.08000E-3	1.99481E+0	7.65270E-6	9.97750E-1	4.53646E-8
5.12000E-3	1.99238E+0	5.03143E-6	9.97162E-1	8.45487E-8
5.16000E-3	1.99454E+0	7.52164E-6	1.00000E+0	8.84523E-8
5.20000E-3	1.99319E+0	1.25021E-5	1.00121E+0	8.31930E-8
5.24000E-3	1.99238E+0	1.00118E-5	1.00028E+0	7.36248E-8
5.28000E-3	1.99319E+0	8.96334E-6	1.00111E+0	6.28802E-8
5.32000E-3	1.99454E+0	7.65270E-6	1.00149E+0	5.28290E-8
5.36000E-3	1.99400E+0	8.96334E-6	1.00128E+0	3.57263E-8
5.40000E-3	1.99292E+0	8.43908E-6	1.00017E+0	2.82541E-8
5.44000E-3	1.99373E+0	5.29356E-6	9.99619E-1	3.49472E-8
5.48000E-3	1.99211E+0	5.94888E-6	9.98338E-1	4.40945E-8
5.52000E-3	1.99373E+0	1.72203E-5	1.00156E+0	4.06428E-8
5.56000E-3	1.99238E+0	1.09293E-5	1.00173E+0	2.43427E-8
5.60000E-3	1.99238E+0	6.34207E-6	9.99723E-1	1.64264E-8
5.64000E-3	1.99292E+0	8.96334E-6	9.99930E-1	1.68939E-8
5.68000E-3	1.99292E+0	3.19654E-6	9.98892E-1	3.22279E-8
5.72000E-3	1.99292E+0	1.32884E-5	1.00045E+0	2.61114E-8
5.76000E-3	1.99319E+0	8.70121E-6	1.00128E+0	1.89665E-8
5.80000E-3	1.99427E+0	1.49272E-6	1.00041E+0	1.11827E-8
5.84000E-3	1.99562E+0	1.09293E-5	1.00021E+0	4.83247E-9
5.88000E-3	1.99292E+0	1.28952E-5	9.99723E-1	1.01775E-8
5.92000E-3	1.99373E+0	1.06672E-5	9.98961E-1	1.30215E-8
5.96000E-3	1.99319E+0	1.09293E-5	9.99584E-1	1.86159E-8
6.00000E-3	-6.87507E-3	2.41667E-5	6.42516E-1	8.80971E-7
6.04000E-3	-7.95385E-3	3.58973E-6	6.88611E-1	9.70107E-7
6.08000E-3	-5.52658E-3	5.68675E-6	7.98798E-1	9.65931E-7
6.12000E-3	-6.06598E-3	1.28952E-5	9.14660E-1	9.63173E-7
6.16000E-3	-6.06598E-3	1.42059E-5	1.01609E+0	8.82950E-7
6.20000E-3	-7.41446E-3	1.47301E-5	1.04686E+0	4.46159E-7
6.24000E-3	-6.87507E-3	1.09293E-5	1.02516E+0	7.82453E-8
6.28000E-3	-4.71749E-3	1.82688E-5	1.00284E+0	-3.55516E-8
6.32000E-3	-5.79628E-3	6.60420E-6	9.94220E-1	7.45046E-9
6.36000E-3	-6.60537E-3	1.04050E-5	9.95259E-1	6.75785E-8
6.40000E-3	-6.87507E-3	1.39438E-5	9.99307E-1	8.63252E-8
6.44000E-3	-5.79628E-3	1.42059E-5	1.00159E+0	8.17281E-8
6.48000E-3	-8.22355E-3	8.83228E-6	1.00180E+0	6.14855E-8
6.52000E-3	-5.52658E-3	1.11914E-5	1.00010E+0	4.69541E-8
6.56000E-3	-6.06598E-3	8.96334E-6	9.99861E-1	5.51509E-8
6.60000E-3	-6.87507E-3	6.47313E-6	1.00007E+0	5.15278E-8
6.64000E-3	-6.87507E-3	8.70121E-6	1.00173E+0	3.96767E-8
6.68000E-3	-5.52658E-3	8.43908E-6	9.99723E-1	3.60536E-8
6.72000E-3	-5.52658E-3	1.01429E-5	9.98200E-1	4.48971E-8
6.76000E-3	-5.79628E-3	8.04589E-6	9.99930E-1	5.76676E-8
6.80000E-3	-5.25689E-3	8.43908E-6	1.00187E+0	4.60736E-8
6.84000E-3	-4.71749E-3	4.11399E-6	9.99723E-1	3.29992E-8
6.88000E-3	-7.14476E-3	1.18467E-5	9.99861E-1	4.09311E-8
6.92000E-3	-5.79628E-3	1.32884E-5	1.00097E+0	3.97702E-8
6.96000E-3	-6.60537E-3	1.02740E-5	9.99688E-1	2.95553E-8
7.00000E-3	-7.41446E-3	1.01429E-5	1.00066E+0	3.13942E-8
7.04000E-3	-6.87507E-3	1.09293E-5	9.99377E-1	3.39732E-8
7.08000E-3	-6.06598E-3	1.07982E-5	9.99446E-1	3.34200E-8
7.12000E-3	-5.79628E-3	8.43908E-6	9.99930E-1	4.35024E-8
7.16000E-3	-5.25689E-3	1.56476E-5	1.00090E+0	3.73548E-8
7.20000E-3	-6.06598E-3	8.96334E-6	1.00100E+0	2.12183E-8
7.24000E-3	-6.06598E-3	1.34195E-5	9.99446E-1	2.88463E-8
7.28000E-3	-6.60537E-3	8.17696E-6	9.98442E-1	3.66769E-8
7.32000E-3	-7.68415E-3	9.61866E-6	1.00083E+0	3.54536E-8
7.36000E-3	-5.52658E-3	5.03143E-6	1.00052E+0	3.39031E-8
7.40000E-3	-5.52658E-3	1.00118E-5	9.99688E-1	2.75451E-8
7.44000E-3	-6.87507E-3	1.06672E-5	1.00093E+0	2.44830E-8
7.48000E-3	-6.60537E-3	1.06672E-5	9.99480E-1	2.77009E-8
7.52000E-3	-3.90841E-3	9.35653E-6	1.03471E+0	-8.27377E-8
7.56000E-3	-4.17810E-3	-2.11107E-7	1.24352E+0	-9.76072E-7
7.60000E-3	-6.06598E-3	6.47313E-6	1.43268E+0	-1.04825E-6
7.64000E-3	-5.79628E-3	1.22399E-5	1.54858E+0	-1.02652E-6
7.68000E-3	-5.52658E-3	9.09440E-6	1.60350E+0	-1.01255E-6
7.72000E-3	-4.44780E-3	9.74972E-6	1.61361E+0	-9.97398E-7
7.76000E-3	-3.90841E-3	1.02740E-5	1.58682E+0	-9.88516E-7
7.80000E-3	-6.60537E-3	7.52164E-6	1.53301E+0	-9.81752E-7
7.84000E-3	-5.25689E-3	5.68675E-6	1.45750E+0	-9.74685E-7
7.88000E-3	-5.79628E-3	5.16250E-6	1.38192E+0	-9.76953E-7
7.92000E-3	-5.52658E-3	7.91483E-6	1.30215E+0	-9.76259E-7
7.96000E-3	-7.14476E-3	1.07982E-5	1.22027E+0	-9.73517E-7
8.00000E-3	1.99346E+0	1.02740E-5	1.46518E+0	-9.42362E-7
8.04000E-3	1.99292E+0	1.04050E-5	1.12631E+0	-8.68641E-7
8.08000E-3	1.99238E+0	1.25021E-5	8.91405E-1	-2.07755E-7
8.12000E-3	1.99319E+0	1.05361E-5	8.83272E-1	8.82155E-7
8.16000E-3	1.99346E+0	1.38127E-5	8.86110E-1	9.97736E-7
8.20000E-3	1.99130E+0	5.68675E-6	9.12445E-1	9.89836E-7
8.24000E-3	1.99427E+0	1.18467E-5	9.54423E-1	9.85153E-7
8.28000E-3	1.99427E+0	8.04589E-6	1.00360E+0	9.57516E-7
8.32000E-3	1.99211E+0	5.29356E-6	1.02824E+0	7.26174E-7
8.36000E-3	1.99427E+0	1.15846E-5	1.02779E+0	4.20540E-7
8.40000E-3	1.99130E+0	7.78377E-6	1.01277E+0	2.15238E-7
8.44000E-3	1.99319E+0	6.07994E-6	1.00298E+0	1.53513E-7
8.48000E-3	1.99265E+0	9.35653E-6	9.98685E-1	1.58242E-7
8.52000E-3	1.99400E+0	2.80335E-6	1.00003E+0	1.62574E-7
8.56000E-3	1.99454E+0	6.99739E-6	1.00260E+0	1.49165E-7
8.60000E-3	1.99400E+0	7.25951E-6	1.00675E+0	9.81451E-8
8.64000E-3	1.99292E+0	2.32493E-5	1.00637E+0	1.71355E-8
8.68000E-3	1.99373E+0	8.70121E-6	1.00339E+0	-2.91391E-8
8.72000E-3	1.99346E+0	1.09293E-5	9.98823E-1	-2.90689E-8
8.76000E-3	1.99346E+0	1.06672E-5	9.99654E-1	-2.63107E-8
8.80000E-3	1.99481E+0	1.01429E-5	9.99031E-1	-1.50674E-8
8.84000E-3	1.99454E+0	1.43369E-5	9.99065E-1	-4.47853E-9
8.88000E-3	1.99157E+0	7.39058E-6	9.99896E-1	-5.10966E-9
8.92000E-3	1.99319E+0	1.53855E-5	1.00086E+0	-2.81891E-9
8.96000E-3	1.99292E+0	2.27910E-6	9.98927E-1	-2.99033E-9
9.00000E-3	1.99319E+0	1.15846E-5	1.00149E+0	-1.16001E-8
9.04000E-3	1.99319E+0	1.05361E-5	9.99930E-1	-9.99501E-9
9.08000E-3	1.99238E+0	7.12845E-6	9.98477E-1	-8.16398E-9
9.12000E-3	1.99319E+0	1.06672E-5	1.00045E+0	-1.08138E-9
9.16000E-3	1.99373E+0	8.43908E-6	1.00128E+0	-9.94826E-9
9.20000E-3	1.99130E+0	6.47313E-6	9.98546E-1	-1.24728E-8
9.24000E-3	1.99319E+0	1.38127E-5	9.99965E-1	1.66128E-9
9.28000E-3	1.99373E+0	8.17696E-6	9.99896E-1	1.69244E-9
9.32000E-3	1.99265E+0	7.39058E-6	1.00118E+0	-9.14572E-9
9.36000E-3	1.99454E+0	1.13225E-5	1.00097E+0	-1.63842E-8
9.40000E-3	1.99265E+0	1.30263E-5	9.99411E-1	-1.98514E-8
9.44000E-3	1.99346E+0	6.73526E-6	9.98892E-1	-8.87302E-9
9.48000E-3	1.99535E+0	1.52544E-5	1.00003E+0	-3.44225E-9
9.52000E-3	1.99130E+0	1.42059E-5	9.99827E-1	-4.61878E-9
9.56000E-3	1.99265E+0	1.17157E-5	9.99238E-1	-1.06580E-9
9.60000E-3	1.99319E+0	1.06672E-5	9.99792E-1	1.02321E-8
9.64000E-3	1.99454E+0	2.11522E-5	1.00045E+0	3.38323E-9
9.68000E-3	1.99319E+0	6.99739E-6	1.00121E+0	-5.46807E-9
9.72000E-3	1.99454E+0	1.00118E-5	1.00000E+0	-6.74590E-9
9.76000E-3	1.99373E+0	8.43908E-6	1.00024E+0	-1.20442E-8
9.80000E-3	1.99346E+0	4.11399E-6	1.00017E+0	-1.26520E-8
9.84000E-3	1.99454E+0	8.04589E-6	9.98269E-1	-1.22163E-9
9.88000E-3	1.99319E+0	2.36425E-5	9.99965E-1	-4.73632E-10
9.92000E-3	1.99346E+0	1.13225E-5	1.00066E+0	2.79106E-9
9.96000E-3	1.99265E+0	5.03143E-6	1.00142E+0	-1.16313E-8
1.00000E-2	-4.71749E-3	6.86632E-6	7.95095E-1	7.71514E-7
1.00400E-2	-7.41446E-3	9.88078E-6	1.11469E+0	2.19251E-7
1.00800E-2	-6.87507E-3	9.88078E-6	1.20743E+0	-9.68678E-7
1.01200E-2	-5.52658E-3	-2.04600E-6	1.27218E+0	-1.01217E-6
1.01600E-2	-5.52658E-3	1.49923E-5	1.27592E+0	-9.97297E-7
1.02000E-2	-6.87507E-3	1.09293E-5	1.25183E+0	-9.90019E-7
1.02400E-2	-5.52658E-3	1.47301E-5	1.21214E+0	-9.85679E-7
1.02800E-2	-6.87507E-3	1.06672E-5	1.15161E+0	-9.80412E-7
1.03200E-2	-6.06598E-3	8.57015E-6	1.08053E+0	-9.76197E-7
1.03600E-2	-6.87507E-3	1.01429E-5	1.00408E+0	-9.54045E-7
1.04000E-2	-6.60537E-3	1.86620E-5	9.65497E-1	-6.85125E-7
1.04400E-2	-5.52658E-3	1.28952E-5	9.72211E-1	-3.44880E-7
1.04800E-2	-7.41446E-3	1.13225E-5	9.90414E-1	-1.70729E-7
1.05200E-2	-5.79628E-3	8.30802E-6	9.98235E-1	-1.27688E-7
1.05600E-2	-6.87507E-3	9.74972E-6	1.00152E+0	-1.39998E-7
1.06000E-2	-7.14476E-3	6.07994E-6	1.00041E+0	-1.44705E-7
1.06400E-2	-6.06598E-3	3.19654E-6	9.97127E-1	-1.25958E-7
1.06800E-2	-4.71749E-3	1.52544E-5	9.98788E-1	-1.09323E-7
1.07200E-2	-6.60537E-3	5.81781E-6	9.97681E-1	-8.50908E-8
1.07600E-2	-7.95385E-3	6.47313E-6	9.97612E-1	-6.27911E-8
1.08000E-2	-4.71749E-3	8.83228E-6	9.99238E-1	-5.06907E-8
1.08400E-2	-7.14476E-3	1.14535E-5	9.99446E-1	-3.78190E-8
1.08800E-2	-5.25689E-3	3.72080E-6	9.99896E-1	-3.98292E-8
1.09200E-2	-6.33567E-3	1.35506E-5	1.00069E+0	-4.30471E-8
1.09600E-2	-6.33567E-3	1.10604E-5	9.98685E-1	-3.39933E-8
1.10000E-2	-4.71749E-3	1.60408E-5	9.99134E-1	-3.10324E-8
1.10400E-2	-6.87507E-3	1.26331E-5	9.99723E-1	-2.11059E-8
1.10800E-2	-6.87507E-3	6.73526E-6	9.98823E-1	-1.00340E-8
1.11200E-2	-7.14476E-3	-7.35361E-7	1.00080E+0	-1.87216E-8
1.11600E-2	-7.14476E-3	6.21101E-6	1.00031E+0	-1.83632E-8
1.12000E-2	-6.87507E-3	1.10604E-5	9.99100E-1	-1.67504E-8
1.12400E-2	-5.25689E-3	1.69582E-5	9.99550E-1	-1.11404E-8
1.12800E-2	-6.60537E-3	9.74972E-6	9.99584E-1	3.76502E-9
1.13200E-2	-7.41446E-3	2.41016E-6	1.00073E+0	-6.66019E-9
1.13600E-2	-4.17810E-3	1.19778E-5	1.00093E+0	-1.68750E-8
1.14000E-2	-7.14476E-3	2.11522E-5	9.98442E-1	-3.18512E-9
1.14400E-2	-6.60537E-3	1.39438E-5	1.00021E+0	-3.99545E-9
1.14800E-2	-5.79628E-3	8.70121E-6	1.00128E+0	-1.21299E-8
1.15200E-2	-6.33567E-3	1.21089E-5	9.97958E-1	-2.32804E-9
1.15600E-2	-5.52658E-3	1.34195E-5	1.00028E+0	1.88657E-10
1.16000E-2	-6.87507E-3	1.39438E-5	1.00104E+0	-4.75124E-9
1.16400E-2	-6.33567E-3	1.07982E-5	9.98754E-1	-2.91241E-9
1.16800E-2	-6.60537E-3	6.34207E-6	1.00028E+0	-1.80600E-9
1.17200E-2	-6.33567E-3	8.57015E-6	1.00062E+0	-2.17221E-9
1.17600E-2	-6.06598E-3	1.22399E-5	9.99480E-1	-3.64483E-9
1.18000E-2	-6.33567E-3	1.01429E-5	1.00083E+0	-6.91732E-9
1.18400E-2	-6.87507E-3	6.99739E-6	1.00073E+0	-1.52232E-8
1.18800E-2	-5.25689E-3	2.08901E-5	9.98581E-1	-9.83139E-9
1.19200E-2	-4.98719E-3	6.34207E-6	9.99169E-1	1.38857E-9
1.19600E-2	-5.52658E-3	1.14535E-5	9.99584E-1	1.42604E-8
1.20000E-2	1.99373E+0	4.63824E-6	1.25612E+0	-7.95127E-7
1.20400E-2	1.99346E+0	1.42059E-5	9.00195E-1	-3.18692E-7
1.20800E-2	1.99238E+0	1.05361E-5	7.65714E-1	9.57407E-7
1.21200E-2	1.99292E+0	1.32884E-5	6.67432E-1	1.02378E-6
1.21600E-2	1.99373E+0	-2.57025E-6	6.22686E-1	1.00792E-6
1.22000E-2	1.99373E+0	7.91483E-6	6.17080E-1	9.98118E-7
1.22400E-2	1.99400E+0	8.30802E-6	6.41893E-1	9.89399E-7
1.22800E-2	1.99184E+0	1.00118E-5	6.92211E-1	9.82161E-7
1.23200E-2	1.99481E+0	8.04589E-6	7.55609E-1	9.80081E-7
1.23600E-2	1.99319E+0	7.78377E-6	8.30359E-1	9.75982E-7
1.24000E-2	1.99238E+0	7.52164E-6	9.14487E-1	9.72460E-7
1.24400E-2	1.99346E+0	1.00118E-5	9.99619E-1	9.36284E-7
1.24800E-2	1.99346E+0	1.48612E-5	1.03834E+0	6.21058E-7
1.25200E-2	1.99346E+0	9.88078E-6	1.02935E+0	2.55302E-7
1.25600E-2	1.99319E+0	8.43908E-6	1.00827E+0	7.98114E-8
1.26000E-2	1.99481E+0	1.13225E-5	9.99688E-1	6.16491E-8
1.26400E-2	1.99319E+0	1.04050E-5	9.98408E-1	8.02555E-8
1.26800E-2	1.99265E+0	6.47313E-6	9.98719E-1	8.94652E-8
1.27200E-2	1.99373E+0	-1.25961E-6	1.00163E+0	8.86705E-8
1.27600E-2	1.99292E+0	8.57015E-6	1.00152E+0	6.66046E-8
1.28000E-2	1.99346E+0	1.34195E-5	1.00408E+0	3.97858E-8
1.28400E-2	1.99319E+0	5.42462E-6	1.00308E+0	4.97272E-9
1.28800E-2	1.99373E+0	7.91483E-6	9.98442E-1	2.58782E-10
1.29200E-2	1.99589E+0	1.10604E-5	1.00062E+0	3.95202E-9
1.29600E-2	1.99508E+0	1.00118E-5	9.99204E-1	9.84250E-9
1.30000E-2	1.99373E+0	4.50718E-6	9.99965E-1	7.65305E-9
1.30400E-2	1.99346E+0	6.21101E-6	1.00086E+0	4.41952E-9
1.30800E-2	1.99427E+0	9.48759E-6	1.00059E+0	-2.37479E-9
1.31200E-2	1.99373E+0	1.82688E-5	9.99827E-1	-7.81335E-9
1.31600E-2	1.99346E+0	1.11914E-5	9.99238E-1	7.57447E-10
1.32000E-2	1.99184E+0	1.70893E-5	9.98615E-1	1.78211E-8
1.32400E-2	1.99265E+0	7.12845E-6	1.00048E+0	1.36370E-8
1.32800E-2	1.99319E+0	9.74972E-6	1.00128E+0	5.58047E-9
1.33200E-2	1.99319E+0	1.11914E-5	9.99896E-1	-2.47674E-10
1.33600E-2	1.99184E+0	8.57015E-6	1.00014E+0	-4.54087E-9
1.34000E-2	1.99427E+0	2.80335E-6	1.00024E+0	1.97294E-9
1.34400E-2	1.99319E+0	1.07982E-5	9.99411E-1	-3.62145E-9
1.34800E-2	1.99238E+0	2.80335E-6	1.00031E+0	-5.67131E-10
1.35200E-2	1.99346E+0	8.30802E-6	9.99757E-1	3.96760E-9
1.35600E-2	1.99292E+0	1.68271E-5	1.00041E+0	-1.65796E-9
1.36000E-2	1.99373E+0	7.91483E-6	9.99792E-1	1.48207E-9
1.36400E-2	1.99265E+0	7.25951E-6	9.99654E-1	6.18822E-9
1.36800E-2	1.99535E+0	9.74972E-6	1.00007E+0	-4.50918E-11
1.37200E-2	1.99319E+0	1.56476E-5	9.99757E-1	8.82179E-9
1.37600E-2	1.99454E+0	8.96334E-6	9.99273E-1	9.12567E-9
1.38000E-2	1.99211E+0	1.70893E-5	1.00107E+0	5.94668E-9
1.38400E-2	1.99508E+0	1.10604E-5	1.00131E+0	-4.12012E-9
1.38800E-2	1.99211E+0	5.42462E-6	9.97992E-1	-1.02684E-9
1.39200E-2	1.99319E+0	9.88078E-6	1.00010E+0	7.71538E-9
1.39600E-2	1.99373E+0	1.14535E-5	1.00059E+0	7.99588E-9
1.40000E-2	-4.71749E-3	1.43369E-5	7.75681E-1	7.83100E-7
1.40400E-2	-6.60537E-3	1.06672E-5	1.11676E+0	2.05872E-7
1.40800E-2	-3.90841E-3	1.76135E-5	1.23435E+0	-9.88391E-7
1.41200E-2	-5.25689E-3	7.52164E-6	1.32045E+0	-1.01872E-6
1.41600E-2	-7.14476E-3	1.15846E-5	1.35022E+0	-1.00232E-6
1.42000E-2	-3.36901E-3	2.14144E-5	1.32928E+0	-9.91601E-7
1.42400E-2	-6.60537E-3	8.30802E-6	1.28831E+0	-9.83700E-7
1.42800E-2	-5.25689E-3	7.65270E-6	1.22574E+0	-9.78870E-7
1.43200E-2	-7.95385E-3	-3.74982E-6	1.14625E+0	-9.74927E-7
1.43600E-2	-4.98719E-3	6.99739E-6	1.05783E+0	-9.71834E-7
1.44000E-2	-7.41446E-3	6.07994E-6	9.83804E-1	-8.88362E-7
1.44400E-2	-6.06598E-3	1.43369E-5	9.63213E-1	-5.44595E-7
1.44800E-2	-6.06598E-3	2.63948E-5	9.78371E-1	-2.42879E-7
1.45200E-2	-5.79628E-3	8.43908E-6	9.95847E-1	-1.26036E-7
1.45600E-2	-4.44780E-3	5.68675E-6	1.00135E+0	-1.34864E-7
1.46000E-2	-5.52658E-3	1.95795E-5	1.00253E+0	-1.57499E-7
1.46400E-2	-7.14476E-3	1.14535E-5	9.98685E-1	-1.56564E-7
1.46800E-2	-7.14476E-3	1.39438E-5	9.98131E-1	-1.40645E-7
1.47200E-2	-6.33567E-3	1.31574E-5	9.97716E-1	-1.16444E-7
1.47600E-2	-8.76294E-3	1.60408E-5	9.97439E-1	-9.21267E-8
1.48000E-2	-6.06598E-3	8.96334E-6	9.98961E-1	-7.61850E-8
1.48400E-2	-7.68415E-3	1.01429E-5	9.99065E-1	-6.55572E-8
1.48800E-2	-7.14476E-3	7.39058E-6	9.97543E-1	-4.36081E-8
1.49200E-2	-6.87507E-3	4.90037E-6	9.99896E-1	-3.71411E-8
1.49600E-2	-6.60537E-3	1.00118E-5	1.00142E+0	-3.91357E-8
1.50000E-2	-4.44780E-3	9.48759E-6	9.99204E-1	-4.38731E-8
1.50400E-2	-8.76294E-3	1.05361E-5	9.99723E-1	-4.22524E-8
1.50800E-2	-6.33567E-3	1.06672E-5	9.99204E-1	-2.86092E-8
1.51200E-2	-6.06598E-3	7.91483E-6	9.98304E-1	-2.02722E-8
1.51600E-2	-6.60537E-3	7.12845E-6	1.00055E+0	-1.56517E-8
1.52000E-2	-6.33567E-3	7.25951E-6	9.99307E-1	-8.60031E-9
1.52400E-2	-6.06598E-3	2.66569E-5	9.99827E-1	-9.62101E-9
1.52800E-2	-6.33567E-3	1.02740E-5	1.00080E+0	-1.19118E-8
1.53200E-2	-6.87507E-3	9.88078E-6	1.00107E+0	-2.29525E-8
1.53600E-2	-5.79628E-3	1.18467E-5	9.99065E-1	-2.34356E-8
1.54000E-2	-6.87507E-3	1.49923E-5	9.99134E-1	-8.17177E-9
1.54400E-2	-6.87507E-3	9.48759E-6	9.99550E-1	-3.69937E-9
1.54800E-2	-6.33567E-3	8.70121E-6	9.99827E-1	-6.00569E-9
1.55200E-2	-7.14476E-3	1.01429E-5	1.00041E+0	2.10540E-9
1.55600E-2	-7.14476E-3	7.39058E-6	9.99584E-1	-4.15908E-9
1.56000E-2	-6.06598E-3	6.73526E-6	1.00090E+0	-1.09222E-8
1.56400E-2	-6.33567E-3	-5.97790E-6	9.99965E-1	-6.36411E-9
1.56800E-2	-6.60537E-3	1.57786E-5	9.98408E-1	-1.83717E-9
1.57200E-2	-6.06598E-3	1.07982E-5	1.00059E+0	4.52081E-9
1.57600E-2	-6.87507E-3	9.74972E-6	1.00097E+0	-4.33828E-9
1.58000E-2	-7.41446E-3	1.62378E-6	9.99480E-1	-9.10677E-9
1.58400E-2	-5.52658E-3	1.55165E-5	1.00062E+0	-1.02599E-8
1.58800E-2	-4.71749E-3	1.05361E-5	9.98096E-1	4.20914E-9
1.59200E-2	-6.87507E-3	1.27642E-5	9.99930E-1	7.67642E-9
1.59600E-2	-6.60537E-3	9.35653E-6	1.00197E+0	8.43155E-10
1.60000E-2	1.99346E+0	1.01429E-5	1.17933E+0	-7.62441E-7
1.60400E-2	1.99265E+0	8.17696E-6	8.60259E-1	-1.61037E-8
1.60800E-2	1.99130E+0	6.34207E-6	7.38652E-1	1.02474E-6
1.61200E-2	1.99346E+0	5.55569E-6	6.41893E-1	1.02173E-6
1.61600E-2	1.99211E+0	-1.91493E-6	6.03826E-1	1.00736E-6
1.62000E-2	1.99562E+0	8.30802E-6	6.02580E-1	9.95407E-7
1.62400E-2	1.99292E+0	1.07982E-5	6.35664E-1	9.87124E-7
1.62800E-2	1.99346E+0	8.96334E-6	6.89304E-1	9.82083E-7
1.63200E-2	1.99319E+0	7.78377E-6	7.55852E-1	9.77735E-7
1.63600E-2	1.99346E+0	8.30802E-6	8.38388E-1	9.74229E-7
1.64000E-2	1.99346E+0	7.91483E-6	9.29714E-1	9.71268E-7
1.64400E-2	1.99346E+0	1.14535E-5	1.01170E+0	9.08398E-7
1.64800E-2	1.99184E+0	1.07982E-5	1.04125E+0	5.29311E-7
1.65200E-2	1.99562E+0	1.36166E-6	1.02578E+0	1.82022E-7
1.65600E-2	1.99292E+0	7.91483E-6	1.00523E+0	4.87150E-8
1.66000E-2	1.99346E+0	1.21089E-5	9.97958E-1	4.76008E-8
1.66400E-2	1.99238E+0	4.37612E-6	9.97992E-1	8.13308E-8
1.66800E-2	1.99238E+0	-1.39068E-6	1.00100E+0	7.67337E-8
1.67200E-2	1.99319E+0	5.55569E-6	1.00215E+0	5.96311E-8
1.67600E-2	1.99265E+0	4.76931E-6	1.00069E+0	5.15278E-8
1.68000E-2	1.99400E+0	5.68675E-6	9.99654E-1	4.52944E-8
1.68400E-2	1.99427E+0	5.68675E-6	1.00208E+0	3.55549E-8
1.68800E-2	1.99319E+0	6.86632E-6	1.00111E+0	1.98548E-8
1.69200E-2	1.99184E+0	2.52152E-5	9.98927E-1	1.50941E-8
1.69600E-2	1.99157E+0	1.13225E-5	1.00066E+0	2.12962E-8
1.70000E-2	1.99157E+0	9.61866E-6	9.99827E-1	2.02911E-8
1.70400E-2	1.99211E+0	9.48759E-6	1.00014E+0	1.53356E-8
1.70800E-2	1.99373E+0	9.48759E-6	1.00114E+0	1.10814E-8
1.71200E-2	1.99184E+0	1.23710E-5	1.00097E+0	1.31065E-9
1.71600E-2	1.99454E+0	8.30802E-6	9.99619E-1	-7.40819E-9
1.72000E-2	1.99104E+0	1.21089E-5	1.00021E+0	1.03795E-9
1.72400E-2	1.99184E+0	6.07994E-6	9.99100E-1	2.55732E-9
1.72800E-2	1.99346E+0	1.14535E-5	1.00024E+0	1.73919E-9
1.73200E-2	1.99319E+0	1.13225E-5	9.99204E-1	1.39409E-8
1.73600E-2	1.99319E+0	8.30802E-6	1.00052E+0	8.45558E-9
1.74000E-2	1.99373E+0	1.76135E-5	1.00128E+0	-3.35654E-9
1.74400E-2	1.99292E+0	1.10604E-5	9.99792E-1	-2.99033E-9
1.74800E-2	1.99319E+0	1.23710E-5	9.98442E-1	3.04819E-9
1.75200E-2	1.99427E+0	1.83999E-5	1.00007E+0	1.44006E-8
1.75600E-2	1.99427E+0	9.22547E-6	1.00055E+0	1.18605E-8
1.76000E-2	1.99535E+0	5.81781E-6	1.00052E+0	-1.43200E-9
1.76400E-2	1.99265E+0	1.04050E-5	1.00010E+0	1.41974E-9
1.76800E-2	1.99292E+0	7.78377E-6	9.99550E-1	2.40148E-9
1.77200E-2	1.99319E+0	1.04050E-5	1.00083E+0	-4.16687E-9
1.77600E-2	1.99265E+0	1.26331E-5	1.00003E+0	-2.38258E-9
1.78000E-2	1.99292E+0	1.14535E-5	9.99100E-1	1.75478E-9
1.78400E-2	1.99373E+0	1.35506E-5	1.00069E+0	3.99032E-10
1.78800E-2	1.99157E+0	1.28952E-5	1.00014E+0	-3.05266E-9
1.79200E-2	1.99427E+0	1.25021E-5	9.98512E-1	3.87410E-9
1.79600E-2	1.99373E+0	7.91483E-6	1.00128E+0	2.30798E-9
1.80000E-2	-4.44780E-3	7.06338E-7	8.49081E-1	7.38353E-7
1.80400E-2	-5.25689E-3	9.48759E-6	1.14386E+0	-6.82687E-8
1.80800E-2	-5.79628E-3	7.39058E-6	1.25605E+0	-1.02708E-6
1.81200E-2	-6.06598E-3	8.70121E-6	1.33302E+0	-1.01668E-6
1.81600E-2	-6.33567E-3	1.02740E-5	1.36146E+0	-1.00289E-6
1.82000E-2	-5.79628E-3	1.05361E-5	1.35388E+0	-9.95115E-7
1.82400E-2	-5.25689E-3	1.27642E-5	1.31862E+0	-9.87105E-7
1.82800E-2	-6.33567E-3	7.78377E-6	1.26661E+0	-9.81316E-7
1.83200E-2	-6.33567E-3	-7.35361E-7	1.19684E+0	-9.78309E-7
1.83600E-2	-6.33567E-3	1.19778E-5	1.11479E+0	-9.72644E-7
1.84000E-2	-7.14476E-3	1.51233E-5	1.02793E+0	-9.67852E-7
1.84400E-2	-7.41446E-3	1.01429E-5	9.65013E-1	-7.41092E-7
1.84800E-2	-6.60537E-3	1.93174E-5	9.61656E-1	-3.16845E-7
1.85200E-2	-6.06598E-3	1.43369E-5	9.85603E-1	-6.05549E-8
1.85600E-2	-6.33567E-3	1.10604E-5	1.00125E+0	-1.89164E-8
1.86000E-2	-5.25689E-3	5.81781E-6	1.00481E+0	-7.00530E-8
1.86400E-2	-5.25689E-3	1.49923E-5	1.00266E+0	-1.07772E-7
1.86800E-2	-6.60537E-3	9.74972E-6	9.98615E-1	-1.07196E-7
1.87200E-2	-7.95385E-3	1.18467E-5	9.96401E-1	-8.11482E-8
1.87600E-2	-4.98719E-3	6.60420E-6	9.98685E-1	-5.10102E-8
1.88000E-2	-6.06598E-3	9.61866E-6	1.00003E+0	-4.37951E-8
1.88400E-2	-6.06598E-3	8.43908E-6	1.00028E+0	-5.49761E-8
1.88800E-2	-5.79628E-3	1.13225E-5	9.99169E-1	-4.59846E-8
1.89200E-2	-7.68415E-3	5.03143E-6	9.97612E-1	-2.50796E-8
1.89600E-2	-3.63871E-3	1.70893E-5	1.00076E+0	-2.14253E-8
1.90000E-2	-6.06598E-3	1.01429E-5	1.00069E+0	-2.89677E-8
1.90400E-2	-6.06598E-3	1.47301E-5	9.98131E-1	-2.15656E-8
1.90800E-2	-6.06598E-3	1.07982E-5	1.00041E+0	-1.54570E-8
1.91200E-2	-5.25689E-3	1.44680E-5	1.00073E+0	-1.79892E-8
1.91600E-2	-7.41446E-3	1.11914E-5	9.99411E-1	-2.13630E-8
1.92000E-2	-8.76294E-3	1.55165E-5	1.00031E+0	-2.30382E-8
1.92400E-2	-6.33567E-3	8.30802E-6	9.99100E-1	-1.35558E-8
1.92800E-2	-7.95385E-3	-3.48769E-6	9.98027E-1	-1.60342E-9
1.93200E-2	-6.60537E-3	8.04589E-6	1.00076E+0	4.39614E-9
1.93600E-2	-6.87507E-3	1.60408E-5	1.00024E+0	4.84079E-11
1.94000E-2	-6.33567E-3	1.25021E-5	1.00076E+0	-1.50050E-8
1.94400E-2	-7.41446E-3	5.94888E-6	9.99896E-1	-8.96652E-9
1.94800E-2	-5.79628E-3	1.02740E-5	1.00000E+0	-1.08131E-8
1.95200E-2	-5.25689E-3	1.01429E-5	9.99134E-1	-7.26794E-9
1.95600E-2	-5.52658E-3	1.13225E-5	1.00021E+0	2.30019E-9
1.96000E-2	-5.52658E-3	5.16250E-6	1.00000E+0	-1.17488E-9
1.96400E-2	-7.68415E-3	1.34195E-5	1.00073E+0	-1.22546E-8
1.96800E-2	-7.41446E-3	9.35653E-6	9.98858E-1	2.15215E-9
1.97200E-2	-6.60537E-3	1.27642E-5	1.00118E+0	-3.30979E-9
1.97600E-2	-7.14476E-3	1.04050E-5	1.00035E+0	-1.34311E-8
1.98000E-2	-7.95385E-3	9.09440E-6	9.98754E-1	-2.22675E-9
1.98400E-2	-6.06598E-3	2.19386E-5	9.98996E-1	3.04819E-9
1.98800E-2	-6.06598E-3	4.90037E-6	1.00031E+0	7.57513E-9
1.99200E-2	-7.41446E-3	1.09953E-6	9.99654E-1	1.05827E-8
1.99600E-2	-6.60537E-3	5.68675E-6	1.00097E+0	3.13390E-9
2.00000E-2	1.99265E+0	8.96334E-6	1.20238E+0	-7.99802E-7
2.00400E-2	1.99238E+0	9.88078E-6	9.09054E-1	-3.97395E-7
2.00800E-2	1.99319E+0	1.27642E-5	7.64815E-1	9.35419E-7
2.01200E-2	1.99104E+0	3.85186E-6	6.54074E-1	1.02525E-6
2.01600E-2	1.99454E+0	7.65270E-6	6.04449E-1	1.01027E-6
2.02000E-2	1.99427E+0	1.56476E-5	5.99016E-1	9.98243E-7
2.02400E-2	1.99346E+0	1.44680E-5	6.19952E-1	9.89625E-7
2.02800E-2	1.99373E+0	1.25021E-5	6.69440E-1	9.82722E-7
2.03200E-2	1.99346E+0	-9.51662E-6	7.37130E-1	9.77564E-7
2.03600E-2	1.99238E+0	1.05361E-5	8.13056E-1	9.75328E-7
2.04000E-2	1.99454E+0	1.13225E-5	9.02133E-1	9.72873E-7
2.04400E-2	1.99400E+0	7.65270E-6	9.94116E-1	9.44068E-7
2.04800E-2	1.99346E+0	1.00118E-5	1.03821E+0	6.45438E-7
2.05200E-2	1.99427E+0	1.13225E-5	1.03066E+0	2.63554E-7
2.05600E-2	1.99184E+0	1.10604E-5	1.01021E+0	7.50897E-8
2.06000E-2	1.99292E+0	8.96334E-6	9.97404E-1	6.40801E-8
2.06400E-2	1.99373E+0	1.06672E-5	9.98131E-1	9.44207E-8
2.06800E-2	1.99346E+0	7.12845E-6	1.00059E+0	1.01012E-7
2.07200E-2	1.99265E+0	2.15454E-5	1.00038E+0	9.34000E-8
2.07600E-2	1.99238E+0	8.04589E-6	1.00318E+0	6.57085E-8
2.08000E-2	1.99427E+0	1.01429E-5	1.00069E+0	5.62884E-8
2.08400E-2	1.99319E+0	7.65270E-6	9.99550E-1	4.78579E-8
2.08800E-2	1.99346E+0	9.22547E-6	1.00145E+0	4.36504E-8
2.09200E-2	1.99346E+0	1.23710E-5	1.00045E+0	3.74794E-8
2.09600E-2	1.99319E+0	6.60420E-6	1.00048E+0	2.72101E-8
2.10000E-2	1.99265E+0	1.31574E-5	1.00100E+0	2.07196E-8
2.10400E-2	1.99589E+0	2.54123E-6	1.00038E+0	1.75484E-8
2.10800E-2	1.99319E+0	1.06672E-5	9.99827E-1	7.22451E-9
2.11200E-2	1.99346E+0	8.30802E-6	1.00045E+0	1.27410E-8
2.11600E-2	1.99346E+0	1.02740E-5	9.98823E-1	1.83977E-8
2.12000E-2	1.99238E+0	6.73526E-6	1.00052E+0	1.46733E-8
2.12400E-2	1.99373E+0	1.31574E-5	1.00069E+0	1.57408E-8
2.12800E-2	1.99373E+0	1.22399E-5	9.99342E-1	1.04892E-8
2.13200E-2	1.99319E+0	1.02740E-5	1.00045E+0	7.88680E-9
2.13600E-2	1.99427E+0	8.70121E-6	1.00045E+0	1.26631E-8
2.14000E-2	1.99508E+0	8.83228E-6	1.00048E+0	6.09406E-10
2.14400E-2	1.99265E+0	9.35653E-6	9.99654E-1	6.85051E-9
2.14800E-2	1.99265E+0	1.11914E-5	9.99619E-1	1.28501E-8
2.15200E-2	1.99292E+0	7.52164E-6	9.99965E-1	6.21159E-9
2.15600E-2	1.99238E+0	1.82084E-7	1.00076E+0	6.24276E-9
2.16000E-2	1.99346E+0	9.35653E-6	9.99688E-1	6.49209E-9
2.16400E-2	1.99292E+0	1.30263E-5	1.00031E+0	4.22406E-10
2.16800E-2	1.99427E+0	1.25021E-5	9.99446E-1	8.80621E-9
2.17200E-2	1.99427E+0	6.07994E-6	1.00035E+0	4.02993E-9
2.17600E-2	1.99373E+0	1.39438E-5	9.99134E-1	5.78305E-9
2.18000E-2	1.99211E+0	9.61866E-6	1.00080E+0	1.23047E-8
2.18400E-2	1.99319E+0	1.14535E-5	9.99169E-1	5.92330E-9
2.18800E-2	1.99292E+0	7.25951E-6	1.00062E+0	7.48163E-9
2.19200E-2	1.99346E+0	9.61866E-6	1.00111E+0	2.83002E-9
2.19600E-2	1.99481E+0	8.30802E-6	9.99065E-1	-5.12524E-9
2.20000E-2	-6.06598E-3	1.17157E-5	8.39876E-1	7.52035E-7
2.20400E-2	-4.98719E-3	1.61718E-5	1.13881E+0	-7.24456E-9
2.20800E-2	-4.71749E-3	1.21089E-5	1.22408E+0	-1.01056E-6
2.21200E-2	-5.79628E-3	9.09440E-6	1.28010E+0	-1.01300E-6
2.21600E-2	-4.98719E-3	1.00118E-5	1.29865E+0	-1.00167E-6
2.22000E-2	-6.60537E-3	8.57015E-6	1.28443E+0	-9.91001E-7
2.22400E-2	-4.98719E-3	1.59097E-5	1.23948E+0	-9.85033E-7
2.22800E-2	-7.14476E-3	1.05361E-5	1.17341E+0	-9.76633E-7
2.23200E-2	-6.33567E-3	1.30263E-5	1.09759E+0	-9.75955E-7
2.23600E-2	-4.71749E-3	1.17157E-5	1.01699E+0	-9.72309E-7
2.24000E-2	-5.52658E-3	1.00118E-5	9.68404E-1	-7.70887E-7
2.24400E-2	-6.33567E-3	1.26331E-5	9.71276E-1	-4.17638E-7
2.24800E-2	-5.25689E-3	1.25021E-5	9.88164E-1	-2.27732E-7
2.25200E-2	-6.87507E-3	7.65270E-6	9.96677E-1	-1.71297E-7
2.25600E-2	-5.25689E-3	7.39058E-6	1.00125E+0	-1.67550E-7
2.26000E-2	-6.33567E-3	9.68465E-7	9.97646E-1	-1.60389E-7
2.26400E-2	-6.60537E-3	7.78377E-6	9.95362E-1	-1.21626E-7
2.26800E-2	-5.79628E-3	1.05361E-5	9.96193E-1	-7.19697E-8
2.27200E-2	-5.52658E-3	7.12845E-6	9.96539E-1	-3.62217E-8
2.27600E-2	-6.60537E-3	7.25951E-6	9.99273E-1	-1.87762E-8
2.28000E-2	-6.87507E-3	8.96334E-6	1.00021E+0	-1.29948E-8
2.28400E-2	-6.06598E-3	2.27910E-6	9.99411E-1	-1.68984E-8
2.28800E-2	-6.33567E-3	1.07982E-5	1.00055E+0	-2.09111E-8
2.29200E-2	-6.87507E-3	8.04589E-6	9.99065E-1	-7.74323E-9
2.29600E-2	-6.06598E-3	6.21101E-6	1.00028E+0	-8.82627E-9
2.30000E-2	-5.25689E-3	1.26331E-5	1.00097E+0	-1.83788E-8
2.30400E-2	-6.87507E-3	6.47313E-6	9.97992E-1	-8.38994E-9
2.30800E-2	-5.79628E-3	5.03143E-6	1.00007E+0	-1.13592E-9
2.31200E-2	-7.14476E-3	1.04050E-5	1.00111E+0	-7.51727E-9
2.31600E-2	-4.71749E-3	1.59097E-5	9.99446E-1	-1.02366E-8
2.32000E-2	-6.60537E-3	-8.00432E-8	9.99307E-1	-3.62145E-9
2.32400E-2	-6.33567E-3	6.47313E-6	9.98823E-1	1.36994E-8
2.32800E-2	-5.52658E-3	1.11914E-5	1.00003E+0	1.45720E-8
2.33200E-2	-6.06598E-3	1.13225E-5	1.00183E+0	6.09406E-10
2.33600E-2	-5.79628E-3	1.15846E-5	1.00066E+0	-8.21852E-9
2.34000E-2	-7.14476E-3	8.30802E-6	9.97854E-1	-2.70204E-9
2.34400E-2	-5.79628E-3	5.81781E-6	1.00055E+0	5.17531E-9
2.34800E-2	-4.98719E-3	1.25021E-5	1.00076E+0	2.00411E-9
2.35200E-2	-6.33567E-3	1.17157E-5	9.99411E-1	-5.80311E-9
2.35600E-2	-6.06598E-3	1.68271E-5	1.00076E+0	-3.23187E-9
2.36000E-2	-6.06598E-3	8.30802E-6	9.99377E-1	-1.02684E-9
2.36400E-2	-6.33567E-3	6.86632E-6	9.99377E-1	3.86631E-9
2.36800E-2	-7.14476E-3	1.19778E-5	1.00014E+0	1.04113E-8
2.37200E-2	-5.79628E-3	1.25021E-5	9.99342E-1	1.28267E-8
2.37600E-2	-7.14476E-3	1.45991E-5	1.00131E+0	-2.23454E-9
2.38000E-2	-4.98719E-3	6.73526E-6	1.00031E+0	-6.37256E-10
2.38400E-2	-9.03264E-3	8.17696E-6	9.99031E-1	4.95714E-9
2.38800E-2	-8.49324E-3	-1.39068E-6	1.00014E+0	-9.56713E-10
2.39200E-2	-7.95385E-3	8.30802E-6	9.99723E-1	9.13346E-9
2.39600E-2	-6.87507E-3	8.96334E-6	9.99688E-1	8.54129E-9
2.40000E-2	1.99427E+0	1.23710E-5	1.20560E+0	-7.82996E-7
2.40400E-2	1.99346E+0	1.19778E-5	9.08916E-1	-3.91139E-7
2.40800E-2	1.99373E+0	1.35506E-5	8.31847E-1	8.60861E-7
2.41200E-2	1.99157E+0	1.21089E-5	7.89697E-1	1.00934E-6
2.41600E-2	1.99373E+0	1.18467E-5	7.70940E-1	1.00180E-6
2.42000E-2	1.99319E+0	9.22547E-6	7.79972E-1	9.96334E-7
2.42400E-2	1.99427E+0	1.04050E-5	8.08661E-1	9.88036E-7
2.42800E-2	1.99211E+0	9.09440E-6	8.53684E-1	9.84857E-7
2.43200E-2	1.99265E+0	9.35653E-6	9.15422E-1	9.80135E-7
2.43600E-2	1.99346E+0	2.54123E-6	9.85707E-1	9.66383E-7
2.44000E-2	1.99373E+0	8.70121E-6	1.02710E+0	7.78075E-7
2.44400E-2	1.99454E+0	9.22547E-6	1.03070E+0	4.42146E-7
2.44800E-2	1.99346E+0	5.29356E-6	1.01464E+0	2.22476E-7
2.45200E-2	1.99427E+0	8.43908E-6	1.00052E+0	1.61756E-7
2.45600E-2	1.99319E+0	8.96334E-6	9.99515E-1	1.67795E-7
2.46000E-2	1.99319E+0	1.27642E-5	9.99100E-1	1.83744E-7
2.46400E-2	1.99319E+0	1.45991E-5	1.00173E+0	1.70740E-7
2.46800E-2	1.99238E+0	6.34207E-6	1.00484E+0	1.34750E-7
2.47200E-2	1.99454E+0	1.02740E-5	1.00197E+0	1.04230E-7
2.47600E-2	1.99157E+0	1.60408E-5	1.00145E+0	8.11048E-8
2.48000E-2	1.99454E+0	1.30263E-5	1.00208E+0	6.23036E-8
2.48400E-2	1.99427E+0	7.39058E-6	9.98927E-1	6.55605E-8
2.48800E-2	1.99346E+0	2.01697E-6	1.00197E+0	5.66936E-8
2.49200E-2	1.99211E+0	9.74972E-6	1.00149E+0	3.63496E-8
2.49600E-2	1.99400E+0	1.15846E-5	9.99031E-1	3.66769E-8
2.50000E-2	1.99373E+0	1.21089E-5	1.00014E+0	3.89676E-8
2.50400E-2	1.99265E+0	1.11914E-5	1.00159E+0	3.03890E-8
2.50800E-2	1.99400E+0	1.14535E-5	9.99065E-1	2.54491E-8
2.51200E-2	1.99292E+0	8.43908E-6	1.00170E+0	2.06651E-8
2.51600E-2	1.99400E+0	9.35653E-6	9.99723E-1	1.89431E-8
2.52000E-2	1.99265E+0	3.85186E-6	9.99065E-1	1.91925E-8
2.52400E-2	1.99265E+0	5.55569E-6	1.00107E+0	2.07040E-8
2.52800E-2	1.99184E+0	1.56476E-5	1.00166E+0	5.22206E-9
2.53200E-2	1.99157E+0	7.78377E-6	1.00007E+0	-4.22920E-9
2.53600E-2	1.99427E+0	1.02740E-5	1.00035E+0	-3.56691E-9
2.54000E-2	1.99346E+0	9.88078E-6	9.98927E-1	1.73074E-10
2.54400E-2	1.99427E+0	1.17157E-5	9.98961E-1	6.32847E-9
2.54800E-2	1.99319E+0	2.27910E-6	1.00035E+0	1.58888E-8
2.55200E-2	1.99454E+0	5.55569E-6	1.00059E+0	1.22969E-8
2.55600E-2	1.99454E+0	8.57015E-6	1.00180E+0	-9.79243E-9
2.56000E-2	1.99454E+0	9.35653E-6	9.99307E-1	-5.80311E-9
2.56400E-2	1.99292E+0	1.27642E-5	9.99238E-1	-3.47341E-9
2.56800E-2	1.99238E+0	1.00118E-5	9.99446E-1	3.74164E-9
2.57200E-2	1.99346E+0	8.43908E-6	9.99238E-1	1.79068E-8
2.57600E-2	1.99346E+0	1.21089E-5	1.00024E+0	1.26163E-8
2.58000E-2	1.99346E+0	1.11914E-5	1.00131E+0	3.05598E-9
2.58400E-2	1.99184E+0	1.06672E-5	1.00010E+0	2.15994E-9
2.58800E-2	1.99238E+0	-1.78387E-6	9.99861E-1	-3.22408E-9
2.59200E-2	1.99238E+0	9.61866E-6	1.00003E+0	2.29240E-9
2.59600E-2	1.99346E+0	1.05361E-5	1.00031E+0	-4.73632E-10
2.60000E-2	-4.17810E-3	7.52164E-6	8.37592E-1	7.48240E-7
2.60400E-2	-5.79628E-3	6.47313E-6	1.14254E+0	-2.41992E-8
2.60800E-2	-4.17810E-3	6.60420E-6	1.25221E+0	-1.02427E-6
2.61200E-2	-6.06598E-3	7.12845E-6	1.33662E+0	-1.01730E-6
2.61600E-2	-6.06598E-3	1.65650E-5	1.36572E+0	-1.00557E-6
2.62000E-2	-4.71749E-3	7.91483E-6	1.35444E+0	-9.91102E-7
2.62400E-2	-5.25689E-3	8.57015E-6	1.31440E+0	-9.86443E-7
2.62800E-2	-6.87507E-3	1.28952E-5	1.25955E+0	-9.82243E-7
2.63200E-2	-7.41446E-3	9.88078E-6	1.19065E+0	-9.76407E-7
2.63600E-2	-6.60537E-3	1.00118E-5	1.09904E+0	-9.67338E-7
2.64000E-2	-6.60537E-3	2.22008E-5	9.90033E-1	-8.94782E-7
2.64400E-2	-8.49324E-3	1.00118E-5	9.49959E-1	-4.61840E-7
2.64800E-2	-6.60537E-3	1.23710E-5	9.68162E-1	-1.82386E-8
2.65200E-2	-5.79628E-3	1.69582E-5	9.94220E-1	1.37376E-7
2.65600E-2	-7.68415E-3	1.04050E-5	1.00737E+0	9.30572E-8
2.66000E-2	-6.87507E-3	9.48759E-6	1.00574E+0	2.50440E-8
2.66400E-2	-6.06598E-3	1.49923E-5	1.00311E+0	-2.20565E-8
2.66800E-2	-6.60537E-3	8.57015E-6	9.99065E-1	-2.88118E-8
2.67200E-2	-5.52658E-3	1.11914E-5	9.97681E-1	1.26390E-9
2.67600E-2	-6.06598E-3	1.65650E-5	1.00010E+0	6.48430E-9
2.68000E-2	-5.52658E-3	1.07982E-5	1.00014E+0	4.46627E-9
2.68400E-2	-7.41446E-3	8.96334E-6	1.00055E+0	2.14436E-9
2.68800E-2	-7.14476E-3	2.41016E-6	1.00041E+0	-7.41598E-9
2.69200E-2	-6.60537E-3	7.52164E-6	9.99827E-1	-4.01883E-9
2.69600E-2	-3.09932E-3	1.06672E-5	9.98512E-1	8.39325E-9
2.70000E-2	-6.33567E-3	7.52164E-6	1.00014E+0	5.68176E-9
2.70400E-2	-6.06598E-3	1.14535E-5	1.00086E+0	6.99855E-9
2.70800E-2	-5.25689E-3	1.09293E-5	9.98927E-1	5.79084E-9
2.71200E-2	-6.33567E-3	1.34195E-5	1.00007E+0	1.10268E-8
2.71600E-2	-6.87507E-3	1.14535E-5	1.00066E+0	1.03645E-8
2.72000E-2	-7.68415E-3	4.50718E-6	1.00014E+0	1.27169E-9
2.72400E-2	-4.44780E-3	6.73526E-6	1.00059E+0	-3.73833E-9
2.72800E-2	-5.79628E-3	9.61866E-6	9.99238E-1	6.74142E-9
2.73200E-2	-6.06598E-3	1.63029E-5	1.00010E+0	6.00122E-9
2.73600E-2	-6.33567E-3	7.91483E-6	1.00135E+0	-4.71228E-9
2.74000E-2	-6.33567E-3	9.74972E-6	9.99342E-1	-5.50703E-9
2.74400E-2	-6.60537E-3	3.06548E-6	9.98858E-1	3.99032E-10
2.74800E-2	-6.06598E-3	1.00118E-5	1.00041E+0	7.80888E-9
2.75200E-2	-5.52658E-3	2.15454E-5	9.99896E-1	4.10785E-9
2.75600E-2	-7.14476E-3	8.17696E-6	9.99446E-1	6.49988E-9
2.76000E-2	-5.25689E-3	6.34207E-6	1.00076E+0	1.04814E-8
2.76400E-2	-4.17810E-3	7.39058E-6	9.98961E-1	7.56734E-9
2.76800E-2	-5.79628E-3	1.05361E-5	1.00069E+0	4.28706E-9
2.77200E-2	-6.06598E-3	1.10604E-5	1.00090E+0	3.81956E-9
2.77600E-2	-6.33567E-3	8.96334E-6	9.98892E-1	-2.61633E-9
2.78000E-2	-7.41446E-3	1.04050E-5	9.99965E-1	8.96204E-9
2.78400E-2	-5.79628E-3	2.27910E-6	1.00145E+0	-1.93846E-9
2.78800E-2	-6.33567E-3	1.34195E-5	9.99134E-1	-1.63459E-9
2.79200E-2	-5.79628E-3	6.73526E-6	9.99688E-1	5.53372E-9
2.79600E-2	-6.87507E-3	1.14535E-5	9.99238E-1	1.53122E-8
2.80000E-2	1.99211E+0	1.00118E-5	1.20760E+0	-7.79902E-7
2.80400E-2	1.99265E+0	8.96334E-6	8.99814E-1	-3.29733E-7
2.80800E-2	1.99373E+0	7.91483E-6	8.11776E-1	9.12005E-7
2.81200E-2	1.99346E+0	8.57015E-6	7.46750E-1	1.01416E-6
2.81600E-2	1.99184E+0	1.02740E-5	7.22353E-1	1.00274E-6
2.82000E-2	1.99319E+0	3.85186E-6	7.32077E-1	9.94106E-7
2.82400E-2	1.99265E+0	1.35506E-5	7.71840E-1	9.85083E-7
2.82800E-2	1.99346E+0	4.37612E-6	8.31847E-1	9.80166E-7
2.83200E-2	1.99211E+0	8.96334E-6	9.04936E-1	9.76598E-7
2.83600E-2	1.99508E+0	3.06548E-6	9.85223E-1	9.64396E-7
2.84000E-2	1.99400E+0	1.13225E-5	1.03384E+0	7.32751E-7
2.84400E-2	1.99373E+0	9.88078E-6	1.03139E+0	3.56165E-7
2.84800E-2	1.99427E+0	9.22547E-6	1.01485E+0	1.32795E-7
2.85200E-2	1.99427E+0	1.10604E-5	1.00208E+0	6.81317E-8
2.85600E-2	1.99319E+0	9.22547E-6	9.96954E-1	8.21255E-8
2.86000E-2	1.99454E+0	1.32884E-5	1.00003E+0	1.02656E-7
2.86400E-2	1.99319E+0	7.25951E-6	1.00166E+0	8.70498E-8
2.86800E-2	1.99346E+0	1.82084E-7	1.00093E+0	6.93316E-8
2.87200E-2	1.99319E+0	1.28952E-5	1.00121E+0	6.38541E-8
2.87600E-2	1.99265E+0	1.26331E-5	1.00232E+0	4.50919E-8
2.88000E-2	1.99265E+0	7.91483E-6	1.00176E+0	2.09456E-8
2.88400E-2	1.99373E+0	9.61866E-6	9.99619E-1	2.38285E-8
2.88800E-2	1.99319E+0	1.14535E-5	9.98927E-1	2.61114E-8
2.89200E-2	1.99400E+0	2.16765E-5	1.00076E+0	2.61504E-8
2.89600E-2	1.99104E+0	9.22547E-6	1.00069E+0	2.25974E-8
2.90000E-2	1.99454E+0	1.09953E-6	1.00090E+0	5.37010E-9
2.90400E-2	1.99346E+0	8.30802E-6	1.00069E+0	3.28246E-11
2.90800E-2	1.99319E+0	9.48759E-6	9.99273E-1	9.81912E-9
2.91200E-2	1.99292E+0	1.10604E-5	9.98927E-1	1.28812E-8
2.91600E-2	1.99346E+0	1.02740E-5	1.00090E+0	1.63875E-8
2.92000E-2	1.99454E+0	1.05361E-5	1.00114E+0	3.15727E-9
2.92400E-2	1.99454E+0	8.43908E-6	9.99550E-1	-5.14861E-9
2.92800E-2	1.99400E+0	1.17157E-5	9.99827E-1	5.47918E-9
2.93200E-2	1.99427E+0	1.34195E-5	9.99480E-1	8.56467E-9
2.93600E-2	1.99319E+0	8.43908E-6	1.00090E+0	1.57557E-9
2.94000E-2	1.99265E+0	8.83228E-6	9.99411E-1	7.06867E-9
2.94400E-2	1.99238E+0	8.57015E-6	9.98754E-1	1.45409E-8
2.94800E-2	1.99238E+0	9.68465E-7	1.00208E+0	4.27927E-9
2.95200E-2	1.99427E+0	2.54123E-6	1.00017E+0	-8.00881E-10
2.95600E-2	1.99481E+0	1.21089E-5	9.99031E-1	-4.34674E-10
2.96000E-2	1.99292E+0	1.42059E-5	1.00066E+0	1.66907E-9
2.96400E-2	1.99211E+0	1.18467E-5	9.99619E-1	4.04552E-9
2.96800E-2	1.99265E+0	2.80335E-6	9.99930E-1	1.96449E-10
2.97200E-2	1.99292E+0	1.22399E-5	9.99792E-1	7.26346E-9
2.97600E-2	1.99346E+0	-3.61876E-6	9.98996E-1	1.51408E-8
2.98000E-2	1.99319E+0	1.02740E-5	1.00100E+0	2.97806E-9
2.98400E-2	1.99319E+0	9.88078E-6	1.00135E+0	-4.82916E-9
2.98800E-2	1.99346E+0	8.83228E-6	9.98269E-1	1.59894E-9
2.99200E-2	1.99400E+0	1.25021E-5	1.00080E+0	5.73630E-9
2.99600E-2	1.99157E+0	7.91483E-6	1.00066E+0	2.27616E-10
3.00000E-2	-5.25689E-3	1.47301E-5	8.41502E-1	7.49222E-7
3.00400E-2	-5.25689E-3	-3.42170E-7	1.14168E+0	-1.99216E-8
3.00800E-2	-4.17810E-3	1.07982E-5	1.24612E+0	-1.02230E-6
3.01200E-2	-4.44780E-3	2.11522E-5	1.32537E+0	-1.01650E-6
3.01600E-2	-5.52658E-3	6.86632E-6	1.35883E+0	-1.00616E-6
3.02000E-2	-5.25689E-3	2.16765E-5	1.35375E+0	-9.95442E-7
3.02400E-2	-7.41446E-3	-2.43919E-6	1.32343E+0	-9.87752E-7
3.02800E-2	-6.06598E-3	-1.25961E-6	1.27107E+0	-9.82438E-7
3.03200E-2	-7.68415E-3	7.78377E-6	1.20383E+0	-9.77864E-7
3.03600E-2	-5.79628E-3	1.55165E-5	1.12545E+0	-9.74062E-7
3.04000E-2	-5.25689E-3	5.42462E-6	1.03807E+0	-9.72480E-7
3.04400E-2	-7.14476E-3	1.01429E-5	9.72799E-1	-8.15985E-7
3.04800E-2	-6.06598E-3	1.01429E-5	9.63317E-1	-4.32372E-7
3.05200E-2	-4.44780E-3	8.96334E-6	9.81174E-1	-1.43544E-7
3.05600E-2	-6.87507E-3	8.30802E-6	9.96989E-1	-6.41079E-8
3.06000E-2	-6.87507E-3	1.22399E-5	1.00349E+0	-8.37896E-8
3.06400E-2	-5.52658E-3	9.22547E-6	9.99619E-1	-9.61549E-8
3.06800E-2	-6.33567E-3	1.00118E-5	9.98442E-1	-8.52778E-8
3.07200E-2	-7.14476E-3	8.83228E-6	9.98961E-1	-6.84323E-8
3.07600E-2	-6.06598E-3	7.65270E-6	9.99619E-1	-6.16302E-8
3.08000E-2	-5.52658E-3	1.39438E-5	9.98165E-1	-5.39866E-8
3.08400E-2	-6.33567E-3	1.21089E-5	9.98996E-1	-3.14376E-8
3.08800E-2	-4.98719E-3	8.43908E-6	9.99861E-1	-2.98871E-8
3.09200E-2	-5.52658E-3	1.14535E-5	1.00035E+0	-3.34634E-8
3.09600E-2	-6.33567E-3	7.39058E-6	9.98581E-1	-1.94541E-8
3.10000E-2	-4.98719E-3	8.70121E-6	9.98373E-1	-8.17177E-9
3.10400E-2	-4.98719E-3	8.30802E-6	1.00131E+0	-8.13281E-9
3.10800E-2	-6.33567E-3	7.25951E-6	1.00059E+0	-1.73893E-8
3.11200E-2	-5.52658E-3	6.21101E-6	9.99273E-1	-1.87762E-8
3.11600E-2	-7.14476E-3	2.10212E-5	9.99307E-1	-1.09534E-8
3.12000E-2	-6.33567E-3	8.57015E-6	9.99757E-1	1.16261E-9
3.12400E-2	-7.41446E-3	8.04589E-6	1.00069E+0	-8.81848E-9
3.12800E-2	-5.79628E-3	9.74972E-6	9.99792E-1	-5.64728E-9
3.13200E-2	-6.87507E-3	1.02740E-5	9.99654E-1	-1.84496E-9
3.13600E-2	-6.60537E-3	7.78377E-6	9.99757E-1	-4.95382E-9
3.14000E-2	-7.14476E-3	2.06280E-5	9.99411E-1	6.86609E-9
3.14400E-2	-6.60537E-3	7.91483E-6	1.00010E+0	4.37277E-9
3.14800E-2	-6.06598E-3	-8.00432E-8	1.00107E+0	-4.56424E-9
3.15200E-2	-4.98719E-3	1.13225E-5	1.00073E+0	-1.20832E-8
3.15600E-2	-5.52658E-3	1.53855E-5	9.98027E-1	-2.03196E-9
3.16000E-2	-6.87507E-3	1.66961E-5	1.00041E+0	2.33136E-9
3.16400E-2	-7.14476E-3	6.07994E-6	1.00000E+0	5.01168E-9
3.16800E-2	-6.06598E-3	6.60420E-6	1.00007E+0	-1.73588E-9
3.17200E-2	-6.33567E-3	1.04050E-5	1.00086E+0	-6.76148E-9
3.17600E-2	-6.33567E-3	1.11914E-5	1.00041E+0	-9.74568E-9
3.18000E-2	-7.95385E-3	8.57015E-6	9.98719E-1	-6.08361E-9
3.18400E-2	-3.90841E-3	6.47313E-6	1.00010E+0	2.01190E-9
3.18800E-2	-6.87507E-3	5.42462E-6	9.99065E-1	7.36476E-9
3.19200E-2	-7.41446E-3	8.30802E-6	1.00028E+0	4.83247E-9
3.19600E-2	-6.06598E-3	1.04050E-5	1.00073E+0	3.85852E-9
3.20000E-2	1.99265E+0	8.83228E-6	1.16088E+0	-7.49172E-7
3.20400E-2	1.99184E+0	1.05361E-5	8.57733E-1	3.38252E-8
3.20800E-2	1.99157E+0	1.22399E-5	7.49934E-1	1.02386E-6
3.21200E-2	1.99481E+0	1.09293E-5	6.67951E-1	1.01754E-6
3.21600E-2	1.99346E+0	8.43908E-6	6.38951E-1	1.00480E-6
3.22000E-2	1.99346E+0	1.10604E-5	6.42135E-1	9.94955E-7
3.22400E-2	1.99319E+0	9.35653E-6	6.73419E-1	9.88199E-7
3.22800E-2	1.99292E+0	8.17696E-6	7.25398E-1	9.83322E-7
3.23200E-2	1.99346E+0	7.78377E-6	7.88312E-1	9.78094E-7
3.23600E-2	1.99373E+0	8.83228E-6	8.67665E-1	9.75702E-7
3.24000E-2	1.99373E+0	1.95795E-5	9.56326E-1	9.70505E-7
3.24400E-2	1.99184E+0	1.27642E-5	1.02550E+0	8.28697E-7
3.24800E-2	1.99454E+0	3.13147E-7	1.03644E+0	4.45434E-7
3.25200E-2	1.99211E+0	1.05361E-5	1.02038E+0	1.62488E-7
3.25600E-2	1.99211E+0	7.52164E-6	1.00242E+0	7.15445E-8
3.26000E-2	1.99265E+0	1.17157E-5	9.98961E-1	6.96199E-8
3.26400E-2	1.99346E+0	9.35653E-6	9.98304E-1	9.72647E-8
3.26800E-2	1.99292E+0	8.83228E-6	1.00138E+0	9.19196E-8
3.27200E-2	1.99400E+0	8.70121E-6	1.00232E+0	6.77032E-8
3.27600E-2	1.99508E+0	2.20697E-5	1.00114E+0	5.17771E-8
3.28000E-2	1.99427E+0	1.26331E-5	9.98892E-1	5.18940E-8
3.28400E-2	1.99346E+0	2.01697E-6	1.00163E+0	5.04291E-8
3.28800E-2	1.99211E+0	7.78377E-6	1.00180E+0	3.12695E-8
3.29200E-2	1.99184E+0	2.44288E-5	9.99411E-1	2.15144E-8
3.29600E-2	1.99319E+0	1.13225E-5	1.00080E+0	2.57530E-8
3.30000E-2	1.99346E+0	9.61866E-6	9.99584E-1	2.60959E-8
3.30400E-2	1.99508E+0	2.20697E-5	1.00173E+0	1.44551E-8
3.30800E-2	1.99292E+0	1.53855E-5	1.00024E+0	3.64035E-9
3.31200E-2	1.99265E+0	1.21089E-5	9.98512E-1	1.67381E-8
3.31600E-2	1.99104E+0	1.15846E-5	1.00142E+0	8.42442E-9
3.32000E-2	1.99562E+0	1.01429E-5	9.99619E-1	8.31534E-9
3.32400E-2	1.99454E+0	9.48759E-6	9.98961E-1	1.21177E-8
3.32800E-2	1.99373E+0	1.10604E-5	1.00090E+0	1.11281E-8
3.33200E-2	1.99481E+0	1.59097E-5	1.00024E+0	1.30137E-8
3.33600E-2	1.99238E+0	1.36166E-6	9.99238E-1	9.77237E-9
3.34000E-2	1.99184E+0	8.96334E-6	1.00055E+0	1.40188E-8
3.34400E-2	1.99211E+0	9.35653E-6	1.00142E+0	1.24832E-9
3.34800E-2	1.99265E+0	1.11914E-5	9.99169E-1	-5.00836E-9
3.35200E-2	1.99292E+0	7.91483E-6	9.98927E-1	1.23982E-8
3.35600E-2	1.99319E+0	8.83228E-6	9.99965E-1	1.45409E-8
3.36000E-2	1.99104E+0	1.73514E-5	1.00166E+0	5.07401E-9
3.36400E-2	1.99265E+0	2.12833E-5	1.00069E+0	-6.37190E-9
3.36800E-2	1.99265E+0	1.47301E-5	9.97819E-1	1.37299E-9
3.37200E-2	1.99319E+0	1.22399E-5	1.00048E+0	1.06996E-8
3.37600E-2	1.99427E+0	1.14535E-5	1.00080E+0	5.57268E-9
3.38000E-2	1.99238E+0	1.19778E-5	1.00031E+0	-4.06558E-9
3.38400E-2	1.99319E+0	1.25021E-5	9.99031E-1	5.23698E-10
3.38800E-2	1.99157E+0	1.02740E-5	9.99930E-1	1.31306E-8
3.39200E-2	1.99211E+0	6.21101E-6	1.00069E+0	-5.28834E-11
3.39600E-2	1.99346E+0	1.02740E-5	1.00035E+0	-2.10988E-9
3.40000E-2	-5.25689E-3	7.78377E-6	8.35412E-1	7.40449E-7
3.40400E-2	-4.71749E-3	8.04589E-6	1.16272E+0	-1.72412E-7
3.40800E-2	-5.52658E-3	9.61866E-6	1.31094E+0	-1.04210E-6
3.41200E-2	-4.98719E-3	1.04050E-5	1.40929E+0	-1.02146E-6
3.41600E-2	-5.25689E-3	8.04589E-6	1.44822E+0	-1.00548E-6
3.42000E-2	-6.06598E-3	9.48759E-6	1.44165E+0	-9.94507E-7
3.42400E-2	-7.14476E-3	2.54123E-6	1.40067E+0	-9.84807E-7
3.42800E-2	-4.44780E-3	1.17157E-5	1.34226E+0	-9.79625E-7
3.43200E-2	-4.98719E-3	8.57015E-6	1.26197E+0	-9.74795E-7
3.43600E-2	-5.52658E-3	2.32493E-5	1.17511E+0	-9.71826E-7
3.44000E-2	-6.06598E-3	1.47301E-5	1.08022E+0	-9.70369E-7
3.44400E-2	-6.87507E-3	1.06672E-5	9.88060E-1	-8.96356E-7
3.44800E-2	-4.98719E-3	9.48759E-6	9.59406E-1	-5.27235E-7
3.45200E-2	-6.60537E-3	1.17157E-5	9.72591E-1	-1.67067E-7
3.45600E-2	-4.98719E-3	1.11914E-5	9.91798E-1	-3.27083E-9
3.46000E-2	-6.06598E-3	7.25951E-6	1.00294E+0	-7.11211E-9
3.46400E-2	-4.71749E-3	1.45991E-5	1.00270E+0	-3.41413E-8
3.46800E-2	-6.60537E-3	5.68675E-6	1.00059E+0	-5.27789E-8
3.47200E-2	-5.79628E-3	1.11914E-5	1.00031E+0	-5.70799E-8
3.47600E-2	-6.87507E-3	6.60420E-6	9.98858E-1	-4.74494E-8
3.48000E-2	-6.60537E-3	8.83228E-6	9.96781E-1	-2.20097E-8
3.48400E-2	-7.14476E-3	1.25021E-5	1.00118E+0	-1.74672E-8
3.48800E-2	-5.25689E-3	1.17157E-5	9.99723E-1	-2.03657E-8
3.49200E-2	-6.87507E-3	1.22399E-5	9.98235E-1	-1.00573E-8
3.49600E-2	-5.79628E-3	2.67229E-6	1.00073E+0	-7.42377E-9
3.50000E-2	-5.79628E-3	1.10604E-5	9.99584E-1	-1.67354E-9
3.50400E-2	-6.33567E-3	1.21089E-5	9.99377E-1	-1.26838E-9
3.50800E-2	-7.95385E-3	1.07982E-5	1.00107E+0	-3.76949E-9
3.51200E-2	-5.25689E-3	1.01429E-5	1.00010E+0	-6.74590E-9
3.51600E-2	-6.33567E-3	7.78377E-6	9.99411E-1	-1.17793E-8
3.52000E-2	-7.41446E-3	1.40748E-5	1.00007E+0	-2.88125E-9
3.52400E-2	-6.06598E-3	1.21089E-5	9.99377E-1	-7.85297E-10
3.52800E-2	-7.14476E-3	7.52164E-6	1.00031E+0	-2.63192E-9
3.53200E-2	-6.60537E-3	1.09953E-6	1.00097E+0	-3.96429E-9
3.53600E-2	-8.76294E-3	1.17157E-5	9.98788E-1	-3.27083E-9
3.54000E-2	-8.22355E-3	1.15846E-5	1.00138E+0	-9.13793E-9
3.54400E-2	-6.06598E-3	7.91483E-6	9.99723E-1	-1.20910E-8
3.54800E-2	-5.79628E-3	8.70121E-6	9.97369E-1	4.56756E-9
3.55200E-2	-6.33567E-3	9.74972E-6	1.00086E+0	1.23436E-8
3.55600E-2	-7.14476E-3	-8.66424E-7	1.00138E+0	1.88657E-10
3.56000E-2	-6.33567E-3	1.15846E-5	9.99273E-1	-6.19269E-9
3.56400E-2	-6.33567E-3	6.99739E-6	1.00090E+0	-3.51237E-9
3.56800E-2	-7.14476E-3	8.83228E-6	9.98338E-1	6.31288E-9
3.57200E-2	-5.52658E-3	-2.96344E-6	1.00083E+0	2.78327E-9
3.57600E-2	-5.79628E-3	1.01429E-5	1.00118E+0	-5.34341E-9
3.58000E-2	-6.33567E-3	1.31574E-5	9.98996E-1	-7.33027E-9
3.58400E-2	-6.60537E-3	9.61866E-6	9.99480E-1	-1.38591E-10
3.58800E-2	-6.33567E-3	1.19778E-5	9.99446E-1	1.31072E-8
3.59200E-2	-7.41446E-3	-1.78387E-6	1.00118E+0	3.92864E-9
3.59600E-2	-7.41446E-3	1.23710E-5	1.00059E+0	-1.02599E-8
3.60000E-2	1.99319E+0	1.62378E-6	1.15507E+0	-7.45463E-7
3.60400E-2	1.99130E+0	1.49923E-5	8.51746E-1	8.43695E-8
3.60800E-2	1.99265E+0	5.55569E-6	7.41421E-1	1.02826E-6
3.61200E-2	1.99319E+0	2.36425E-5	6.61688E-1	1.01648E-6
3.61600E-2	1.99238E+0	8.70121E-6	6.33207E-1	1.00439E-6
3.62000E-2	1.99373E+0	7.39058E-6	6.40405E-1	9.94815E-7
3.62400E-2	1.99184E+0	1.10604E-5	6.70824E-1	9.87233E-7
3.62800E-2	1.99104E+0	5.10203E-8	7.26471E-1	9.82169E-7
3.63200E-2	1.99346E+0	1.26331E-5	7.92500E-1	9.78795E-7
3.63600E-2	1.99292E+0	5.42462E-6	8.68876E-1	9.75632E-7
3.64000E-2	1.99211E+0	1.04050E-5	9.57918E-1	9.71502E-7
3.64400E-2	1.99265E+0	1.09293E-5	1.02585E+0	8.26585E-7
3.64800E-2	1.99292E+0	1.21089E-5	1.03533E+0	4.50280E-7
3.65200E-2	1.99427E+0	1.17157E-5	1.02146E+0	1.60704E-7
3.65600E-2	1.99400E+0	1.01429E-5	1.00478E+0	4.66424E-8
3.66000E-2	1.99265E+0	1.04050E-5	9.95605E-1	6.48904E-8
3.66400E-2	1.99400E+0	1.31574E-5	9.98131E-1	9.93606E-8
3.66800E-2	1.99292E+0	1.06672E-5	1.00059E+0	1.08609E-7
3.67200E-2	1.99427E+0	3.45867E-6	1.00239E+0	8.14165E-8
3.67600E-2	1.99292E+0	9.22547E-6	1.00256E+0	5.65456E-8
3.68000E-2	1.99238E+0	1.18467E-5	1.00183E+0	3.31629E-8
3.68400E-2	1.99238E+0	8.83228E-6	9.99238E-1	2.79970E-8
3.68800E-2	1.99373E+0	8.70121E-6	9.99896E-1	3.87105E-8
3.69200E-2	1.99373E+0	7.25951E-6	1.00035E+0	3.67470E-8
3.69600E-2	1.99265E+0	1.05361E-5	1.00125E+0	2.14131E-8
3.70000E-2	1.99400E+0	7.06338E-7	1.00145E+0	1.10424E-8
3.70400E-2	1.99373E+0	6.86632E-6	9.99446E-1	7.89459E-9
3.70800E-2	1.99292E+0	6.47313E-6	9.99446E-1	1.07931E-8
3.71200E-2	1.99157E+0	3.79284E-5	9.99377E-1	2.57452E-8
3.71600E-2	1.99373E+0	1.04050E-5	1.00007E+0	2.05794E-8
3.72000E-2	1.99346E+0	8.17696E-6	1.00152E+0	1.05749E-8
3.72400E-2	1.99454E+0	1.17157E-5	1.00021E+0	6.42197E-9
3.72800E-2	1.99373E+0	1.10604E-5	9.99342E-1	6.72584E-9
3.73200E-2	1.99292E+0	1.21089E-5	1.00028E+0	8.01146E-9
3.73600E-2	1.99211E+0	2.67229E-6	1.00107E+0	2.12098E-9
3.74000E-2	1.99238E+0	1.43369E-5	1.00048E+0	-9.34831E-9
3.74400E-2	1.99400E+0	7.78377E-6	9.99031E-1	-1.63459E-9
3.74800E-2	1.99265E+0	9.88078E-6	9.98062E-1	1.73770E-8
3.75200E-2	1.99319E+0	1.39438E-5	1.00086E+0	1.54369E-8
3.75600E-2	1.99265E+0	9.35653E-6	1.00159E+0	3.86631E-9
3.76000E-2	1.99319E+0	6.73526E-6	9.99896E-1	-4.52528E-9
3.76400E-2	1.99427E+0	6.99739E-6	9.98858E-1	1.96449E-10
3.76800E-2	1.99346E+0	8.70121E-6	1.00010E+0	1.15021E-8
3.77200E-2	1.99238E+0	6.86632E-6	9.99204E-1	7.91017E-9
3.77600E-2	1.99292E+0	6.34207E-6	1.00041E+0	1.15878E-8
3.78000E-2	1.99670E+0	4.90037E-6	1.00062E+0	1.11904E-8
3.78400E-2	1.99238E+0	8.57015E-6	1.00003E+0	1.70024E-9
3.78800E-2	1.99238E+0	2.31182E-5	1.00045E+0	2.47940E-9
3.79200E-2	1.99400E+0	9.61866E-6	9.99688E-1	5.19089E-9
3.79600E-2	1.99265E+0	1.07982E-5	1.00055E+0	-4.89215E-10
3.80000E-2	-3.36901E-3	1.36816E-5	8.63997E-1	7.17518E-7
3.80400E-2	-3.36901E-3	1.70893E-5	1.17040E+0	-2.56608E-7
3.80800E-2	-6.33567E-3	1.72203E-5	1.31308E+0	-1.04110E-6
3.81200E-2	-4.71749E-3	9.88078E-6	1.40247E+0	-1.01875E-6
3.81600E-2	-6.87507E-3	1.02740E-5	1.42348E+0	-9.99447E-7
3.82000E-2	-6.33567E-3	9.74972E-6	1.39410E+0	-9.86201E-7
3.82400E-2	-7.14476E-3	1.10604E-5	1.33755E+0	-9.82080E-7
3.82800E-2	-5.25689E-3	5.16250E-6	1.26695E+0	-9.76594E-7
3.83200E-2	-6.60537E-3	1.35506E-5	1.18753E+0	-9.75433E-7
3.83600E-2	-6.87507E-3	1.62378E-6	1.10240E+0	-9.72761E-7
3.84000E-2	-6.06598E-3	1.00118E-5	1.01087E+0	-9.53056E-7
3.84400E-2	-5.79628E-3	-9.97488E-7	9.64113E-1	-6.82437E-7
3.84800E-2	-6.06598E-3	1.27642E-5	9.67989E-1	-2.95286E-7
3.85200E-2	-7.14476E-3	8.17696E-6	9.88060E-1	-9.61549E-8
3.85600E-2	-4.44780E-3	1.49923E-5	1.00041E+0	-5.90667E-8
3.86000E-2	-5.25689E-3	-8.00432E-8	1.00159E+0	-7.60603E-8
3.86400E-2	-6.87507E-3	1.04050E-5	1.00142E+0	-1.00682E-7
3.86800E-2	-5.52658E-3	1.15846E-5	9.99065E-1	-9.04593E-8
3.87200E-2	-7.14476E-3	1.05361E-5	9.97473E-1	-7.57798E-8
3.87600E-2	-6.06598E-3	1.21089E-5	9.98512E-1	-5.15400E-8
3.88000E-2	-6.06598E-3	1.02740E-5	9.99411E-1	-3.88864E-8
3.88400E-2	-6.87507E-3	2.40356E-5	9.97681E-1	-2.52355E-8
3.88800E-2	-6.06598E-3	9.09440E-6	1.00041E+0	-1.64387E-8
3.89200E-2	-7.14476E-3	1.06672E-5	1.00093E+0	-2.08176E-8
3.89600E-2	-6.33567E-3	6.86632E-6	1.00041E+0	-3.23570E-8
3.90000E-2	-6.06598E-3	8.70121E-6	9.99031E-1	-2.59289E-8
3.90400E-2	-7.14476E-3	1.51233E-5	9.98304E-1	-1.22234E-8
3.90800E-2	-4.98719E-3	9.09440E-6	1.00000E+0	-8.19514E-9
3.91200E-2	-6.33567E-3	4.63824E-6	1.00055E+0	-6.48878E-9
3.91600E-2	-7.68415E-3	1.23710E-5	1.00000E+0	-1.16702E-8
3.92000E-2	-7.41446E-3	9.35653E-6	1.00041E+0	-1.52466E-8
3.92400E-2	-5.52658E-3	1.06672E-5	9.99896E-1	-1.21377E-8
3.92800E-2	-7.14476E-3	2.01697E-6	9.99930E-1	-1.28779E-8
3.93200E-2	-6.60537E-3	9.88078E-6	1.00014E+0	-1.78568E-8
3.93600E-2	-5.52658E-3	6.21101E-6	9.99827E-1	-9.74568E-9
3.94000E-2	-6.60537E-3	6.34207E-6	9.99169E-1	-9.27039E-9
3.94400E-2	-6.33567E-3	7.39058E-6	9.99688E-1	-4.89149E-9
3.94800E-2	-5.79628E-3	7.65270E-6	1.00014E+0	2.65861E-9
3.95200E-2	-7.41446E-3	8.17696E-6	9.98961E-1	2.23007E-9
3.95600E-2	-5.25689E-3	9.35653E-6	1.00097E+0	4.45068E-9
3.96000E-2	-5.52658E-3	1.19778E-5	1.00062E+0	-3.50458E-9
3.96400E-2	-5.79628E-3	1.01429E-5	9.99515E-1	-1.00496E-8
3.96800E-2	-6.87507E-3	1.44680E-5	1.00003E+0	-1.01905E-9
3.97200E-2	-6.87507E-3	9.35653E-6	1.00048E+0	-2.35142E-9
3.97600E-2	-6.33567E-3	1.07982E-5	1.00017E+0	-1.23715E-8
3.98000E-2	-7.68415E-3	9.48759E-6	9.99307E-1	-7.22964E-10
3.98400E-2	-4.17810E-3	6.21101E-6	9.98754E-1	8.59583E-9
3.98800E-2	-6.87507E-3	9.61866E-6	1.00145E+0	-1.59563E-9
3.99200E-2	-6.60537E-3	1.02740E-5	1.00017E+0	-1.95404E-9
3.99600E-2	-6.33567E-3	7.91483E-6	9.98096E-1	6.85830E-9
