## Header ##
[General info]
User	Giorgos_Psaltakis
Device	Sample
Cell area (cm2)	1
Test	Pulsed
Date	2024-03-03
Time	04:02:51
Temperature	21.35
Note	

[Acquisition Settings]
Amplitude (V)	2.000
Frequency (Hz)	10.0
DC Offset (V)	1.000
Duty Cycle (%)	40
Phase (°)	0
Cycles	10

## Data ##
Time (s)	DC Channel Voltage (V)	DC Channel Current (A)	Pulse Channel Voltage (V)	Pulse Channel Current (A)
0.00000E+0	1.99184E+0	9.61866E-6	1.00411E+0	-1.64591E-7
6.55360E-4	1.99265E+0	7.78377E-6	9.99982E-1	-1.36259E-8
1.31072E-3	1.99265E+0	1.70893E-5	9.99948E-1	-8.59455E-9
1.96608E-3	1.99319E+0	1.32884E-5	9.99982E-1	-6.48748E-9
2.62144E-3	1.99157E+0	2.37735E-5	1.00002E+0	-5.24188E-9
3.27680E-3	1.99104E+0	9.22547E-6	1.00004E+0	-5.28229E-9
3.93216E-3	1.99373E+0	1.86620E-5	9.99929E-1	-2.41026E-9
4.58752E-3	1.99265E+0	-4.14301E-6	9.99984E-1	-3.76712E-9
5.24288E-3	1.99373E+0	5.16250E-6	9.99929E-1	-2.99693E-9
5.89824E-3	1.99373E+0	1.51233E-5	1.00010E+0	-2.06558E-9
6.55360E-3	1.99346E+0	9.88078E-6	9.99965E-1	-8.85585E-10
7.20896E-3	1.99373E+0	9.48759E-6	9.99984E-1	-1.99855E-9
7.86432E-3	1.99454E+0	9.09440E-6	1.00001E+0	-1.92914E-9
8.51968E-3	1.99104E+0	7.52164E-6	1.00002E+0	-1.19794E-9
9.17504E-3	1.99535E+0	1.06672E-5	1.00002E+0	-1.31489E-9
9.83040E-3	1.99346E+0	1.23710E-5	9.99986E-1	3.33872E-10
1.04858E-2	1.99238E+0	9.09440E-6	1.00004E+0	-9.03176E-10
1.11411E-2	1.99104E+0	1.09293E-5	9.99999E-1	-1.16038E-9
1.17965E-2	1.99130E+0	1.09293E-5	9.99959E-1	4.66040E-10
1.24518E-2	1.99238E+0	1.02740E-5	1.00001E+0	-1.75608E-9
1.31072E-2	1.99265E+0	8.30802E-6	9.99971E-1	6.74750E-10
1.37626E-2	1.99400E+0	1.56476E-5	1.00001E+0	1.24687E-10
1.44179E-2	1.99346E+0	1.01429E-5	1.00007E+0	-1.26355E-9
1.50733E-2	1.99157E+0	-2.57025E-6	9.99876E-1	-1.21582E-10
1.57286E-2	1.99346E+0	8.57015E-6	1.00007E+0	7.90462E-11
1.63840E-2	1.99292E+0	1.21089E-5	9.99948E-1	2.44493E-10
1.70394E-2	1.99157E+0	1.07982E-5	1.00005E+0	-2.81799E-10
1.76947E-2	1.99319E+0	7.39058E-6	1.00001E+0	-1.38697E-10
1.83501E-2	1.99319E+0	8.30802E-6	9.99929E-1	6.60963E-10
1.90054E-2	1.99319E+0	8.43908E-6	1.00011E+0	4.50351E-10
1.96608E-2	1.99346E+0	1.32884E-5	9.99885E-1	4.12317E-10
2.03162E-2	1.99373E+0	1.28952E-5	1.00004E+0	-3.53112E-10
2.09715E-2	1.99265E+0	9.35653E-6	9.99999E-1	7.65555E-10
2.16269E-2	1.99130E+0	8.43908E-6	1.00008E+0	1.59392E-10
2.22822E-2	1.99211E+0	8.30802E-6	9.99872E-1	-2.26941E-11
2.29376E-2	1.99184E+0	9.61866E-6	1.00006E+0	5.22615E-10
2.35930E-2	1.99292E+0	6.60420E-6	9.99946E-1	9.40986E-10
2.42483E-2	1.99104E+0	1.21089E-5	1.00011E+0	-1.14451E-10
2.49037E-2	1.99265E+0	1.00118E-5	9.99885E-1	4.33895E-11
2.55590E-2	1.99077E+0	8.70121E-6	1.00011E+0	1.20960E-9
2.62144E-2	1.99184E+0	7.91483E-6	9.99988E-1	4.18973E-10
2.68698E-2	1.99265E+0	1.25021E-5	9.99902E-1	5.93453E-10
2.75251E-2	1.99427E+0	1.15846E-5	1.00003E+0	3.86644E-10
2.81805E-2	1.99400E+0	6.73526E-6	9.99999E-1	-4.40590E-10
2.88358E-2	1.99319E+0	-5.71577E-6	1.00003E+0	2.11718E-9
2.94912E-2	1.99265E+0	8.30802E-6	9.99967E-1	-4.41541E-10
3.01466E-2	1.99104E+0	2.08901E-5	1.00002E+0	1.45349E-9
3.08019E-2	1.99157E+0	1.78757E-5	9.99944E-1	-8.83683E-10
3.14573E-2	1.99238E+0	7.39058E-6	1.00014E+0	1.64128E-9
3.21126E-2	1.99211E+0	8.30802E-6	9.99914E-1	8.46377E-10
3.27680E-2	1.99130E+0	-2.30812E-6	1.00001E+0	-2.38536E-10
3.34234E-2	1.99238E+0	1.32884E-5	1.00005E+0	7.99310E-10
3.40787E-2	1.99238E+0	1.25021E-5	1.00002E+0	9.82348E-10
3.47341E-2	1.99211E+0	7.12845E-6	9.99904E-1	6.88537E-10
3.53894E-2	1.99373E+0	1.06672E-5	1.00008E+0	1.46081E-10
3.60448E-2	1.99319E+0	9.88078E-6	9.99946E-1	1.19344E-9
3.67002E-2	1.99184E+0	6.73526E-6	9.99984E-1	1.26095E-9
3.73555E-2	1.99292E+0	9.35653E-6	1.00004E+0	3.09150E-10
3.80109E-2	1.99319E+0	7.78377E-6	1.00002E+0	1.52528E-9
3.86662E-2	1.99184E+0	8.30802E-6	9.99895E-1	-8.92532E-11
3.93216E-2	1.99292E+0	7.91483E-6	1.00009E+0	1.79960E-9
3.99770E-2	-6.87507E-3	9.48759E-6	9.47739E-1	3.34754E-7
4.06323E-2	-4.44780E-3	1.99727E-5	1.00016E+0	3.33063E-8
4.12877E-2	-5.79628E-3	2.01697E-6	9.99948E-1	2.41753E-8
4.19430E-2	-7.68415E-3	1.36166E-6	1.00011E+0	1.68900E-8
4.25984E-2	-7.68415E-3	7.39058E-6	9.99988E-1	1.59287E-8
4.32538E-2	-6.33567E-3	-4.27408E-6	9.99988E-1	1.33756E-8
4.39091E-2	-5.52658E-3	1.05361E-5	9.99988E-1	1.26449E-8
4.45645E-2	-6.33567E-3	1.17157E-5	1.00008E+0	9.70587E-9
4.52198E-2	-8.76294E-3	9.74972E-6	9.99961E-1	1.07684E-8
4.58752E-2	-4.98719E-3	9.48759E-6	1.00007E+0	9.27751E-9
4.65306E-2	-5.52658E-3	9.61866E-6	9.99927E-1	8.02477E-9
4.71859E-2	-6.06598E-3	7.52164E-6	9.99984E-1	9.70587E-9
4.78413E-2	-7.68415E-3	1.06672E-5	1.00005E+0	7.39959E-9
4.84966E-2	-6.06598E-3	9.09440E-6	9.99959E-1	7.40910E-9
4.91520E-2	-5.25689E-3	1.25021E-5	1.00010E+0	6.73448E-9
4.98074E-2	-5.79628E-3	9.22547E-6	9.99889E-1	7.78611E-9
5.04627E-2	-5.25689E-3	1.28952E-5	1.00013E+0	5.54925E-9
5.11181E-2	-6.60537E-3	7.39058E-6	9.99870E-1	6.89945E-9
5.17734E-2	-7.68415E-3	1.43369E-5	9.99984E-1	5.11186E-9
5.24288E-2	-6.60537E-3	9.88078E-6	1.00002E+0	6.46872E-9
5.30842E-2	-6.60537E-3	8.43908E-6	1.00006E+0	5.85732E-9
5.37395E-2	-5.79628E-3	1.48612E-5	9.99954E-1	6.08125E-9
5.43949E-2	-6.87507E-3	1.17157E-5	1.00000E+0	4.91314E-9
5.50502E-2	-6.60537E-3	1.14535E-5	1.00005E+0	4.78763E-9
5.57056E-2	-7.95385E-3	1.25021E-5	1.00001E+0	5.21978E-9
5.63610E-2	-7.14476E-3	9.22547E-6	9.99940E-1	6.21104E-9
5.70163E-2	-6.33567E-3	7.78377E-6	1.00002E+0	3.90477E-9
5.76717E-2	-5.79628E-3	8.30802E-6	1.00003E+0	4.95830E-9
5.83270E-2	-5.79628E-3	7.91483E-6	9.99957E-1	5.31249E-9
5.89824E-2	-5.52658E-3	1.10604E-5	1.00009E+0	4.39635E-9
5.96378E-2	-6.60537E-3	5.55569E-6	9.99923E-1	4.32266E-9
6.02931E-2	-6.60537E-3	1.02740E-5	9.99978E-1	5.61866E-9
6.09485E-2	-5.25689E-3	6.99739E-6	1.00002E+0	4.08971E-9
6.16038E-2	-6.60537E-3	2.58705E-5	1.00009E+0	4.22805E-9
6.22592E-2	-7.14476E-3	1.19778E-5	9.99959E-1	4.66069E-9
6.29146E-2	-6.33567E-3	8.70121E-6	9.99933E-1	3.97418E-9
6.35699E-2	-5.52658E-3	8.30802E-6	9.99973E-1	4.54421E-9
6.42253E-2	-7.68415E-3	3.19654E-6	1.00008E+0	4.49857E-9
6.48806E-2	-7.14476E-3	1.30263E-5	9.99954E-1	4.26751E-9
6.55360E-2	-4.98719E-3	1.48612E-5	1.00006E+0	5.03389E-9
6.61914E-2	-6.87507E-3	1.05361E-5	9.99919E-1	3.42744E-9
6.68467E-2	-5.25689E-3	9.74972E-6	1.00013E+0	3.82632E-9
6.75021E-2	-6.06598E-3	1.11914E-5	9.99969E-1	3.76832E-9
6.81574E-2	-6.06598E-3	6.73526E-6	1.00002E+0	4.36925E-9
6.88128E-2	-6.60537E-3	2.80335E-6	9.99885E-1	4.88746E-9
6.94682E-2	-5.25689E-3	1.21089E-5	1.00010E+0	4.30269E-9
7.01235E-2	-5.25689E-3	7.78377E-6	9.99961E-1	4.20714E-9
7.07789E-2	-7.41446E-3	1.05361E-5	9.99944E-1	3.04473E-9
7.14342E-2	-5.79628E-3	3.45867E-6	1.00010E+0	4.11776E-9
7.20896E-2	-7.95385E-3	2.53463E-5	9.99938E-1	4.69492E-9
7.27450E-2	-6.33567E-3	1.27642E-5	1.00002E+0	2.55267E-9
7.34003E-2	-5.79628E-3	8.83228E-6	9.99961E-1	4.89460E-9
7.40557E-2	-6.87507E-3	8.57015E-6	1.00001E+0	4.12917E-9
7.47110E-2	-4.98719E-3	6.60420E-6	1.00007E+0	2.82223E-9
7.53664E-2	-5.79628E-3	7.65270E-6	9.99872E-1	4.36593E-9
7.60218E-2	-6.87507E-3	1.30263E-5	1.00009E+0	4.98493E-9
7.66771E-2	-6.60537E-3	1.04050E-5	9.99992E-1	2.53175E-9
7.73325E-2	-5.79628E-3	9.09440E-6	1.00008E+0	4.51378E-9
7.79878E-2	-6.60537E-3	5.55569E-6	9.99897E-1	3.93757E-9
7.86432E-2	-6.06598E-3	5.55569E-6	1.00005E+0	4.18241E-9
7.92986E-2	-5.52658E-3	9.88078E-6	9.99969E-1	3.24773E-9
7.99539E-2	-6.06598E-3	1.25021E-5	1.00001E+0	4.38875E-9
8.06093E-2	-4.17810E-3	6.99739E-6	9.99944E-1	2.87215E-9
8.12646E-2	-7.95385E-3	1.49272E-6	1.00012E+0	3.95992E-9
8.19200E-2	-5.52658E-3	7.39058E-6	9.99927E-1	3.46358E-9
8.25754E-2	-8.22355E-3	2.45599E-5	9.99976E-1	4.34834E-9
8.32307E-2	-6.60537E-3	1.22399E-5	1.00001E+0	3.12222E-9
8.38861E-2	-6.60537E-3	1.09293E-5	9.99952E-1	4.50427E-9
8.45414E-2	-4.98719E-3	9.48759E-6	1.00002E+0	3.35851E-9
8.51968E-2	-5.79628E-3	1.19778E-5	9.99988E-1	2.58927E-9
8.58522E-2	-4.98719E-3	8.30802E-6	1.00001E+0	4.81758E-9
8.65075E-2	-6.33567E-3	1.01429E-5	9.99997E-1	2.68959E-9
8.71629E-2	-3.36901E-3	1.26331E-5	1.00011E+0	5.01155E-9
8.78182E-2	-6.60537E-3	6.73526E-6	9.99895E-1	3.00337E-9
8.84736E-2	-4.98719E-3	1.65650E-5	1.00013E+0	3.32428E-9
8.91290E-2	-4.98719E-3	1.56476E-5	9.99859E-1	4.47670E-9
8.97843E-2	-6.87507E-3	1.02740E-5	1.00007E+0	2.45758E-9
9.04397E-2	-6.33567E-3	8.70121E-6	9.99923E-1	4.28463E-9
9.10950E-2	-6.87507E-3	1.04050E-5	1.00013E+0	2.93871E-9
9.17504E-2	-5.52658E-3	2.11522E-5	9.99982E-1	4.36925E-9
9.24058E-2	-6.06598E-3	8.57015E-6	9.99963E-1	3.30478E-9
9.30611E-2	-5.79628E-3	6.21101E-6	9.99961E-1	3.65992E-9
9.37165E-2	-4.44780E-3	-2.83238E-6	1.00001E+0	3.17975E-9
9.43718E-2	-7.41446E-3	1.63029E-5	9.99990E-1	4.45103E-9
9.50272E-2	-6.33567E-3	1.00118E-5	9.99967E-1	3.21398E-9
9.56826E-2	-6.06598E-3	1.06672E-5	1.00011E+0	3.18213E-9
9.63379E-2	-4.98719E-3	1.42059E-5	9.99923E-1	4.04216E-9
9.69933E-2	-6.33567E-3	1.10604E-5	1.00003E+0	2.80702E-9
9.76486E-2	-6.87507E-3	1.02740E-5	9.99921E-1	3.77830E-9
9.83040E-2	-5.79628E-3	1.04050E-5	1.00010E+0	2.57977E-9
9.89594E-2	-7.68415E-3	1.14535E-5	9.99910E-1	4.95402E-9
9.96147E-2	-4.44780E-3	1.14535E-5	1.05244E+0	-3.08625E-7
1.00270E-1	1.99427E+0	1.35506E-5	1.00054E+0	-3.67647E-8
1.00925E-1	1.99265E+0	1.36816E-5	9.99885E-1	-2.24084E-8
1.01581E-1	1.99400E+0	1.59097E-5	9.99988E-1	-1.73190E-8
1.02236E-1	1.99319E+0	2.29871E-5	9.99948E-1	-1.25933E-8
1.02892E-1	1.99238E+0	9.22547E-6	1.00004E+0	-8.95587E-9
1.03547E-1	1.99238E+0	8.17696E-6	9.99942E-1	-8.73575E-9
1.04202E-1	1.99292E+0	9.48759E-6	1.00004E+0	-7.09792E-9
1.04858E-1	1.99454E+0	5.55569E-6	9.99944E-1	-7.09602E-9
1.05513E-1	1.99265E+0	1.39438E-5	1.00010E+0	-5.69543E-9
1.06168E-1	1.99211E+0	1.02740E-5	9.99925E-1	-4.65853E-9
1.06824E-1	1.99481E+0	8.83228E-6	1.00006E+0	-4.36710E-9
1.07479E-1	1.99238E+0	8.37401E-7	9.99944E-1	-4.25015E-9
1.08134E-1	1.99292E+0	1.00118E-5	1.00001E+0	-1.80410E-9
1.08790E-1	1.99454E+0	1.61718E-5	9.99992E-1	-4.03193E-9
1.09445E-1	1.99346E+0	8.30802E-6	9.99995E-1	-2.57951E-9
1.10100E-1	1.99265E+0	-4.66727E-6	9.99992E-1	-3.17046E-9
1.10756E-1	1.99265E+0	9.48759E-6	9.99935E-1	-5.10002E-10
1.11411E-1	1.99319E+0	1.34195E-5	1.00007E+0	-3.23179E-9
1.12067E-1	1.99292E+0	1.06672E-5	9.99978E-1	-7.76713E-10
1.12722E-1	1.99211E+0	1.38127E-5	1.00001E+0	-1.85972E-9
1.13377E-1	1.99238E+0	2.54123E-6	9.99935E-1	-1.90917E-9
1.14033E-1	1.99373E+0	1.17157E-5	1.00008E+0	-1.49603E-9
1.14688E-1	1.99292E+0	1.59097E-5	9.99967E-1	4.15645E-10
1.15343E-1	1.99184E+0	1.22399E-5	9.99984E-1	-2.17731E-9
1.15999E-1	1.99346E+0	1.14535E-5	1.00008E+0	-3.55965E-10
1.16654E-1	1.99427E+0	9.61866E-6	9.99906E-1	-3.50735E-10
1.17309E-1	1.99319E+0	9.09440E-6	1.00007E+0	-2.04514E-9
1.17965E-1	1.99265E+0	8.17696E-6	9.99978E-1	-4.93362E-10
1.18620E-1	1.99319E+0	1.05361E-5	1.00004E+0	4.92188E-10
1.19276E-1	1.99319E+0	7.25951E-6	9.99912E-1	-8.39469E-10
1.19931E-1	1.99184E+0	5.75274E-7	1.00003E+0	-6.98744E-10
1.20586E-1	1.99211E+0	5.42462E-6	1.00001E+0	-1.29664E-10
1.21242E-1	1.99508E+0	1.02740E-5	1.00006E+0	9.71122E-11
1.21897E-1	1.99373E+0	1.27642E-5	9.99891E-1	-1.03724E-9
1.22552E-1	1.99346E+0	1.01429E-5	1.00007E+0	-3.05570E-10
1.23208E-1	1.99238E+0	9.22547E-6	9.99897E-1	1.18031E-10
1.23863E-1	1.99238E+0	1.34195E-5	1.00012E+0	3.63349E-10
1.24518E-1	1.99427E+0	1.04050E-5	9.99971E-1	2.27853E-10
1.25174E-1	1.99319E+0	1.23710E-5	1.00001E+0	-3.93048E-10
1.25829E-1	1.99373E+0	1.15846E-5	9.99950E-1	-9.34078E-10
1.26484E-1	1.99292E+0	1.88591E-6	1.00009E+0	8.62542E-10
1.27140E-1	1.99373E+0	9.88078E-6	9.99891E-1	6.19126E-10
1.27795E-1	1.99211E+0	1.19778E-5	1.00007E+0	3.23888E-10
1.28451E-1	1.99157E+0	1.00118E-5	9.99940E-1	-2.37585E-10
1.29106E-1	1.99346E+0	1.06672E-5	1.00008E+0	2.84904E-10
1.29761E-1	1.99238E+0	1.47301E-5	9.99889E-1	-1.84813E-10
1.30417E-1	1.99238E+0	9.09440E-6	1.00004E+0	1.28015E-10
1.31072E-1	1.99319E+0	1.22399E-5	1.00003E+0	7.84572E-10
1.31727E-1	1.99157E+0	1.39438E-5	9.99992E-1	6.02961E-10
1.32383E-1	1.99184E+0	1.32884E-5	1.00007E+0	-3.08898E-10
1.33038E-1	1.99265E+0	8.04589E-6	9.99921E-1	4.90946E-11
1.33693E-1	1.99238E+0	1.09293E-5	1.00010E+0	2.68740E-10
1.34349E-1	1.99211E+0	1.09293E-5	9.99980E-1	-1.03331E-11
1.35004E-1	1.99238E+0	1.43369E-5	9.99919E-1	1.48677E-9
1.35660E-1	1.99130E+0	8.43908E-6	9.99995E-1	-4.21573E-10
1.36315E-1	1.99184E+0	1.22399E-5	1.00002E+0	1.26998E-9
1.36970E-1	1.99346E+0	7.65270E-6	9.99980E-1	6.92816E-10
1.37626E-1	1.99077E+0	2.29871E-5	1.00003E+0	-2.59454E-10
1.38281E-1	1.99130E+0	1.11914E-5	1.00006E+0	2.57805E-10
1.38936E-1	1.99104E+0	1.14535E-5	9.99897E-1	2.14541E-10
1.39592E-1	1.99265E+0	1.09293E-5	9.48136E-1	3.13959E-7
1.40247E-1	-8.22355E-3	1.17157E-5	9.99636E-1	4.01048E-8
1.40902E-1	-6.33567E-3	5.68675E-6	1.00010E+0	2.72076E-8
1.41558E-1	-6.33567E-3	7.39058E-6	9.99916E-1	1.97724E-8
1.42213E-1	-6.87507E-3	7.12845E-6	1.00008E+0	1.72308E-8
1.42868E-1	-6.60537E-3	7.52164E-6	9.99992E-1	1.38221E-8
1.43524E-1	-7.41446E-3	2.50842E-5	1.00002E+0	1.37408E-8
1.44179E-1	-5.52658E-3	6.99739E-6	9.99990E-1	9.70016E-9
1.44835E-1	-6.06598E-3	5.16250E-6	9.99984E-1	1.12557E-8
1.45490E-1	-6.87507E-3	9.48759E-6	1.00004E+0	8.66707E-9
1.46145E-1	-6.06598E-3	1.00118E-5	9.99995E-1	8.81873E-9
1.46801E-1	-5.52658E-3	1.82688E-5	9.99952E-1	8.89955E-9
1.47456E-1	-5.79628E-3	1.01429E-5	1.00001E+0	7.45474E-9
1.48111E-1	-5.52658E-3	1.48612E-5	1.00005E+0	7.81559E-9
1.48767E-1	-6.87507E-3	5.81781E-6	1.00002E+0	6.13402E-9
1.49422E-1	-6.33567E-3	1.26331E-5	9.99997E-1	6.95270E-9
1.50077E-1	-7.14476E-3	7.65270E-6	9.99967E-1	6.99691E-9
1.50733E-1	-5.79628E-3	1.49923E-5	1.00002E+0	6.48393E-9
1.51388E-1	-6.87507E-3	9.22547E-6	9.99965E-1	4.67495E-9
1.52044E-1	-5.52658E-3	4.44211E-7	9.99986E-1	6.99739E-9
1.52699E-1	-6.87507E-3	1.00118E-5	9.99992E-1	4.82946E-9
1.53354E-1	-8.22355E-3	1.30263E-5	1.00004E+0	6.28948E-9
1.54010E-1	-5.52658E-3	9.88078E-6	1.00002E+0	4.33597E-9
1.54665E-1	-6.87507E-3	1.17157E-5	9.99967E-1	6.01802E-9
1.55320E-1	-5.79628E-3	9.88078E-6	1.00001E+0	5.55638E-9
1.55976E-1	-6.06598E-3	9.22547E-6	9.99995E-1	3.96182E-9
1.56631E-1	-5.79628E-3	7.25951E-6	1.00006E+0	4.73533E-9
1.57286E-1	-6.06598E-3	1.09293E-5	9.99914E-1	5.49315E-9
1.57942E-1	-6.06598E-3	9.74972E-6	1.00001E+0	3.82062E-9
1.58597E-1	-5.79628E-3	8.43908E-6	1.00003E+0	5.54307E-9
1.59252E-1	-6.87507E-3	1.17157E-5	1.00001E+0	4.94737E-9
1.59908E-1	-6.60537E-3	4.11399E-6	9.99965E-1	3.82632E-9
1.60563E-1	-4.98719E-3	9.74972E-6	1.00006E+0	4.63454E-9
1.61219E-1	-6.33567E-3	1.36816E-5	9.99995E-1	4.73390E-9
1.61874E-1	-6.33567E-3	2.80335E-6	1.00005E+0	3.97703E-9
1.62529E-1	-5.79628E-3	9.22547E-6	9.99910E-1	4.47242E-9
1.63185E-1	-6.33567E-3	8.43908E-6	9.99984E-1	4.32884E-9
1.63840E-1	-5.79628E-3	2.41016E-6	1.00005E+0	3.96467E-9
1.64495E-1	-6.60537E-3	1.04050E-5	9.99967E-1	4.94214E-9
1.65151E-1	-6.87507E-3	1.02740E-5	1.00005E+0	3.60050E-9
1.65806E-1	-4.17810E-3	9.48759E-6	1.00002E+0	4.48003E-9
1.66461E-1	-6.60537E-3	1.18467E-5	9.99902E-1	4.62075E-9
1.67117E-1	-6.33567E-3	8.96334E-6	1.00005E+0	3.13601E-9
1.67772E-1	-6.60537E-3	-1.78387E-6	9.99992E-1	4.67495E-9
1.68428E-1	-5.25689E-3	1.01429E-5	1.00003E+0	3.40938E-9
1.69083E-1	-6.87507E-3	1.22399E-5	1.00000E+0	3.98701E-9
1.69738E-1	-5.79628E-3	9.88078E-6	9.99992E-1	3.93044E-9
1.70394E-1	-6.60537E-3	6.34207E-6	9.99959E-1	4.76623E-9
1.71049E-1	-6.60537E-3	1.15846E-5	1.00006E+0	3.30288E-9
1.71704E-1	-6.33567E-3	-6.04297E-7	9.99967E-1	4.68398E-9
1.72360E-1	-6.33567E-3	1.04050E-5	9.99999E-1	3.76357E-9
1.73015E-1	-6.33567E-3	7.65270E-6	1.00005E+0	2.44284E-9
1.73670E-1	-5.79628E-3	5.81781E-6	9.99946E-1	4.41299E-9
1.74326E-1	-6.06598E-3	1.73514E-5	1.00000E+0	3.46025E-9
1.74981E-1	-6.60537E-3	-3.48769E-6	1.00000E+0	3.74455E-9
1.75636E-1	-5.52658E-3	7.78377E-6	1.00005E+0	4.16102E-9
1.76292E-1	-6.33567E-3	1.47301E-5	1.00002E+0	4.15104E-9
1.76947E-1	-7.41446E-3	1.07982E-5	9.99986E-1	3.39416E-9
1.77603E-1	-4.17810E-3	1.81378E-5	9.99935E-1	4.53755E-9
1.78258E-1	-5.79628E-3	1.26331E-5	1.00006E+0	2.73333E-9
1.78913E-1	-7.41446E-3	9.74972E-6	1.00003E+0	4.41299E-9
1.79569E-1	-6.33567E-3	7.91483E-6	9.99976E-1	4.13202E-9
1.80224E-1	-7.95385E-3	1.31574E-5	1.00005E+0	3.16549E-9
1.80879E-1	-6.87507E-3	-2.57025E-6	9.99842E-1	3.76785E-9
1.81535E-1	-6.33567E-3	1.10604E-5	1.00001E+0	3.59004E-9
1.82190E-1	-7.41446E-3	5.42462E-6	9.99976E-1	3.49210E-9
1.82845E-1	-4.71749E-3	8.70121E-6	1.00012E+0	3.43220E-9
1.83501E-1	-4.71749E-3	3.32761E-6	9.99969E-1	3.91000E-9
1.84156E-1	-6.60537E-3	9.35653E-6	9.99992E-1	3.42887E-9
1.84812E-1	-5.79628E-3	6.07994E-6	1.00002E+0	4.07116E-9
1.85467E-1	-6.06598E-3	-6.37109E-6	9.99946E-1	3.40177E-9
1.86122E-1	-4.98719E-3	9.48759E-6	1.00006E+0	3.49923E-9
1.86778E-1	-5.52658E-3	8.30802E-6	9.99999E-1	3.36516E-9
1.87433E-1	-6.33567E-3	1.14535E-5	9.99967E-1	2.88404E-9
1.88088E-1	-6.33567E-3	6.99739E-6	1.00005E+0	4.39350E-9
1.88744E-1	-6.60537E-3	1.18467E-5	9.99881E-1	3.57102E-9
1.89399E-1	-5.52658E-3	6.47313E-6	1.00010E+0	2.84885E-9
1.90054E-1	-6.33567E-3	7.39058E-6	1.00001E+0	4.46053E-9
1.90710E-1	-5.52658E-3	9.74972E-6	9.99986E-1	3.77878E-9
1.91365E-1	-6.60537E-3	1.10604E-5	1.00006E+0	3.32760E-9
1.92020E-1	-5.79628E-3	3.72080E-6	9.99885E-1	2.10244E-9
1.92676E-1	-6.06598E-3	5.68675E-6	1.00003E+0	4.32504E-9
1.93331E-1	-6.60537E-3	1.17157E-5	9.99982E-1	3.63092E-9
1.93987E-1	-6.87507E-3	1.31574E-5	1.00011E+0	3.30906E-9
1.94642E-1	-5.52658E-3	9.22547E-6	9.99891E-1	3.66135E-9
1.95297E-1	-5.25689E-3	8.83228E-6	1.00005E+0	3.06279E-9
1.95953E-1	-5.52658E-3	6.86632E-6	9.99992E-1	3.96039E-9
1.96608E-1	-4.98719E-3	6.34207E-6	1.00002E+0	3.75121E-9
1.97263E-1	-6.87507E-3	1.09293E-5	9.99965E-1	2.25553E-9
1.97919E-1	-5.79628E-3	1.13225E-5	9.99982E-1	3.86198E-9
1.98574E-1	-6.06598E-3	4.24505E-6	1.00003E+0	4.06498E-9
1.99229E-1	-6.33567E-3	6.73526E-6	9.99959E-1	3.23300E-9
1.99885E-1	1.99373E+0	2.32493E-5	1.05253E+0	-3.29191E-7
2.00540E-1	1.99292E+0	1.14535E-5	9.99999E-1	-3.04597E-8
2.01196E-1	1.99373E+0	1.07982E-5	9.99908E-1	-1.98264E-8
2.01851E-1	1.99292E+0	8.30802E-6	9.99969E-1	-1.32161E-8
2.02506E-1	1.99400E+0	6.07994E-6	9.99986E-1	-1.15883E-8
2.03162E-1	1.99238E+0	8.57015E-6	9.99931E-1	-9.99087E-9
2.03817E-1	1.99265E+0	1.31574E-5	9.99995E-1	-7.51677E-9
2.04472E-1	1.99157E+0	1.26331E-5	1.00000E+0	-6.61775E-9
2.05128E-1	1.99292E+0	4.24505E-6	1.00003E+0	-7.08271E-9
2.05783E-1	1.99211E+0	8.83228E-6	1.00000E+0	-4.99323E-9
2.06438E-1	1.99373E+0	1.30263E-5	9.99944E-1	-4.70417E-9
2.07094E-1	1.99319E+0	1.01429E-5	1.00012E+0	-4.09611E-9
2.07749E-1	1.99238E+0	7.52164E-6	9.99967E-1	-3.31166E-9
2.08404E-1	1.99211E+0	1.01429E-5	9.99897E-1	-3.69105E-9
2.09060E-1	1.99292E+0	7.12845E-6	1.00008E+0	-2.97697E-9
2.09715E-1	1.99292E+0	9.22547E-6	9.99978E-1	-1.43137E-9
2.10371E-1	1.99184E+0	7.39058E-6	1.00001E+0	-3.17950E-9
2.11026E-1	1.99319E+0	1.04050E-5	9.99935E-1	-2.19442E-9
2.11681E-1	1.99373E+0	9.09440E-6	9.99995E-1	-1.24595E-9
2.12337E-1	1.99265E+0	8.96334E-6	1.00006E+0	-1.76179E-9
2.12992E-1	1.99319E+0	-4.14301E-6	1.00002E+0	-1.51647E-9
2.13647E-1	1.99130E+0	1.06672E-5	1.00003E+0	-2.53150E-9
2.14303E-1	1.99373E+0	6.21101E-6	1.00001E+0	-4.74820E-10
2.14958E-1	1.99319E+0	1.21089E-5	9.99887E-1	-1.19413E-9
2.15613E-1	1.99319E+0	1.18467E-5	1.00006E+0	-1.79269E-9
2.16269E-1	1.99589E+0	9.22547E-6	9.99946E-1	4.49875E-10
2.16924E-1	1.99346E+0	1.27642E-5	9.99980E-1	-1.58303E-9
2.17580E-1	1.99319E+0	6.07994E-6	1.00001E+0	-5.42330E-10
2.18235E-1	1.99427E+0	7.06338E-7	1.00010E+0	-1.11521E-9
2.18890E-1	1.99319E+0	1.05361E-5	9.99923E-1	6.40995E-10
2.19546E-1	1.99346E+0	1.00118E-5	1.00006E+0	-1.03249E-9
2.20201E-1	1.99238E+0	1.06672E-5	9.99986E-1	-1.64008E-9
2.20856E-1	1.99319E+0	1.02740E-5	9.99919E-1	2.36886E-10
2.21512E-1	1.99373E+0	9.48759E-6	1.00008E+0	-5.65626E-10
2.22167E-1	1.99373E+0	2.33803E-5	9.99954E-1	-5.79889E-10
2.22822E-1	1.99319E+0	8.30802E-6	1.00007E+0	1.03797E-9
2.23478E-1	1.99184E+0	1.17157E-5	9.99916E-1	-7.44385E-10
2.24133E-1	1.99508E+0	9.74972E-6	1.00004E+0	2.94888E-10
2.24788E-1	1.99184E+0	2.93442E-6	9.99990E-1	-1.10666E-9
2.25444E-1	1.99346E+0	9.61866E-6	1.00003E+0	3.18183E-10
2.26099E-1	1.99319E+0	7.39058E-6	9.99940E-1	1.05271E-9
2.26755E-1	1.99454E+0	1.62378E-6	9.99990E-1	-6.32660E-10
2.27410E-1	1.99292E+0	1.25021E-5	1.00003E+0	-6.55005E-10
2.28065E-1	1.99130E+0	9.48759E-6	1.00000E+0	9.15916E-12
2.28721E-1	1.99184E+0	7.39058E-6	9.99992E-1	1.20389E-9
2.29376E-1	1.99265E+0	6.99739E-6	1.00008E+0	-4.55328E-10
2.30031E-1	1.99157E+0	1.19778E-5	9.99978E-1	5.47812E-10
2.30687E-1	1.99481E+0	1.49923E-5	9.99921E-1	1.54163E-10
2.31342E-1	1.99238E+0	1.17157E-5	1.00004E+0	-1.81010E-10
2.31997E-1	1.99265E+0	8.04589E-6	1.00006E+0	-1.22348E-11
2.32653E-1	1.99157E+0	8.30802E-6	9.99923E-1	1.08551E-9
2.33308E-1	1.99238E+0	1.06672E-5	1.00006E+0	2.49247E-10
2.33964E-1	1.99292E+0	9.88078E-6	1.00002E+0	-2.42339E-10
2.34619E-1	1.99238E+0	9.74972E-6	9.99942E-1	1.21293E-9
2.35274E-1	1.99265E+0	8.30802E-6	1.00003E+0	3.94251E-10
2.35930E-1	1.99157E+0	9.74972E-6	9.99940E-1	-4.11114E-10
2.36585E-1	1.99157E+0	8.43908E-6	1.00004E+0	1.05556E-9
2.37240E-1	1.99211E+0	7.52164E-6	9.99969E-1	-2.15240E-10
2.37896E-1	1.99454E+0	5.81781E-6	9.99980E-1	7.25145E-10
2.38551E-1	1.99211E+0	9.09440E-6	1.00005E+0	3.93300E-10
2.39206E-1	1.99184E+0	3.72080E-6	1.00000E+0	1.10643E-9
2.39862E-1	-7.95385E-3	1.02740E-5	9.47123E-1	3.31188E-7
2.40517E-1	-6.60537E-3	-6.04297E-7	1.00016E+0	3.39253E-8
2.41172E-1	-6.87507E-3	1.01429E-5	9.99980E-1	2.36652E-8
2.41828E-1	-6.06598E-3	1.45991E-5	1.00010E+0	1.79858E-8
2.42483E-1	-6.60537E-3	5.16250E-6	9.99950E-1	1.58963E-8
2.43139E-1	-4.44780E-3	7.52164E-6	1.00008E+0	1.23021E-8
2.43794E-1	-6.06598E-3	1.99727E-5	9.99952E-1	1.31517E-8
2.44449E-1	-5.52658E-3	8.70121E-6	9.99959E-1	1.09082E-8
2.45105E-1	-7.14476E-3	7.65270E-6	1.00006E+0	8.65518E-9
2.45760E-1	-7.41446E-3	6.86632E-6	1.00003E+0	1.01742E-8
2.46415E-1	-7.41446E-3	1.36166E-6	9.99925E-1	8.20068E-9
2.47071E-1	-5.25689E-3	1.23710E-5	1.00007E+0	8.11178E-9
2.47726E-1	-5.52658E-3	1.09953E-6	9.99980E-1	7.06109E-9
2.48381E-1	-5.79628E-3	8.30802E-6	1.00002E+0	7.54602E-9
2.49037E-1	-6.06598E-3	1.00118E-5	9.99921E-1	6.65318E-9
2.49692E-1	-5.25689E-3	1.10604E-5	1.00006E+0	5.35671E-9
2.50348E-1	-6.87507E-3	1.04050E-5	9.99938E-1	7.06585E-9
2.51003E-1	-6.33567E-3	1.28952E-5	1.00007E+0	5.42279E-9
2.51658E-1	-7.14476E-3	-2.57025E-6	1.00001E+0	6.26809E-9
2.52314E-1	-4.98719E-3	9.35653E-6	9.99923E-1	5.55971E-9
2.52969E-1	-5.52658E-3	1.17157E-5	1.00005E+0	5.75463E-9
2.53624E-1	-4.71749E-3	8.70121E-6	1.00000E+0	6.04036E-9
2.54280E-1	-5.25689E-3	1.26331E-5	1.00002E+0	4.15104E-9
2.54935E-1	-4.17810E-3	9.74972E-6	9.99944E-1	4.98302E-9
2.55590E-1	-5.25689E-3	5.42462E-6	1.00009E+0	5.24308E-9
2.56246E-1	-5.25689E-3	8.30802E-6	9.99870E-1	4.55087E-9
2.56901E-1	-6.06598E-3	7.52164E-6	1.00013E+0	4.57559E-9
2.57556E-1	-6.87507E-3	1.14535E-5	9.99946E-1	4.49524E-9
2.58212E-1	-6.06598E-3	7.78377E-6	1.00003E+0	5.94956E-9
2.58867E-1	-6.87507E-3	1.09293E-5	1.00002E+0	4.13677E-9
2.59523E-1	-6.06598E-3	2.57395E-5	9.99971E-1	4.62503E-9
2.60178E-1	-4.44780E-3	4.63824E-6	9.99957E-1	4.57416E-9
2.60833E-1	-6.60537E-3	1.14535E-5	1.00007E+0	4.17623E-9
2.61489E-1	-7.68415E-3	1.26331E-5	1.00003E+0	4.06974E-9
2.62144E-1	-5.52658E-3	5.03143E-6	1.00004E+0	3.97370E-9
2.62799E-1	-5.25689E-3	1.04050E-5	9.99921E-1	4.08780E-9
2.63455E-1	-5.79628E-3	1.45991E-5	1.00001E+0	5.31867E-9
2.64110E-1	-7.14476E-3	9.48759E-6	9.99976E-1	3.04330E-9
2.64765E-1	-6.87507E-3	7.91483E-6	1.00002E+0	4.29556E-9
2.65421E-1	-5.52658E-3	1.19778E-5	9.99952E-1	4.92835E-9
2.66076E-1	-4.98719E-3	7.78377E-6	9.99963E-1	3.75168E-9
2.66732E-1	-5.25689E-3	7.91483E-6	1.00006E+0	3.25772E-9
2.67387E-1	-6.60537E-3	1.05361E-5	9.99995E-1	4.90410E-9
2.68042E-1	-6.06598E-3	8.96334E-6	1.00007E+0	3.53394E-9
2.68698E-1	-6.06598E-3	1.18467E-5	9.99876E-1	3.79970E-9
2.69353E-1	-4.71749E-3	9.35653E-6	1.00004E+0	4.26038E-9
2.70008E-1	-3.90841E-3	1.30263E-5	1.00009E+0	3.87577E-9
2.70664E-1	-5.79628E-3	1.63029E-5	9.99969E-1	2.83031E-9
2.71319E-1	-5.25689E-3	1.00118E-5	1.00004E+0	5.02771E-9
2.71974E-1	-5.52658E-3	8.43908E-6	9.99935E-1	4.20095E-9
2.72630E-1	-4.44780E-3	7.65270E-6	1.00002E+0	2.99196E-9
2.73285E-1	-6.60537E-3	8.04589E-6	1.00002E+0	4.39255E-9
2.73940E-1	-7.14476E-3	1.02740E-5	1.00001E+0	3.79732E-9
2.74596E-1	-6.60537E-3	1.30263E-5	9.99980E-1	2.88594E-9
2.75251E-1	-5.52658E-3	6.73526E-6	9.99984E-1	3.47736E-9
2.75907E-1	-5.25689E-3	1.30263E-5	9.99963E-1	3.79637E-9
2.76562E-1	-6.06598E-3	8.70121E-6	1.00009E+0	4.21712E-9
2.77217E-1	-6.06598E-3	1.18467E-5	9.99912E-1	4.16577E-9
2.77873E-1	-6.60537E-3	1.47301E-5	1.00003E+0	3.70414E-9
2.78528E-1	-4.17810E-3	1.17157E-5	9.99910E-1	3.13981E-9
2.79183E-1	-6.33567E-3	7.39058E-6	1.00004E+0	3.19449E-9
2.79839E-1	-4.44780E-3	1.07982E-5	1.00007E+0	3.45359E-9
2.80494E-1	-5.52658E-3	1.21089E-5	1.00001E+0	3.24155E-9
2.81149E-1	-4.17810E-3	1.17157E-5	9.99942E-1	4.99634E-9
2.81805E-1	-6.06598E-3	1.15846E-5	1.00009E+0	3.00860E-9
2.82460E-1	-6.87507E-3	7.39058E-6	1.00002E+0	3.84962E-9
2.83116E-1	-7.14476E-3	4.76931E-6	9.99921E-1	3.94946E-9
2.83771E-1	-5.52658E-3	1.04050E-5	1.00006E+0	3.23347E-9
2.84426E-1	-6.06598E-3	8.83228E-6	9.99944E-1	4.08305E-9
2.85082E-1	-6.87507E-3	6.86632E-6	9.99997E-1	2.60164E-9
2.85737E-1	-6.33567E-3	4.63824E-6	1.00001E+0	3.68607E-9
2.86392E-1	-6.60537E-3	2.32493E-5	1.00006E+0	3.89003E-9
2.87048E-1	-6.06598E-3	1.14535E-5	9.99847E-1	3.26770E-9
2.87703E-1	-7.68415E-3	1.19778E-5	1.00008E+0	3.21968E-9
2.88358E-1	-4.71749E-3	1.13225E-5	9.99942E-1	4.48288E-9
2.89014E-1	-5.25689E-3	8.96334E-6	1.00008E+0	3.65469E-9
2.89669E-1	-5.52658E-3	8.17696E-6	9.99963E-1	2.25933E-9
2.90324E-1	-7.14476E-3	1.07982E-5	1.00005E+0	3.80921E-9
2.90980E-1	-5.25689E-3	3.85186E-6	9.99950E-1	3.48497E-9
2.91635E-1	-5.79628E-3	7.78377E-6	1.00000E+0	4.28320E-9
2.92291E-1	-5.52658E-3	1.11914E-5	1.00004E+0	3.19972E-9
2.92946E-1	-4.98719E-3	3.72080E-6	9.99961E-1	2.53603E-9
2.93601E-1	-5.25689E-3	-8.00432E-8	1.00006E+0	4.19382E-9
2.94257E-1	-5.79628E-3	4.24505E-6	9.99938E-1	3.61476E-9
2.94912E-1	-6.60537E-3	1.75485E-6	1.00006E+0	3.40272E-9
2.95567E-1	-6.06598E-3	1.11914E-5	9.99933E-1	3.84724E-9
2.96223E-1	-7.41446E-3	1.27642E-5	1.00004E+0	2.79466E-9
2.96878E-1	-4.71749E-3	5.75274E-7	1.00000E+0	3.87482E-9
2.97533E-1	-5.79628E-3	9.48759E-6	9.99965E-1	2.60401E-9
2.98189E-1	-6.06598E-3	1.06672E-5	1.00003E+0	4.16815E-9
2.98844E-1	-4.71749E-3	1.64340E-5	1.00001E+0	2.31971E-9
2.99500E-1	-6.06598E-3	1.11914E-5	1.05385E+0	-3.06981E-7
3.00155E-1	1.99481E+0	7.39058E-6	9.98943E-1	-3.53665E-8
3.00810E-1	1.99481E+0	4.11399E-6	1.00001E+0	-2.46942E-8
3.01466E-1	1.99427E+0	1.00118E-5	9.99944E-1	-1.54387E-8
3.02121E-1	1.99427E+0	7.65270E-6	9.99935E-1	-1.38308E-8
3.02776E-1	1.99077E+0	1.27642E-5	1.00005E+0	-9.80022E-9
3.03432E-1	1.99454E+0	8.57015E-6	9.99971E-1	-8.87172E-9
3.04087E-1	1.99319E+0	2.29871E-5	1.00001E+0	-8.36730E-9
3.04742E-1	1.99211E+0	1.13225E-5	9.99988E-1	-6.67480E-9
3.05398E-1	1.99508E+0	8.04589E-6	1.00002E+0	-5.35788E-9
3.06053E-1	1.99481E+0	8.83228E-6	9.99988E-1	-4.90623E-9
3.06708E-1	1.99319E+0	1.91863E-5	9.99999E-1	-4.13985E-9
3.07364E-1	1.99373E+0	9.88078E-6	9.99984E-1	-3.65302E-9
3.08019E-1	1.99454E+0	2.07591E-5	9.99976E-1	-3.37537E-9
3.08675E-1	1.99211E+0	1.09293E-5	1.00003E+0	-4.14841E-9
3.09330E-1	1.99238E+0	9.48759E-6	1.00002E+0	-2.48395E-9
3.09985E-1	1.99238E+0	8.96334E-6	9.99978E-1	-2.61232E-9
3.10641E-1	1.99319E+0	9.61866E-6	1.00002E+0	-2.51153E-9
3.11296E-1	1.99292E+0	7.78377E-6	9.99940E-1	-2.07699E-9
3.11951E-1	1.99373E+0	8.43908E-6	1.00005E+0	-9.12209E-10
3.12607E-1	1.99265E+0	1.73514E-5	9.99931E-1	-2.60614E-9
3.13262E-1	1.99346E+0	6.73526E-6	9.99997E-1	-6.47399E-10
3.13917E-1	1.99211E+0	1.38127E-5	1.00008E+0	-1.02108E-9
3.14573E-1	1.99265E+0	9.22547E-6	9.99971E-1	-9.08405E-10
3.15228E-1	1.99319E+0	1.11914E-5	9.99940E-1	-1.10571E-9
3.15884E-1	1.99211E+0	1.31574E-5	1.00008E+0	-2.36748E-9
3.16539E-1	1.99292E+0	8.30802E-6	9.99944E-1	6.90623E-11
3.17194E-1	1.99400E+0	-2.17706E-6	1.00010E+0	-1.20127E-9
3.17850E-1	1.99346E+0	1.38127E-5	9.99942E-1	-2.82750E-10
3.18505E-1	1.99238E+0	2.27910E-6	9.99973E-1	-1.55260E-9
3.19160E-1	1.99319E+0	7.91483E-6	9.99954E-1	-3.32194E-10
3.19816E-1	1.99238E+0	3.19654E-6	9.99986E-1	-1.22533E-10
3.20471E-1	1.99346E+0	1.18467E-5	9.99982E-1	-6.37890E-10
3.21126E-1	1.99319E+0	6.07994E-6	1.00011E+0	-8.97946E-10
3.21782E-1	1.99346E+0	9.88078E-6	9.99957E-1	-9.43586E-10
3.22437E-1	1.99346E+0	1.07982E-5	1.00002E+0	-1.33943E-10
3.23092E-1	1.99238E+0	8.96334E-6	9.99976E-1	3.21511E-10
3.23748E-1	1.99427E+0	4.76931E-6	1.00003E+0	-3.40276E-10
3.24403E-1	1.99292E+0	2.11522E-5	9.99933E-1	5.63977E-10
3.25059E-1	1.99346E+0	1.59097E-5	1.00012E+0	-8.77978E-10
3.25714E-1	1.99400E+0	7.52164E-6	9.99912E-1	-6.83346E-11
3.26369E-1	1.99265E+0	1.01429E-5	9.99935E-1	8.91067E-10
3.27025E-1	1.99373E+0	1.21089E-5	1.00007E+0	-3.31718E-10
3.27680E-1	1.99454E+0	1.90552E-5	1.00002E+0	-3.56916E-10
3.28335E-1	1.99508E+0	8.96334E-6	1.00007E+0	8.48754E-10
3.28991E-1	1.99238E+0	4.50718E-6	9.99931E-1	-3.55965E-10
3.29646E-1	1.99157E+0	1.53855E-5	9.99982E-1	7.74113E-10
3.30301E-1	1.99211E+0	1.04050E-5	9.99995E-1	-7.72435E-10
3.30957E-1	1.99292E+0	1.13225E-5	1.00003E+0	1.62720E-10
3.31612E-1	1.99400E+0	7.39058E-6	9.99900E-1	3.99481E-10
3.32268E-1	1.99373E+0	7.78377E-6	1.00016E+0	1.08742E-9
3.32923E-1	1.99346E+0	6.99739E-6	9.99967E-1	-3.03009E-11
3.33578E-1	1.99346E+0	7.52164E-6	1.00004E+0	3.07724E-10
3.34234E-1	1.99238E+0	1.17157E-5	9.99902E-1	-7.18236E-10
3.34889E-1	1.99265E+0	1.07982E-5	1.00009E+0	8.13573E-10
3.35544E-1	1.99157E+0	2.39046E-5	9.99908E-1	-4.97932E-11
3.36200E-1	1.99292E+0	1.02740E-5	1.00010E+0	4.14694E-10
3.36855E-1	1.99211E+0	6.60420E-6	9.99978E-1	3.95862E-11
3.37510E-1	1.99292E+0	9.48759E-6	9.99961E-1	3.78562E-10
3.38166E-1	1.99373E+0	5.16250E-6	9.99950E-1	1.93319E-9
3.38821E-1	1.99319E+0	1.11914E-5	1.00011E+0	-3.86392E-10
3.39476E-1	1.99427E+0	1.11914E-5	9.45203E-1	3.07320E-7
3.40132E-1	-6.33567E-3	1.47301E-5	1.00181E+0	4.25899E-8
3.40787E-1	-5.79628E-3	1.00118E-5	1.00005E+0	2.76782E-8
3.41443E-1	-5.25689E-3	9.48759E-6	9.99967E-1	2.11521E-8
3.42098E-1	-6.33567E-3	6.86632E-6	9.99995E-1	1.58046E-8
3.42753E-1	-6.33567E-3	8.83228E-6	1.00007E+0	1.45566E-8
3.43409E-1	-6.06598E-3	6.21101E-6	9.99942E-1	1.30671E-8
3.44064E-1	-4.98719E-3	3.32761E-6	1.00007E+0	1.06253E-8
3.44719E-1	-6.60537E-3	1.00118E-5	9.99944E-1	1.02949E-8
3.45375E-1	-6.06598E-3	1.01429E-5	1.00002E+0	1.03016E-8
3.46030E-1	-6.06598E-3	1.65650E-5	9.99978E-1	7.69816E-9
3.46685E-1	-6.33567E-3	1.23710E-5	1.00013E+0	8.16502E-9
3.47341E-1	-6.33567E-3	1.10604E-5	9.99826E-1	8.09561E-9
3.47996E-1	-6.06598E-3	7.91483E-6	1.00005E+0	7.40292E-9
3.48652E-1	-6.87507E-3	9.35653E-6	9.99980E-1	6.50960E-9
3.49307E-1	-7.14476E-3	9.61866E-6	1.00004E+0	6.97457E-9
3.49962E-1	-5.79628E-3	6.21101E-6	1.00003E+0	6.66554E-9
3.50618E-1	-6.87507E-3	1.52544E-5	1.00004E+0	5.73514E-9
3.51273E-1	-6.60537E-3	1.30263E-5	9.99938E-1	5.65812E-9
3.51928E-1	-3.90841E-3	7.65270E-6	1.00004E+0	6.69312E-9
3.52584E-1	-7.41446E-3	1.13225E-5	9.99957E-1	4.24137E-9
3.53239E-1	-6.60537E-3	9.88078E-6	9.99961E-1	5.87777E-9
3.53894E-1	-6.33567E-3	4.24505E-6	1.00010E+0	5.62912E-9
3.54550E-1	-5.25689E-3	1.42059E-5	9.99946E-1	4.82709E-9
3.55205E-1	-5.79628E-3	4.90037E-6	9.99978E-1	3.97133E-9
3.55860E-1	-5.25689E-3	7.78377E-6	1.00003E+0	5.65622E-9
3.56516E-1	-5.79628E-3	1.18467E-5	1.00002E+0	3.99082E-9
3.57171E-1	-5.52658E-3	6.99739E-6	9.99959E-1	5.10235E-9
3.57827E-1	-6.33567E-3	-3.61876E-6	9.99967E-1	5.29443E-9
3.58482E-1	-6.60537E-3	7.91483E-6	1.00009E+0	4.98968E-9
3.59137E-1	-6.33567E-3	9.35653E-6	9.99965E-1	3.81919E-9
3.59793E-1	-6.33567E-3	9.88078E-6	9.99976E-1	4.23138E-9
3.60448E-1	-7.41446E-3	1.49923E-5	9.99992E-1	4.83754E-9
3.61103E-1	-6.06598E-3	5.81781E-6	1.00006E+0	4.68588E-9
3.61759E-1	-6.06598E-3	1.00118E-5	9.99984E-1	3.82822E-9
3.62414E-1	-4.71749E-3	1.06672E-5	9.99931E-1	4.28225E-9
3.63069E-1	-5.79628E-3	8.83228E-6	1.00003E+0	4.09446E-9
3.63725E-1	-6.33567E-3	1.44680E-5	1.00002E+0	3.92806E-9
3.64380E-1	-5.79628E-3	4.37612E-6	9.99950E-1	4.26514E-9
3.65036E-1	-5.79628E-3	8.43908E-6	1.00011E+0	3.64233E-9
3.65691E-1	-4.98719E-3	2.54123E-6	9.99978E-1	4.74912E-9
3.66346E-1	-5.52658E-3	9.48759E-6	9.99887E-1	3.32380E-9
3.67002E-1	-6.06598E-3	3.45867E-6	1.00005E+0	4.42345E-9
3.67657E-1	-4.98719E-3	1.14535E-5	9.99997E-1	3.47166E-9
3.68312E-1	-4.44780E-3	4.24505E-6	1.00004E+0	3.66848E-9
3.68968E-1	-5.79628E-3	6.73526E-6	9.99921E-1	3.67514E-9
3.69623E-1	-8.22355E-3	1.93174E-5	1.00010E+0	5.18508E-9
3.70278E-1	-4.17810E-3	1.14535E-5	9.99881E-1	2.55885E-9
3.70934E-1	-4.71749E-3	9.74972E-6	1.00009E+0	4.06498E-9
3.71589E-1	-6.06598E-3	8.04589E-6	1.00003E+0	3.28910E-9
3.72244E-1	-4.71749E-3	7.25951E-6	9.99971E-1	4.80094E-9
3.72900E-1	-5.52658E-3	1.10604E-5	9.99973E-1	4.09636E-9
3.73555E-1	-5.25689E-3	1.14535E-5	1.00006E+0	2.80036E-9
3.74211E-1	-5.52658E-3	7.91483E-6	1.00001E+0	4.34881E-9
3.74866E-1	-5.52658E-3	1.18467E-5	9.99935E-1	3.75168E-9
3.75521E-1	-5.79628E-3	1.98416E-5	9.99986E-1	3.17119E-9
3.76177E-1	-6.87507E-3	1.19778E-5	1.00004E+0	2.77326E-9
3.76832E-1	-5.79628E-3	1.31574E-5	1.00004E+0	4.76528E-9
3.77487E-1	-4.17810E-3	1.07982E-5	9.99976E-1	3.10321E-9
3.78143E-1	-5.79628E-3	4.37612E-6	1.00001E+0	4.55942E-9
3.78798E-1	-5.52658E-3	7.91483E-6	9.99950E-1	2.61780E-9
3.79453E-1	-5.79628E-3	1.51233E-5	9.99984E-1	3.87957E-9
3.80109E-1	-7.14476E-3	1.40748E-5	1.00003E+0	3.09750E-9
3.80764E-1	-6.60537E-3	1.35506E-5	1.00008E+0	4.06356E-9
3.81420E-1	-6.06598E-3	2.29871E-5	9.99887E-1	3.38466E-9
3.82075E-1	-5.79628E-3	5.55569E-6	9.99997E-1	3.96419E-9
3.82730E-1	-5.25689E-3	1.10604E-5	9.99999E-1	2.93633E-9
3.83386E-1	-5.52658E-3	1.06672E-5	1.00003E+0	4.48050E-9
3.84041E-1	-6.06598E-3	9.88078E-6	9.99982E-1	3.28529E-9
3.84696E-1	-7.14476E-3	7.78377E-6	1.00003E+0	3.31287E-9
3.85352E-1	-5.25689E-3	1.01429E-5	9.99986E-1	3.84867E-9
3.86007E-1	-5.25689E-3	7.39058E-6	9.99980E-1	2.98720E-9
3.86662E-1	-5.52658E-3	1.47301E-5	9.99999E-1	2.80607E-9
3.87318E-1	-5.79628E-3	9.88078E-6	1.00005E+0	3.54107E-9
3.87973E-1	-5.52658E-3	9.35653E-6	9.99954E-1	3.60763E-9
3.88628E-1	-6.33567E-3	7.12845E-6	1.00007E+0	2.91636E-9
3.89284E-1	-5.25689E-3	8.96334E-6	9.99997E-1	4.18289E-9
3.89939E-1	-3.90841E-3	1.22399E-5	1.00002E+0	3.56484E-9
3.90595E-1	-4.98719E-3	1.09293E-5	9.99965E-1	2.67390E-9
3.91250E-1	-6.33567E-3	5.68675E-6	1.00000E+0	3.61286E-9
3.91905E-1	-6.06598E-3	1.00118E-5	9.99971E-1	3.77022E-9
3.92561E-1	-4.17810E-3	4.11399E-6	1.00001E+0	4.09636E-9
3.93216E-1	-6.87507E-3	8.43908E-6	9.99931E-1	2.70765E-9
3.93871E-1	-5.25689E-3	1.05361E-5	1.00011E+0	3.53917E-9
3.94527E-1	-6.06598E-3	9.48759E-6	9.99965E-1	2.69197E-9
3.95182E-1	-5.79628E-3	3.13147E-7	9.99999E-1	3.35803E-9
3.95837E-1	-7.41446E-3	8.04589E-6	1.00002E+0	3.82204E-9
3.96493E-1	-6.33567E-3	1.32884E-5	9.99973E-1	2.96248E-9
3.97148E-1	-5.79628E-3	1.27642E-5	1.00001E+0	3.38228E-9
3.97804E-1	-6.33567E-3	1.04050E-5	1.00004E+0	3.82347E-9
3.98459E-1	-5.25689E-3	6.86632E-6	9.99995E-1	3.95706E-9
3.99114E-1	-5.52658E-3	8.04589E-6	9.99965E-1	3.10701E-9
3.99770E-1	1.99346E+0	8.04589E-6	1.05245E+0	-3.25391E-7
4.00425E-1	1.99427E+0	1.38127E-5	9.99919E-1	-3.25458E-8
4.01080E-1	1.99454E+0	1.07982E-5	9.99925E-1	-1.97874E-8
4.01736E-1	1.99319E+0	7.78377E-6	1.00005E+0	-1.50603E-8
4.02391E-1	1.99562E+0	9.88078E-6	9.99889E-1	-1.06460E-8
4.03046E-1	1.99427E+0	1.65650E-5	1.00010E+0	-1.02571E-8
4.03702E-1	1.99292E+0	7.78377E-6	9.99948E-1	-8.34543E-9
4.04357E-1	1.99292E+0	9.09440E-6	9.99904E-1	-6.01396E-9
4.05012E-1	1.99373E+0	5.68675E-6	1.00005E+0	-7.24721E-9
4.05668E-1	1.99211E+0	9.74972E-6	1.00004E+0	-5.73727E-9
4.06323E-1	1.99265E+0	8.57015E-6	1.00004E+0	-3.75618E-9
4.06979E-1	1.99589E+0	7.78377E-6	9.99902E-1	-4.55489E-9
4.07634E-1	1.99211E+0	9.88078E-6	1.00002E+0	-3.24701E-9
4.08289E-1	1.99508E+0	5.55569E-6	9.99976E-1	-3.43955E-9
4.08945E-1	1.99427E+0	1.27642E-5	1.00000E+0	-2.79013E-9
4.09600E-1	1.99346E+0	1.28952E-5	1.00003E+0	-3.69105E-9
4.10255E-1	1.99427E+0	1.60408E-5	1.00004E+0	-2.26906E-9
4.10911E-1	1.99292E+0	1.38127E-5	9.99881E-1	-1.41806E-9
4.11566E-1	1.99157E+0	7.12845E-6	1.00013E+0	-2.79488E-9
4.12221E-1	1.99346E+0	7.78377E-6	9.99872E-1	-2.15734E-9
4.12877E-1	1.99238E+0	9.35653E-6	1.00003E+0	-7.89550E-10
4.13532E-1	1.99292E+0	7.91483E-6	9.99982E-1	-2.10837E-9
4.14188E-1	1.99238E+0	1.02740E-5	1.00002E+0	-1.15610E-9
4.14843E-1	1.99319E+0	1.00118E-5	9.99940E-1	-1.10428E-9
4.15498E-1	1.99319E+0	1.10604E-5	1.00009E+0	-1.27448E-9
4.16154E-1	1.99346E+0	1.05361E-5	9.99988E-1	-1.39001E-9
4.16809E-1	1.99184E+0	7.25951E-6	9.99967E-1	-6.50067E-11
4.17464E-1	1.99319E+0	1.22399E-5	1.00001E+0	-9.71636E-10
4.18120E-1	1.99238E+0	1.13225E-5	1.00001E+0	-1.00587E-9
4.18775E-1	1.99265E+0	7.52164E-6	9.99980E-1	1.15654E-10
4.19430E-1	1.99211E+0	1.63029E-5	9.99980E-1	-9.93506E-10
4.20086E-1	1.99238E+0	9.35653E-6	9.99978E-1	-5.10477E-10
4.20741E-1	1.99292E+0	1.32884E-5	1.00010E+0	-2.53274E-10
4.21396E-1	1.99292E+0	1.49923E-5	9.99990E-1	-6.38366E-10
4.22052E-1	1.99292E+0	7.91483E-6	9.99961E-1	1.43704E-10
4.22707E-1	1.99265E+0	1.02740E-5	1.00008E+0	-9.43111E-10
4.23363E-1	1.99211E+0	5.42462E-6	9.99910E-1	2.71592E-10
4.24018E-1	1.99184E+0	8.57015E-6	1.00007E+0	-5.76085E-10
4.24673E-1	1.99292E+0	1.10604E-5	9.99969E-1	-3.00341E-10
4.25329E-1	1.99319E+0	7.65270E-6	9.99982E-1	4.90762E-10
4.25984E-1	1.99481E+0	6.07994E-6	1.00003E+0	-1.23169E-9
4.26639E-1	1.99184E+0	9.22547E-6	9.99997E-1	4.06136E-10
4.27295E-1	1.99346E+0	3.13147E-7	9.99963E-1	2.34034E-10
4.27950E-1	1.99077E+0	1.07982E-5	1.00005E+0	-7.48663E-10
4.28605E-1	1.99265E+0	1.11914E-5	9.99980E-1	8.41148E-10
4.29261E-1	1.99211E+0	3.58973E-6	1.00003E+0	1.12801E-10
4.29916E-1	1.99319E+0	8.17696E-6	1.00000E+0	-3.74031E-10
4.30572E-1	1.99265E+0	9.35653E-6	9.99971E-1	8.95821E-10
4.31227E-1	1.99427E+0	7.91483E-6	9.99897E-1	-3.35997E-10
4.31882E-1	1.99346E+0	1.18467E-5	1.00007E+0	5.33550E-10
4.32538E-1	1.99535E+0	1.09293E-5	1.00000E+0	-3.26964E-10
4.33193E-1	1.99184E+0	7.65270E-6	1.00004E+0	-2.55466E-11
4.33848E-1	1.99238E+0	-2.17706E-6	9.99921E-1	3.15806E-10
4.34504E-1	1.99238E+0	8.96334E-6	1.00002E+0	3.58119E-10
4.35159E-1	1.99346E+0	2.11522E-5	1.00002E+0	8.22131E-10
4.35814E-1	1.99373E+0	8.83228E-6	1.00007E+0	-6.38366E-10
4.36470E-1	1.99238E+0	1.32884E-5	9.99891E-1	-9.54337E-11
4.37125E-1	1.99265E+0	9.74972E-6	9.99982E-1	1.30706E-9
4.37780E-1	1.99211E+0	9.48759E-6	1.00006E+0	-9.96358E-10
4.38436E-1	1.99211E+0	7.25951E-6	1.00002E+0	1.91037E-9
4.39091E-1	1.99292E+0	8.70121E-6	1.00005E+0	-4.02847E-11
4.39747E-1	-7.14476E-3	1.00118E-5	9.47421E-1	3.28636E-7
4.40402E-1	-6.06598E-3	5.68675E-6	1.00017E+0	3.46669E-8
4.41057E-1	-6.06598E-3	2.40356E-5	9.99952E-1	2.42081E-8
4.41713E-1	-7.41446E-3	1.49923E-5	1.00008E+0	1.79754E-8
4.42368E-1	-7.14476E-3	7.78377E-6	1.00008E+0	1.56629E-8
4.43023E-1	-6.06598E-3	8.83228E-6	1.00001E+0	1.34641E-8
4.43679E-1	-7.68415E-3	1.14535E-5	9.99986E-1	1.12096E-8
4.44334E-1	-6.60537E-3	1.19778E-5	1.00003E+0	1.11678E-8
4.44989E-1	-6.06598E-3	9.09440E-6	9.99990E-1	9.51712E-9
4.45645E-1	-6.60537E-3	1.27642E-5	9.99984E-1	1.00639E-8
4.46300E-1	-6.33567E-3	7.91483E-6	1.00003E+0	8.32476E-9
4.46956E-1	-5.79628E-3	2.46910E-5	9.99967E-1	7.91400E-9
4.47611E-1	-6.33567E-3	9.74972E-6	1.00005E+0	6.01659E-9
4.48266E-1	-6.60537E-3	8.57015E-6	9.99916E-1	7.83175E-9
4.48922E-1	-7.14476E-3	1.01429E-5	1.00009E+0	5.95669E-9
4.49577E-1	-6.33567E-3	2.67229E-6	9.99944E-1	7.33446E-9
4.50232E-1	-6.06598E-3	8.30802E-6	1.00008E+0	5.20219E-9
4.50888E-1	-6.33567E-3	6.99739E-6	9.99992E-1	5.93672E-9
4.51543E-1	-4.98719E-3	2.57395E-5	1.00001E+0	6.52006E-9
4.52198E-1	-6.60537E-3	2.06280E-5	9.99999E-1	5.51407E-9
4.52854E-1	-4.17810E-3	6.99739E-6	1.00001E+0	4.49477E-9
4.53509E-1	-7.14476E-3	1.22399E-5	9.99906E-1	6.71403E-9
4.54164E-1	-5.79628E-3	9.74972E-6	1.00002E+0	4.82994E-9
4.54820E-1	-5.52658E-3	9.22547E-6	9.99990E-1	3.99557E-9
4.55475E-1	-6.60537E-3	1.07982E-5	9.99995E-1	4.48573E-9
4.56131E-1	-6.06598E-3	1.05361E-5	1.00001E+0	5.53594E-9
4.56786E-1	-5.79628E-3	8.57015E-6	1.00006E+0	5.04293E-9
4.57441E-1	-6.33567E-3	2.37735E-5	9.99935E-1	4.69254E-9
4.58097E-1	-6.60537E-3	1.19778E-5	1.00003E+0	4.40871E-9
4.58752E-1	-6.06598E-3	1.34195E-5	1.00003E+0	3.66468E-9
4.59407E-1	-6.87507E-3	1.15846E-5	9.99957E-1	4.61315E-9
4.60063E-1	-7.41446E-3	8.17696E-6	1.00000E+0	4.77099E-9
4.60718E-1	-6.33567E-3	1.26331E-5	1.00004E+0	3.05091E-9
4.61373E-1	-7.14476E-3	1.21089E-5	1.00003E+0	4.82233E-9
4.62029E-1	-7.68415E-3	1.22399E-5	9.99927E-1	4.40871E-9
4.62684E-1	-6.33567E-3	6.47313E-6	1.00011E+0	3.87006E-9
4.63340E-1	-5.79628E-3	1.01429E-5	9.99887E-1	4.45626E-9
4.63995E-1	-5.52658E-3	8.30802E-6	1.00004E+0	4.09589E-9
4.64650E-1	-6.33567E-3	9.48759E-6	1.00003E+0	3.56199E-9
4.65306E-1	-5.52658E-3	1.00118E-5	9.99984E-1	3.51825E-9
4.65961E-1	-6.06598E-3	6.99739E-6	9.99919E-1	4.99015E-9
4.66616E-1	-7.14476E-3	1.38127E-5	1.00005E+0	3.61238E-9
4.67272E-1	-6.87507E-3	4.11399E-6	1.00002E+0	3.84391E-9
4.67927E-1	-3.63871E-3	8.57015E-6	9.99976E-1	4.13630E-9
4.68582E-1	-6.06598E-3	1.45991E-5	1.00000E+0	2.91351E-9
4.69238E-1	-5.52658E-3	7.78377E-6	1.00005E+0	3.78544E-9
4.69893E-1	-6.87507E-3	5.16250E-6	9.99887E-1	4.34311E-9
4.70548E-1	-6.06598E-3	1.11914E-5	1.00010E+0	3.93091E-9
4.71204E-1	-5.52658E-3	9.09440E-6	9.99919E-1	3.55343E-9
4.71859E-1	-6.06598E-3	1.32884E-5	1.00003E+0	2.95440E-9
4.72515E-1	-6.87507E-3	1.27642E-5	1.00006E+0	4.68351E-9
4.73170E-1	-5.52658E-3	1.09953E-6	9.99959E-1	3.77783E-9
4.73825E-1	-6.33567E-3	8.57015E-6	1.00003E+0	2.73761E-9
4.74481E-1	-5.52658E-3	1.01429E-5	9.99973E-1	4.51378E-9
4.75136E-1	-6.33567E-3	8.43908E-6	1.00001E+0	3.43315E-9
4.75791E-1	-5.79628E-3	1.23710E-5	9.99992E-1	2.59783E-9
4.76447E-1	-6.06598E-3	6.86632E-6	1.00005E+0	4.56846E-9
4.77102E-1	-4.71749E-3	1.01429E-5	9.99895E-1	3.03427E-9
4.77757E-1	-6.33567E-3	1.51233E-5	1.00011E+0	4.21284E-9
4.78413E-1	-4.71749E-3	6.99739E-6	9.99906E-1	3.76499E-9
4.79068E-1	-6.33567E-3	8.04589E-6	1.00011E+0	3.34852E-9
4.79724E-1	-6.87507E-3	9.35653E-6	9.99883E-1	2.99291E-9
4.80379E-1	-7.14476E-3	7.65270E-6	1.00013E+0	3.71412E-9
4.81034E-1	-7.41446E-3	9.61866E-6	9.99874E-1	3.07563E-9
4.81690E-1	-6.06598E-3	3.98293E-6	1.00012E+0	3.68274E-9
4.82345E-1	-6.60537E-3	5.03143E-6	9.99942E-1	3.66848E-9
4.83000E-1	-5.52658E-3	1.10604E-5	9.99982E-1	3.96419E-9
4.83656E-1	-6.33567E-3	1.25021E-5	9.99997E-1	3.27721E-9
4.84311E-1	-4.71749E-3	4.50718E-6	9.99961E-1	3.12175E-9
4.84966E-1	-4.71749E-3	9.88078E-6	1.00005E+0	4.31030E-9
4.85622E-1	-6.60537E-3	4.63824E-6	9.99959E-1	1.94603E-9
4.86277E-1	-4.98719E-3	8.30802E-6	1.00010E+0	4.52852E-9
4.86932E-1	-6.06598E-3	1.19778E-5	1.00003E+0	2.51653E-9
4.87588E-1	-6.60537E-3	8.96334E-6	9.99889E-1	3.62664E-9
4.88243E-1	-6.60537E-3	6.73526E-6	1.00007E+0	4.29794E-9
4.88899E-1	-7.41446E-3	1.04050E-5	1.00002E+0	3.07516E-9
4.89554E-1	-4.98719E-3	9.74972E-6	9.99957E-1	2.60068E-9
4.90209E-1	-3.63871E-3	4.44211E-7	9.99973E-1	4.21807E-9
4.90865E-1	-7.41446E-3	1.32884E-5	9.99995E-1	3.41128E-9
4.91520E-1	-6.33567E-3	1.00118E-5	1.00003E+0	2.02067E-9
4.92175E-1	-4.44780E-3	1.02740E-5	9.99967E-1	4.46386E-9
4.92831E-1	-5.79628E-3	1.19778E-5	1.00010E+0	3.11176E-9
4.93486E-1	-6.06598E-3	1.15846E-5	9.99819E-1	3.39369E-9
4.94141E-1	-5.79628E-3	1.05361E-5	1.00018E+0	3.52918E-9
4.94797E-1	-6.06598E-3	6.86632E-6	9.99910E-1	4.12394E-9
4.95452E-1	-6.06598E-3	1.09293E-5	9.99995E-1	1.76822E-9
4.96108E-1	-5.79628E-3	1.13225E-5	9.99961E-1	4.34263E-9
4.96763E-1	-6.06598E-3	8.30802E-6	1.00008E+0	3.52443E-9
4.97418E-1	-6.87507E-3	1.00118E-5	9.99870E-1	3.02904E-9
4.98074E-1	-6.87507E-3	1.49272E-6	1.00014E+0	3.25391E-9
4.98729E-1	-4.98719E-3	3.58973E-6	9.99931E-1	4.25991E-9
4.99384E-1	-5.79628E-3	1.18467E-5	1.05730E+0	-2.69852E-7
5.00040E-1	1.99373E+0	1.19778E-5	9.95317E-1	-7.10251E-8
5.00695E-1	1.99157E+0	6.07994E-6	9.99910E-1	-2.54402E-8
5.01350E-1	1.99454E+0	1.59097E-5	9.99948E-1	-1.60891E-8
5.02006E-1	1.99346E+0	1.07982E-5	9.99997E-1	-1.36383E-8
5.02661E-1	1.99319E+0	1.02740E-5	1.00007E+0	-1.11946E-8
5.03316E-1	1.99077E+0	9.88078E-6	9.99944E-1	-9.03860E-9
5.03972E-1	1.99427E+0	9.48759E-6	9.99997E-1	-7.70028E-9
5.04627E-1	1.99292E+0	1.18467E-5	9.99925E-1	-5.74202E-9
5.05283E-1	1.99292E+0	5.42462E-6	1.00002E+0	-6.14660E-9
5.05938E-1	1.99319E+0	5.10203E-8	1.00002E+0	-6.08195E-9
5.06593E-1	1.99427E+0	1.09293E-5	9.99950E-1	-3.55651E-9
5.07249E-1	1.99373E+0	1.36166E-6	1.00003E+0	-3.33639E-9
5.07904E-1	1.99427E+0	1.25021E-5	1.00003E+0	-4.66757E-9
5.08559E-1	1.99265E+0	1.07982E-5	9.99919E-1	-3.51372E-9
5.09215E-1	1.99454E+0	5.16250E-6	1.00006E+0	-1.37622E-9
5.09870E-1	1.99292E+0	1.14535E-5	9.99988E-1	-3.05256E-9
5.10525E-1	1.99157E+0	8.83228E-6	1.00003E+0	-2.81247E-9
5.11181E-1	1.99319E+0	4.11399E-6	9.99887E-1	-2.16637E-9
5.11836E-1	1.99346E+0	1.22399E-5	1.00013E+0	-1.54595E-9
5.12492E-1	1.99211E+0	1.00118E-5	9.99950E-1	-1.09239E-9
5.13147E-1	1.99265E+0	1.11914E-5	1.00001E+0	-2.47587E-9
5.13802E-1	1.99292E+0	9.88078E-6	1.00006E+0	-1.99997E-9
5.14458E-1	1.99184E+0	1.49272E-6	9.99940E-1	2.15017E-10
5.15113E-1	1.99238E+0	1.90552E-5	9.99933E-1	-2.29711E-9
5.15768E-1	1.99292E+0	1.35506E-5	1.00006E+0	-1.34532E-9
5.16424E-1	1.99238E+0	5.42462E-6	1.00005E+0	-1.27287E-10
5.17079E-1	1.99238E+0	1.06672E-5	9.99984E-1	-1.62819E-9
5.17734E-1	1.99104E+0	7.65270E-6	9.99961E-1	-5.77036E-10
5.18390E-1	1.99265E+0	1.17157E-5	9.99984E-1	1.86492E-10
5.19045E-1	1.99211E+0	1.23710E-5	1.00005E+0	-8.57535E-10
5.19700E-1	1.99104E+0	6.47313E-6	9.99952E-1	-9.24094E-10
5.20356E-1	1.99346E+0	1.09293E-5	9.99942E-1	-1.69124E-10
5.21011E-1	1.99292E+0	1.13225E-5	1.00006E+0	-9.85424E-10
5.21667E-1	1.99265E+0	8.83228E-6	9.99908E-1	8.80792E-11
5.22322E-1	1.99238E+0	1.21089E-5	1.00011E+0	1.81922E-11
5.22977E-1	1.99292E+0	1.06672E-5	1.00004E+0	-3.88294E-10
5.23633E-1	1.99157E+0	6.73526E-6	9.99978E-1	-1.02156E-9
5.24288E-1	1.99157E+0	1.35506E-5	9.99965E-1	-1.37271E-10
5.24943E-1	1.99184E+0	9.22547E-6	9.99967E-1	-2.47093E-10
5.25599E-1	1.99265E+0	9.88078E-6	9.99978E-1	7.79343E-10
5.26254E-1	1.99157E+0	5.81781E-6	1.00002E+0	4.90946E-11
5.26909E-1	1.99292E+0	4.63824E-6	1.00001E+0	-2.03830E-10
5.27565E-1	1.99023E+0	2.48220E-5	1.00001E+0	4.11366E-10
5.28220E-1	1.99427E+0	1.30263E-5	1.00005E+0	-5.18084E-10
5.28876E-1	1.99184E+0	1.25021E-5	9.99965E-1	2.06459E-10
5.29531E-1	1.99373E+0	8.57015E-6	1.00008E+0	-1.28238E-10
5.30186E-1	1.99346E+0	1.26331E-5	9.99851E-1	-8.90815E-10
5.30842E-1	1.99238E+0	1.23710E-5	1.00005E+0	9.84725E-10
5.31497E-1	1.99319E+0	1.26331E-5	1.00001E+0	6.65717E-10
5.32152E-1	1.99130E+0	8.96334E-6	1.00007E+0	-4.06360E-10
5.32808E-1	1.99454E+0	1.00118E-5	9.99840E-1	1.58917E-10
5.33463E-1	1.99265E+0	1.35506E-5	1.00012E+0	7.65080E-10
5.34118E-1	1.99265E+0	1.93174E-5	1.00001E+0	-5.39478E-10
5.34774E-1	1.99211E+0	1.02740E-5	9.99957E-1	-6.22201E-10
5.35429E-1	1.99265E+0	9.48759E-6	1.00008E+0	5.85371E-10
5.36084E-1	1.99130E+0	7.12845E-6	9.99984E-1	1.62179E-9
5.36740E-1	1.99292E+0	1.98416E-5	9.99929E-1	2.05508E-10
5.37395E-1	1.99157E+0	7.65270E-6	1.00001E+0	3.03445E-10
5.38051E-1	1.99077E+0	2.24629E-5	9.99988E-1	8.52267E-11
5.38706E-1	1.99238E+0	1.47301E-5	1.00001E+0	-8.25973E-11
5.39361E-1	1.99265E+0	8.43908E-6	9.41755E-1	2.56624E-7
5.40017E-1	-6.33567E-3	6.47313E-6	1.00516E+0	9.08200E-8
5.40672E-1	-6.60537E-3	5.68675E-6	1.00014E+0	2.90128E-8
5.41327E-1	-6.87507E-3	-3.35663E-6	9.99885E-1	2.04689E-8
5.41983E-1	-6.33567E-3	2.58705E-5	1.00012E+0	1.74277E-8
5.42638E-1	-7.68415E-3	9.48759E-6	9.99967E-1	1.35582E-8
5.43293E-1	-6.87507E-3	1.80067E-5	1.00002E+0	1.33172E-8
5.43949E-1	-6.60537E-3	1.06672E-5	1.00004E+0	1.04699E-8
5.44604E-1	-7.14476E-3	1.70893E-5	1.00004E+0	1.00586E-8
5.45260E-1	-5.79628E-3	8.04589E-6	9.99995E-1	1.04504E-8
5.45915E-1	-5.79628E-3	1.07982E-5	9.99965E-1	8.10797E-9
5.46570E-1	-5.79628E-3	6.21101E-6	9.99946E-1	7.59975E-9
5.47226E-1	-6.87507E-3	1.09293E-5	1.00008E+0	8.95422E-9
5.47881E-1	-7.14476E-3	8.17696E-6	9.99916E-1	7.41623E-9
5.48536E-1	-6.60537E-3	1.53855E-5	1.00011E+0	6.30042E-9
5.49192E-1	-4.98719E-3	1.23710E-5	9.99988E-1	5.72468E-9
5.49847E-1	-6.33567E-3	1.35506E-5	1.00000E+0	7.48042E-9
5.50502E-1	-6.87507E-3	7.25951E-6	9.99916E-1	6.20438E-9
5.51158E-1	-6.87507E-3	2.67229E-6	1.00008E+0	5.14324E-9
5.51813E-1	-7.41446E-3	1.38127E-5	9.99984E-1	4.83992E-9
5.52468E-1	-7.41446E-3	1.13225E-5	1.00001E+0	5.62294E-9
5.53124E-1	-6.06598E-3	1.13225E-5	9.99959E-1	4.81377E-9
5.53779E-1	-5.79628E-3	7.25951E-6	1.00002E+0	6.32276E-9
5.54435E-1	-6.06598E-3	-6.04297E-7	9.99969E-1	4.60221E-9
5.55090E-1	-6.33567E-3	6.34207E-6	1.00007E+0	4.47004E-9
5.55745E-1	-8.22355E-3	5.55569E-6	9.99891E-1	5.16939E-9
5.56401E-1	-6.06598E-3	9.74972E-6	1.00008E+0	4.70015E-9
5.57056E-1	-6.33567E-3	7.52164E-6	1.00001E+0	5.79980E-9
5.57711E-1	-5.25689E-3	7.12845E-6	1.00003E+0	3.37372E-9
5.58367E-1	-5.52658E-3	7.39058E-6	1.00002E+0	5.28682E-9
5.59022E-1	-8.22355E-3	2.29871E-5	1.00002E+0	3.67038E-9
5.59677E-1	-5.79628E-3	1.34195E-5	9.99961E-1	4.69682E-9
5.60333E-1	-6.06598E-3	8.70121E-6	9.99971E-1	4.08685E-9
5.60988E-1	-5.79628E-3	8.83228E-6	9.99997E-1	4.83136E-9
5.61644E-1	-6.87507E-3	6.21101E-6	1.00001E+0	4.44675E-9
5.62299E-1	-5.52658E-3	5.55569E-6	1.00003E+0	3.97275E-9
5.62954E-1	-5.25689E-3	1.17157E-5	9.99961E-1	3.45026E-9
5.63610E-1	-5.25689E-3	9.48759E-6	9.99938E-1	4.46576E-9
5.64265E-1	-6.33567E-3	8.04589E-6	1.00007E+0	4.62408E-9
5.64920E-1	-4.71749E-3	1.06672E-5	1.00001E+0	3.04663E-9
5.65576E-1	-6.06598E-3	6.99739E-6	1.00003E+0	4.04549E-9
5.66231E-1	-4.71749E-3	6.34207E-6	9.99942E-1	3.79352E-9
5.66886E-1	-5.79628E-3	1.10604E-5	1.00005E+0	4.63692E-9
5.67542E-1	-6.33567E-3	9.22547E-6	1.00004E+0	3.44408E-9
5.68197E-1	-6.06598E-3	9.88078E-6	9.99876E-1	3.22681E-9
5.68852E-1	-5.25689E-3	1.25021E-5	1.00003E+0	4.75672E-9
5.69508E-1	-5.25689E-3	1.01429E-5	9.99978E-1	2.87928E-9
5.70163E-1	-6.60537E-3	1.13225E-5	1.00005E+0	4.42821E-9
5.70819E-1	-5.79628E-3	8.70121E-6	9.99965E-1	4.35404E-9
5.71474E-1	-5.79628E-3	-4.27408E-6	1.00004E+0	3.15170E-9
5.72129E-1	-6.06598E-3	1.02740E-5	1.00002E+0	3.22349E-9
5.72785E-1	-6.06598E-3	9.88078E-6	1.00001E+0	4.13012E-9
5.73440E-1	-7.41446E-3	6.47313E-6	9.99980E-1	3.98559E-9
5.74095E-1	-6.60537E-3	1.22399E-5	1.00005E+0	3.13744E-9
5.74751E-1	-6.06598E-3	7.25951E-6	9.99984E-1	4.05215E-9
5.75406E-1	-3.63871E-3	5.42462E-6	9.99973E-1	3.16596E-9
5.76061E-1	-7.14476E-3	1.01429E-5	1.00004E+0	3.96229E-9
5.76717E-1	-5.52658E-3	1.09293E-5	9.99950E-1	3.01573E-9
5.77372E-1	-4.98719E-3	2.31182E-5	1.00000E+0	4.08685E-9
5.78028E-1	-7.14476E-3	1.21089E-5	1.00003E+0	3.02856E-9
5.78683E-1	-6.33567E-3	1.00118E-5	9.99961E-1	3.64994E-9
5.79338E-1	-6.87507E-3	2.54773E-5	9.99984E-1	3.57340E-9
5.79994E-1	-4.17810E-3	1.44680E-5	1.00001E+0	4.21950E-9
5.80649E-1	-6.06598E-3	1.32884E-5	9.99997E-1	2.70908E-9
5.81304E-1	-5.52658E-3	1.04050E-5	1.00001E+0	3.64709E-9
5.81960E-1	-5.52658E-3	9.22547E-6	9.99942E-1	3.78829E-9
5.82615E-1	-4.98719E-3	8.70121E-6	1.00007E+0	3.41318E-9
5.83270E-1	-5.79628E-3	1.86620E-5	9.99891E-1	3.43695E-9
5.83926E-1	-5.79628E-3	6.73526E-6	1.00011E+0	3.49020E-9
5.84581E-1	-5.79628E-3	1.19778E-5	1.00002E+0	3.89526E-9
5.85236E-1	-6.87507E-3	1.81378E-5	9.99929E-1	3.64756E-9
5.85892E-1	-6.60537E-3	7.65270E-6	9.99992E-1	3.39131E-9
5.86547E-1	-5.25689E-3	1.04050E-5	1.00009E+0	3.86198E-9
5.87203E-1	-7.14476E-3	2.27910E-6	1.00002E+0	1.97075E-9
5.87858E-1	-8.22355E-3	1.87931E-5	9.99959E-1	4.47147E-9
5.88513E-1	-4.71749E-3	1.11914E-5	1.00000E+0	3.56009E-9
5.89169E-1	-5.25689E-3	-2.70131E-6	1.00001E+0	2.95345E-9
5.89824E-1	-4.71749E-3	9.35653E-6	9.99921E-1	4.37734E-9
5.90479E-1	-5.79628E-3	9.22547E-6	1.00003E+0	2.00165E-9
5.91135E-1	-7.41446E-3	1.39438E-5	9.99948E-1	4.00223E-9
5.91790E-1	-6.87507E-3	1.05361E-5	9.99976E-1	2.99671E-9
5.92445E-1	-4.71749E-3	7.91483E-6	1.00005E+0	4.08495E-9
5.93101E-1	-4.98719E-3	1.01429E-5	1.00005E+0	3.56294E-9
5.93756E-1	-4.71749E-3	1.55165E-5	9.99965E-1	2.23889E-9
5.94412E-1	-6.33567E-3	7.78377E-6	1.00005E+0	3.39892E-9
5.95067E-1	-6.60537E-3	1.00118E-5	9.99919E-1	4.35071E-9
5.95722E-1	-5.52658E-3	4.76931E-6	1.00000E+0	2.58690E-9
5.96378E-1	-7.14476E-3	1.01429E-5	1.00007E+0	3.04188E-9
5.97033E-1	-5.25689E-3	1.22399E-5	9.99900E-1	3.87006E-9
5.97688E-1	-6.06598E-3	4.24505E-6	1.00010E+0	3.36802E-9
5.98344E-1	-5.79628E-3	1.36816E-5	9.99935E-1	2.97246E-9
5.98999E-1	-5.25689E-3	1.06672E-5	1.00011E+0	4.02029E-9
5.99654E-1	1.99697E+0	1.05361E-5	1.05278E+0	-3.20515E-7
6.00310E-1	1.99346E+0	1.15846E-5	9.99931E-1	-3.52025E-8
6.00965E-1	1.99211E+0	1.06672E-5	9.99889E-1	-1.90710E-8
6.01620E-1	1.99373E+0	1.05361E-5	9.99997E-1	-1.57316E-8
6.02276E-1	1.99184E+0	1.18467E-5	9.99980E-1	-1.12179E-8
6.02931E-1	1.99373E+0	6.86632E-6	1.00005E+0	-1.14257E-8
6.03587E-1	1.99292E+0	8.83228E-6	1.00003E+0	-7.35323E-9
6.04242E-1	1.99265E+0	8.30802E-6	9.99908E-1	-7.46210E-9
6.04897E-1	1.99373E+0	7.78377E-6	9.99982E-1	-5.96214E-9
6.05553E-1	1.99319E+0	1.14535E-5	1.00005E+0	-6.08432E-9
6.06208E-1	1.99373E+0	1.22399E-5	9.99935E-1	-4.57819E-9
6.06863E-1	1.99265E+0	1.32884E-5	1.00002E+0	-4.52542E-9
6.07519E-1	1.99211E+0	7.12845E-6	9.99959E-1	-3.21230E-9
6.08174E-1	1.99130E+0	5.68675E-6	1.00007E+0	-2.98552E-9
6.08829E-1	1.99346E+0	1.35506E-5	9.99967E-1	-3.45334E-9
6.09485E-1	1.99265E+0	9.61866E-6	1.00002E+0	-2.09553E-9
6.10140E-1	1.99238E+0	2.03659E-5	9.99990E-1	-2.79916E-9
6.10796E-1	1.99319E+0	9.61866E-6	1.00002E+0	-2.44592E-9
6.11451E-1	1.99292E+0	1.05361E-5	9.99963E-1	-1.75608E-9
6.12106E-1	1.99265E+0	1.07982E-5	1.00000E+0	-2.80296E-9
6.12762E-1	1.99346E+0	6.73526E-6	9.99988E-1	-1.36814E-9
6.13417E-1	1.99346E+0	5.94888E-6	1.00001E+0	-1.32630E-9
6.14072E-1	1.99238E+0	1.73514E-5	1.00007E+0	-9.65931E-10
6.14728E-1	1.99184E+0	2.93442E-6	9.99940E-1	-2.21629E-9
6.15383E-1	1.99319E+0	7.25951E-6	1.00000E+0	-9.18389E-10
6.16038E-1	1.99319E+0	1.10604E-5	1.00001E+0	-3.41227E-10
6.16694E-1	1.99211E+0	-5.71577E-6	1.00002E+0	-7.21089E-10
6.17349E-1	1.99265E+0	3.85186E-6	9.99933E-1	-8.24256E-10
6.18004E-1	1.99211E+0	1.28952E-5	1.00005E+0	-1.51932E-9
6.18660E-1	1.99265E+0	5.94888E-6	9.99904E-1	-7.84320E-10
6.19315E-1	1.99157E+0	1.07982E-5	1.00008E+0	6.09617E-10
6.19971E-1	1.99292E+0	8.83228E-6	9.99957E-1	-1.46655E-9
6.20626E-1	1.99373E+0	2.42978E-5	1.00002E+0	-1.32517E-10
6.21281E-1	1.99184E+0	1.38127E-5	9.99988E-1	-1.42899E-9
6.21937E-1	1.99346E+0	9.22547E-6	1.00005E+0	1.87442E-10
6.22592E-1	1.99238E+0	9.88078E-6	1.00001E+0	-2.66110E-10
6.23247E-1	1.99481E+0	1.22399E-5	9.99997E-1	-2.24273E-10
6.23903E-1	1.99427E+0	9.48759E-6	9.99963E-1	-2.98914E-10
6.24558E-1	1.99319E+0	1.05361E-5	9.99995E-1	1.01391E-10
6.25213E-1	1.99265E+0	7.39058E-6	1.00002E+0	-6.36939E-10
6.25869E-1	1.99130E+0	1.62378E-6	9.99978E-1	-3.47407E-10
6.26524E-1	1.99238E+0	1.04050E-5	9.99999E-1	6.70947E-10
6.27180E-1	1.99319E+0	6.86632E-6	9.99988E-1	8.61775E-11
6.27835E-1	1.99184E+0	1.10604E-5	1.00005E+0	7.95216E-11
6.28490E-1	1.99427E+0	9.48759E-6	1.00003E+0	-5.03821E-10
6.29146E-1	1.99023E+0	9.61866E-6	9.99925E-1	2.96314E-10
6.29801E-1	1.99238E+0	9.48759E-6	1.00004E+0	-1.00967E-9
6.30456E-1	1.99184E+0	9.74972E-6	9.99940E-1	1.16776E-9
6.31112E-1	1.99157E+0	5.16250E-6	1.00000E+0	9.90139E-11
6.31767E-1	1.99427E+0	1.05361E-5	9.99978E-1	-4.54853E-10
6.32422E-1	1.99211E+0	1.25021E-5	1.00009E+0	9.66659E-10
6.33078E-1	1.99346E+0	1.19778E-5	9.99925E-1	3.00117E-10
6.33733E-1	1.99157E+0	9.09440E-6	1.00002E+0	-2.22847E-10
6.34388E-1	1.99292E+0	5.68675E-6	9.99933E-1	-5.50412E-10
6.35044E-1	1.99373E+0	1.27642E-5	1.00018E+0	7.31801E-10
6.35699E-1	1.99373E+0	5.29356E-6	9.99900E-1	-1.90043E-10
6.36355E-1	1.99104E+0	1.09293E-5	1.00006E+0	6.09142E-10
6.37010E-1	1.99292E+0	8.43908E-6	9.99959E-1	3.18183E-10
6.37665E-1	1.99346E+0	8.57015E-6	1.00000E+0	-4.41541E-10
6.38321E-1	1.99184E+0	1.07982E-5	9.99946E-1	1.65982E-9
6.38976E-1	1.99319E+0	1.26331E-5	1.00008E+0	-4.85280E-10
6.39631E-1	1.99346E+0	3.98293E-6	9.47070E-1	3.23863E-7
6.40287E-1	-7.14476E-3	1.89242E-5	1.00028E+0	3.74686E-8
6.40942E-1	-6.87507E-3	1.09293E-5	9.99931E-1	2.40631E-8
6.41597E-1	-7.68415E-3	5.55569E-6	1.00013E+0	1.85568E-8
6.42253E-1	-5.79628E-3	4.90037E-6	9.99925E-1	1.71068E-8
6.42908E-1	-6.06598E-3	9.61866E-6	1.00008E+0	1.22194E-8
6.43564E-1	-7.14476E-3	1.30263E-5	9.99914E-1	1.18514E-8
6.44219E-1	-6.33567E-3	3.32761E-6	1.00012E+0	1.10147E-8
6.44874E-1	-5.25689E-3	5.03143E-6	9.99984E-1	1.05602E-8
6.45530E-1	-7.95385E-3	1.28952E-5	9.99969E-1	9.28417E-9
6.46185E-1	-6.87507E-3	1.27642E-5	1.00001E+0	7.75236E-9
6.46840E-1	-4.44780E-3	4.37612E-6	9.99982E-1	7.60307E-9
6.47496E-1	-5.79628E-3	-3.74982E-6	9.99919E-1	7.70577E-9
6.48151E-1	-6.33567E-3	1.25021E-5	1.00009E+0	7.62685E-9
6.48806E-1	-4.44780E-3	1.18467E-5	1.00004E+0	6.53718E-9
6.49462E-1	-7.14476E-3	1.30263E-5	1.00001E+0	6.99834E-9
6.50117E-1	-7.41446E-3	1.10604E-5	9.99944E-1	6.09456E-9
6.50772E-1	-7.68415E-3	8.17696E-6	1.00009E+0	4.83184E-9
6.51428E-1	-6.60537E-3	8.96334E-6	1.00001E+0	6.37411E-9
6.52083E-1	-5.25689E-3	6.47313E-6	9.99916E-1	5.53214E-9
6.52739E-1	-7.14476E-3	5.94888E-6	1.00003E+0	5.46700E-9
6.53394E-1	-4.98719E-3	1.00118E-5	9.99912E-1	5.11947E-9
6.54049E-1	-6.60537E-3	6.86632E-6	1.00012E+0	4.28796E-9
6.54705E-1	-5.79628E-3	1.19778E-5	9.99923E-1	5.97428E-9
6.55360E-1	-6.87507E-3	1.07982E-5	1.00010E+0	5.05671E-9
6.56015E-1	-6.06598E-3	1.04050E-5	9.99874E-1	4.89840E-9
6.56671E-1	-7.68415E-3	1.02740E-5	1.00003E+0	4.53042E-9
6.57326E-1	-4.44780E-3	6.34207E-6	1.00001E+0	3.80160E-9
6.57981E-1	-6.33567E-3	9.35653E-6	9.99957E-1	4.92312E-9
6.58637E-1	-5.79628E-3	5.94888E-6	1.00003E+0	4.82471E-9
6.59292E-1	-6.33567E-3	8.43908E-6	1.00002E+0	3.10416E-9
6.59948E-1	-6.60537E-3	9.74972E-6	1.00008E+0	4.28130E-9
6.60603E-1	-5.25689E-3	1.09293E-5	9.99948E-1	4.71584E-9
6.61258E-1	-7.68415E-3	8.43908E-6	9.99942E-1	4.45958E-9
6.61914E-1	-4.71749E-3	1.39438E-5	1.00002E+0	4.76576E-9
6.62569E-1	-5.79628E-3	1.18467E-5	1.00001E+0	4.26656E-9
6.63224E-1	-5.52658E-3	1.55165E-5	1.00001E+0	3.95326E-9
6.63880E-1	-5.25689E-3	1.63029E-5	9.99923E-1	3.30811E-9
6.64535E-1	-4.71749E-3	1.09293E-5	1.00010E+0	3.71222E-9
6.65190E-1	-6.33567E-3	8.96334E-6	1.00003E+0	4.03551E-9
6.65846E-1	-5.52658E-3	9.22547E-6	9.99965E-1	4.65165E-9
6.66501E-1	-6.60537E-3	6.47313E-6	9.99912E-1	3.49353E-9
6.67156E-1	-6.06598E-3	3.98293E-6	1.00007E+0	3.67704E-9
6.67812E-1	-6.60537E-3	2.50842E-5	9.99952E-1	4.50427E-9
6.68467E-1	-6.60537E-3	9.48759E-6	1.00008E+0	4.07021E-9
6.69123E-1	-5.79628E-3	9.22547E-6	9.99895E-1	3.42887E-9
6.69778E-1	-5.52658E-3	9.74972E-6	1.00001E+0	3.55010E-9
6.70433E-1	-5.25689E-3	7.06338E-7	1.00006E+0	4.09113E-9
6.71089E-1	-5.79628E-3	4.24505E-6	9.99990E-1	4.09018E-9
6.71744E-1	-6.87507E-3	1.04050E-5	1.00009E+0	3.57673E-9
6.72399E-1	-5.79628E-3	1.14535E-5	9.99959E-1	2.93776E-9
6.73055E-1	-7.14476E-3	9.22547E-6	1.00000E+0	3.89573E-9
6.73710E-1	-7.14476E-3	9.61866E-6	1.00004E+0	4.38209E-9
6.74365E-1	-4.17810E-3	9.22547E-6	9.99965E-1	2.38722E-9
6.75021E-1	-6.33567E-3	1.40748E-5	9.99976E-1	4.91504E-9
6.75676E-1	-6.06598E-3	1.19778E-5	1.00002E+0	2.81557E-9
6.76332E-1	-4.17810E-3	8.57015E-6	9.99971E-1	3.05756E-9
6.76987E-1	-5.52658E-3	2.28561E-5	1.00009E+0	4.54326E-9
6.77642E-1	-6.06598E-3	8.57015E-6	9.99878E-1	4.12631E-9
6.78298E-1	-7.68415E-3	1.73514E-5	1.00005E+0	2.02305E-9
6.78953E-1	-5.52658E-3	1.00118E-5	9.99904E-1	4.46481E-9
6.79608E-1	-5.52658E-3	1.60408E-5	1.00014E+0	2.73713E-9
6.80264E-1	-6.33567E-3	2.20697E-5	9.99957E-1	4.02410E-9
6.80919E-1	-6.06598E-3	7.91483E-6	9.99973E-1	3.61904E-9
6.81574E-1	-7.41446E-3	6.21101E-6	1.00004E+0	3.75216E-9
6.82230E-1	-5.25689E-3	8.96334E-6	9.99992E-1	4.42678E-9
6.82885E-1	-4.44780E-3	6.07994E-6	9.99933E-1	2.37058E-9
6.83540E-1	-6.33567E-3	1.06672E-5	1.00002E+0	4.03931E-9
6.84196E-1	-6.33567E-3	2.46910E-5	9.99986E-1	3.70889E-9
6.84851E-1	-6.33567E-3	1.55165E-5	1.00008E+0	2.90781E-9
6.85507E-1	-5.79628E-3	8.57015E-6	9.99935E-1	2.89117E-9
6.86162E-1	-5.25689E-3	6.86632E-6	9.99933E-1	3.93519E-9
6.86817E-1	-6.60537E-3	5.68675E-6	1.00011E+0	4.16863E-9
6.87473E-1	-5.79628E-3	1.76135E-5	1.00001E+0	2.50085E-9
6.88128E-1	-6.60537E-3	1.07982E-5	1.00005E+0	3.41175E-9
6.88783E-1	-7.95385E-3	1.10604E-5	9.99946E-1	3.21540E-9
6.89439E-1	-5.79628E-3	3.85186E-6	9.99965E-1	3.71983E-9
6.90094E-1	-5.52658E-3	9.22547E-6	9.99965E-1	3.68607E-9
6.90749E-1	-4.98719E-3	7.25951E-6	9.99997E-1	3.19781E-9
6.91405E-1	-5.79628E-3	7.52164E-6	9.99978E-1	3.29385E-9
6.92060E-1	-6.06598E-3	1.10604E-5	1.00003E+0	3.81396E-9
6.92716E-1	-4.71749E-3	7.39058E-6	9.99973E-1	3.83773E-9
6.93371E-1	-6.33567E-3	1.30263E-5	1.00011E+0	1.84001E-9
6.94026E-1	-6.33567E-3	1.57786E-5	9.99906E-1	3.95374E-9
6.94682E-1	-9.57203E-3	1.42059E-5	1.00008E+0	3.83440E-9
6.95337E-1	-8.76294E-3	1.59097E-5	9.99919E-1	2.95582E-9
6.95992E-1	-6.06598E-3	9.74972E-6	1.00002E+0	2.70861E-9
6.96648E-1	-6.87507E-3	4.76931E-6	9.99916E-1	3.93091E-9
6.97303E-1	-7.41446E-3	7.78377E-6	1.00013E+0	3.25867E-9
6.97958E-1	-6.60537E-3	-3.35663E-6	1.00007E+0	3.80778E-9
6.98614E-1	-6.33567E-3	1.62378E-6	9.99954E-1	3.84534E-9
6.99269E-1	-6.33567E-3	1.09293E-5	1.05498E+0	-1.90048E-7
6.99924E-1	1.99562E+0	8.70121E-6	9.97161E-1	-1.47539E-7
7.00580E-1	1.99319E+0	8.30802E-6	9.99881E-1	-2.62275E-8
7.01235E-1	1.99292E+0	4.63824E-6	1.00007E+0	-1.84306E-8
7.01891E-1	1.99292E+0	9.88078E-6	9.99925E-1	-1.21141E-8
7.02546E-1	1.99427E+0	9.22547E-6	9.99992E-1	-1.11266E-8
7.03201E-1	1.99346E+0	7.39058E-6	9.99980E-1	-1.00313E-8
7.03857E-1	1.99427E+0	8.83228E-6	1.00003E+0	-7.69268E-9
7.04512E-1	1.99346E+0	7.12845E-6	9.99950E-1	-5.58466E-9
7.05167E-1	1.99319E+0	-3.42170E-7	1.00010E+0	-6.62821E-9
7.05823E-1	1.99265E+0	1.22399E-5	9.99900E-1	-4.59815E-9
7.06478E-1	1.99265E+0	1.28952E-5	1.00005E+0	-5.99019E-9
7.07133E-1	1.99427E+0	1.00118E-5	9.99923E-1	-3.45001E-9
7.07789E-1	1.99265E+0	1.17157E-5	1.00007E+0	-4.02385E-9
7.08444E-1	1.99454E+0	7.78377E-6	1.00002E+0	-2.27952E-9
7.09100E-1	1.99265E+0	8.43908E-6	9.99914E-1	-2.89234E-9
7.09755E-1	1.99319E+0	4.90037E-6	1.00004E+0	-2.73783E-9
7.10410E-1	1.99238E+0	5.94888E-6	9.99957E-1	-2.30472E-9
7.11066E-1	1.99211E+0	1.21089E-5	9.99976E-1	-3.02403E-9
7.11721E-1	1.99184E+0	1.19778E-5	1.00000E+0	-2.06606E-9
7.12376E-1	1.99211E+0	1.04050E-5	1.00002E+0	-8.37092E-10
7.13032E-1	1.99238E+0	1.13225E-5	1.00006E+0	-2.92087E-9
7.13687E-1	1.99319E+0	4.50718E-6	9.99976E-1	-8.93667E-10
7.14342E-1	1.99346E+0	1.07982E-5	1.00005E+0	-1.24500E-9
7.14998E-1	1.99265E+0	1.76135E-5	9.99995E-1	-1.51409E-9
7.15653E-1	1.99211E+0	9.35653E-6	9.99885E-1	-1.41074E-10
7.16308E-1	1.99211E+0	1.18467E-5	1.00011E+0	-1.07243E-9
7.16964E-1	1.99481E+0	9.22547E-6	9.99938E-1	-1.86068E-9
7.17619E-1	1.99346E+0	6.60420E-6	1.00002E+0	-4.52000E-10
7.18275E-1	1.99238E+0	7.52164E-6	1.00002E+0	-6.06512E-10
7.18930E-1	1.99319E+0	7.39058E-6	1.00005E+0	-1.81485E-10
7.19585E-1	1.99265E+0	6.47313E-6	9.99904E-1	-1.57685E-9
7.20241E-1	1.99238E+0	9.35653E-6	1.00003E+0	-3.19357E-10
7.20896E-1	1.99184E+0	9.48759E-6	9.99944E-1	-8.11895E-10
7.21551E-1	1.99292E+0	-1.65281E-6	1.00011E+0	1.67475E-10
7.22207E-1	1.99319E+0	1.22399E-5	9.99923E-1	-2.88930E-10
7.22862E-1	1.99265E+0	4.76931E-6	1.00009E+0	-2.53749E-10
7.23517E-1	1.99292E+0	1.15846E-5	9.99952E-1	-9.74964E-10
7.24173E-1	1.99211E+0	1.40748E-5	9.99967E-1	7.10407E-10
7.24828E-1	1.99211E+0	1.13225E-5	1.00001E+0	-7.98583E-10
7.25484E-1	1.99238E+0	1.10604E-5	1.00001E+0	-6.23627E-10
7.26139E-1	1.99319E+0	8.96334E-6	9.99944E-1	8.03114E-10
7.26794E-1	1.99346E+0	9.09440E-6	1.00003E+0	-4.03507E-10
7.27450E-1	1.99130E+0	1.04050E-5	9.99967E-1	4.05186E-10
7.28105E-1	1.99292E+0	8.43908E-6	1.00006E+0	-1.25214E-9
7.28760E-1	1.99292E+0	1.27642E-5	9.99990E-1	4.39891E-10
7.29416E-1	1.99346E+0	9.09440E-6	9.99954E-1	2.53051E-10
7.30071E-1	1.99157E+0	6.34207E-6	9.99978E-1	-6.56432E-10
7.30726E-1	1.99238E+0	1.21089E-5	1.00008E+0	5.41156E-10
7.31382E-1	1.99238E+0	6.34207E-6	9.99919E-1	7.45588E-10
7.32037E-1	1.99077E+0	6.99739E-6	1.00006E+0	-9.30750E-10
7.32692E-1	1.99077E+0	1.02740E-5	1.00003E+0	-3.25062E-10
7.33348E-1	1.99265E+0	8.43908E-6	1.00002E+0	1.76632E-9
7.34003E-1	1.99265E+0	1.06672E-5	9.99963E-1	-3.51686E-10
7.34659E-1	1.99184E+0	1.07982E-5	1.00006E+0	-5.52314E-10
7.35314E-1	1.99292E+0	7.12845E-6	9.99929E-1	2.01230E-10
7.35969E-1	1.99319E+0	1.04050E-5	9.99959E-1	1.12450E-9
7.36625E-1	1.99346E+0	6.99739E-6	1.00003E+0	7.38456E-10
7.37280E-1	1.99265E+0	1.21089E-5	9.99990E-1	-9.51669E-10
7.37935E-1	1.99373E+0	2.08901E-5	9.99997E-1	1.35888E-9
7.38591E-1	1.99292E+0	6.86632E-6	1.00004E+0	3.91874E-10
7.39246E-1	1.99346E+0	9.61866E-6	9.46675E-1	1.75169E-7
7.39901E-1	-7.14476E-3	1.04050E-5	1.00078E+0	1.68460E-7
7.40557E-1	-8.76294E-3	4.11399E-6	1.00010E+0	2.96327E-8
7.41212E-1	-6.06598E-3	1.06672E-5	1.00007E+0	2.03910E-8
7.41868E-1	-7.14476E-3	1.23710E-5	9.99954E-1	1.78622E-8
7.42523E-1	-8.76294E-3	1.14535E-5	9.99954E-1	1.40160E-8
7.43178E-1	-7.14476E-3	8.43908E-6	1.00013E+0	1.27005E-8
7.43834E-1	-8.22355E-3	1.15846E-5	9.99980E-1	1.16152E-8
7.44489E-1	-6.60537E-3	1.00118E-5	9.99995E-1	9.91505E-9
7.45144E-1	-5.52658E-3	2.01037E-5	9.99910E-1	9.20525E-9
7.45800E-1	-5.25689E-3	7.25951E-6	1.00006E+0	1.01085E-8
7.46455E-1	-5.25689E-3	7.39058E-6	1.00002E+0	8.02620E-9
7.47110E-1	-6.06598E-3	7.12845E-6	9.99959E-1	6.98550E-9
7.47766E-1	-5.79628E-3	8.30802E-6	1.00012E+0	7.17092E-9
7.48421E-1	-5.25689E-3	3.32761E-6	9.99965E-1	7.71575E-9
7.49076E-1	-7.68415E-3	3.13147E-7	9.99876E-1	5.74322E-9
7.49732E-1	-5.52658E-3	9.88078E-6	1.00007E+0	6.02277E-9
7.50387E-1	-6.33567E-3	-1.78387E-6	9.99978E-1	6.59233E-9
7.51043E-1	-6.87507E-3	1.56476E-5	1.00006E+0	5.64766E-9
7.51698E-1	-5.52658E-3	1.04050E-5	1.00003E+0	6.01326E-9
7.52353E-1	-7.41446E-3	8.43908E-6	9.99883E-1	6.09123E-9
7.53009E-1	-6.60537E-3	5.55569E-6	1.00004E+0	5.24974E-9
7.53664E-1	-6.06598E-3	8.83228E-6	1.00002E+0	5.70519E-9
7.54319E-1	-6.06598E-3	1.93174E-5	1.00007E+0	3.39702E-9
7.54975E-1	-6.60537E-3	1.32884E-5	9.99902E-1	6.22245E-9
7.55630E-1	-6.33567E-3	1.18467E-5	9.99988E-1	5.08334E-9
7.56285E-1	-5.79628E-3	8.57015E-6	1.00009E+0	2.96200E-9
7.56941E-1	-6.60537E-3	6.99739E-6	9.99912E-1	5.48650E-9
7.57596E-1	-9.30233E-3	9.48759E-6	9.99990E-1	4.91789E-9
7.58252E-1	-6.60537E-3	1.27642E-5	1.00004E+0	3.98892E-9
7.58907E-1	-4.71749E-3	1.69582E-5	1.00001E+0	4.30269E-9
7.59562E-1	-6.60537E-3	1.09293E-5	1.00009E+0	5.03009E-9
7.60218E-1	-7.14476E-3	8.43908E-6	9.99929E-1	4.34073E-9
7.60873E-1	-6.33567E-3	5.03143E-6	1.00001E+0	4.18717E-9
7.61528E-1	-7.14476E-3	9.35653E-6	9.99933E-1	4.36640E-9
7.62184E-1	-7.95385E-3	1.07982E-5	1.00004E+0	4.02505E-9
7.62839E-1	-6.33567E-3	9.74972E-6	9.99933E-1	4.12964E-9
7.63494E-1	-5.79628E-3	7.91483E-6	1.00011E+0	4.47908E-9
7.64150E-1	-7.14476E-3	6.99739E-6	1.00002E+0	4.08638E-9
7.64805E-1	-3.90841E-3	1.18467E-5	9.99878E-1	2.99386E-9
7.65460E-1	-5.52658E-3	1.27642E-5	1.00006E+0	4.85941E-9
7.66116E-1	-4.44780E-3	9.35653E-6	9.99984E-1	3.14029E-9
7.66771E-1	-5.79628E-3	9.09440E-6	1.00005E+0	5.08571E-9
7.67427E-1	-5.52658E-3	5.03143E-6	9.99881E-1	3.19211E-9
7.68082E-1	-7.41446E-3	7.78377E-6	1.00010E+0	4.44390E-9
7.68737E-1	-6.33567E-3	9.61866E-6	1.00005E+0	3.71270E-9
7.69393E-1	-6.33567E-3	1.09293E-5	9.99950E-1	3.18498E-9
7.70048E-1	-6.33567E-3	6.07994E-6	9.99984E-1	3.96800E-9
7.70703E-1	-6.60537E-3	4.50718E-6	1.00005E+0	3.70461E-9
7.71359E-1	-6.87507E-3	7.12845E-6	1.00002E+0	4.35737E-9
7.72014E-1	-6.06598E-3	1.17157E-5	9.99938E-1	2.56740E-9
7.72669E-1	-5.25689E-3	8.43908E-6	9.99948E-1	4.38637E-9
7.73325E-1	-3.90841E-3	1.01429E-5	1.00004E+0	3.37229E-9
7.73980E-1	-4.71749E-3	7.39058E-6	1.00001E+0	4.74531E-9
7.74636E-1	-6.06598E-3	9.88078E-6	1.00004E+0	2.42525E-9
7.75291E-1	-6.87507E-3	1.04050E-5	9.99971E-1	3.65042E-9
7.75946E-1	-6.33567E-3	1.25021E-5	1.00008E+0	4.17623E-9
7.76602E-1	-6.87507E-3	1.65650E-5	9.99878E-1	3.20447E-9
7.77257E-1	-6.60537E-3	7.78377E-6	1.00004E+0	4.10635E-9
7.77912E-1	-7.14476E-3	1.17157E-5	1.00001E+0	4.01316E-9
7.78568E-1	-6.06598E-3	9.09440E-6	1.00005E+0	2.64965E-9
7.79223E-1	-4.44780E-3	1.04050E-5	9.99868E-1	3.95659E-9
7.79878E-1	-4.98719E-3	4.76931E-6	1.00014E+0	3.44931E-9
7.80534E-1	-5.25689E-3	9.48759E-6	9.99919E-1	3.12032E-9
7.81189E-1	-7.14476E-3	1.87931E-5	1.00005E+0	4.11728E-9
7.81844E-1	-6.87507E-3	2.45599E-5	9.99946E-1	3.82109E-9
7.82500E-1	-6.60537E-3	6.99739E-6	9.99990E-1	3.25059E-9
7.83155E-1	-6.87507E-3	5.42462E-6	1.00003E+0	3.78163E-9
7.83811E-1	-7.14476E-3	1.44680E-5	1.00006E+0	3.08371E-9
7.84466E-1	-4.71749E-3	9.88078E-6	9.99923E-1	3.33283E-9
7.85121E-1	-6.06598E-3	9.09440E-6	9.99938E-1	3.36897E-9
7.85777E-1	-4.44780E-3	5.68675E-6	1.00008E+0	2.67010E-9
7.86432E-1	-6.33567E-3	9.48759E-6	1.00005E+0	4.36688E-9
7.87087E-1	-6.33567E-3	1.01429E-5	9.99948E-1	2.96628E-9
7.87743E-1	-7.14476E-3	8.70121E-6	1.00006E+0	3.76309E-9
7.88398E-1	-4.71749E-3	-1.91493E-6	9.99944E-1	2.01687E-9
7.89053E-1	-6.60537E-3	8.43908E-6	1.00002E+0	4.05215E-9
7.89709E-1	-6.06598E-3	9.88078E-6	9.99944E-1	4.44390E-9
7.90364E-1	-7.14476E-3	9.61866E-6	1.00007E+0	2.10197E-9
7.91020E-1	-5.52658E-3	6.21101E-6	1.00006E+0	3.43553E-9
7.91675E-1	-5.79628E-3	3.04578E-5	9.99862E-1	4.09018E-9
7.92330E-1	-5.52658E-3	1.13225E-5	1.00003E+0	4.02647E-9
7.92986E-1	-5.52658E-3	1.07982E-5	1.00002E+0	3.25724E-9
7.93641E-1	-5.79628E-3	1.00118E-5	9.99950E-1	2.46899E-9
7.94296E-1	-3.90841E-3	1.83999E-5	1.00002E+0	3.61856E-9
7.94952E-1	-5.79628E-3	6.99739E-6	9.99980E-1	2.81320E-9
7.95607E-1	-5.79628E-3	1.23710E-5	1.00006E+0	4.21950E-9
7.96262E-1	-6.33567E-3	7.91483E-6	9.99931E-1	3.25914E-9
7.96918E-1	-6.87507E-3	6.99739E-6	1.00005E+0	2.49752E-9
7.97573E-1	-6.06598E-3	2.25939E-5	1.00003E+0	3.63948E-9
7.98228E-1	-6.60537E-3	9.61866E-6	1.00001E+0	2.65393E-9
7.98884E-1	-6.06598E-3	8.70121E-6	9.99902E-1	3.15931E-9
7.99539E-1	-7.14476E-3	1.13225E-5	1.05314E+0	-3.13404E-7
8.00195E-1	1.99319E+0	1.05361E-5	9.99602E-1	-3.75031E-8
8.00850E-1	1.99292E+0	1.72203E-5	1.00001E+0	-2.23342E-8
8.01505E-1	1.99211E+0	9.61866E-6	9.99929E-1	-1.47503E-8
8.02161E-1	1.99373E+0	1.06672E-5	1.00008E+0	-1.25677E-8
8.02816E-1	1.99292E+0	1.23059E-6	9.99870E-1	-1.01653E-8
8.03471E-1	1.99292E+0	1.11914E-5	9.99982E-1	-7.71074E-9
8.04127E-1	1.99238E+0	7.78377E-6	1.00003E+0	-7.59712E-9
8.04782E-1	1.99265E+0	1.10604E-5	1.00001E+0	-6.71759E-9
8.05437E-1	1.99238E+0	1.55165E-5	1.00005E+0	-5.52903E-9
8.06093E-1	1.99319E+0	4.24505E-6	9.99963E-1	-4.88198E-9
8.06748E-1	1.99265E+0	1.00118E-5	9.99923E-1	-3.32497E-9
8.07404E-1	1.99104E+0	1.23059E-6	1.00004E+0	-3.49850E-9
8.08059E-1	1.99319E+0	2.41016E-6	9.99950E-1	-4.61479E-9
8.08714E-1	1.99373E+0	1.15846E-5	1.00014E+0	-2.82673E-9
8.09370E-1	1.99292E+0	1.05361E-5	9.99853E-1	-2.97697E-9
8.10025E-1	1.99292E+0	4.50718E-6	1.00007E+0	-2.24957E-9
8.10680E-1	1.99508E+0	1.11914E-5	9.99999E-1	-3.03116E-9
8.11336E-1	1.99265E+0	8.96334E-6	1.00002E+0	-4.86706E-10
8.11991E-1	1.99346E+0	4.37612E-6	9.99980E-1	-2.20964E-9
8.12646E-1	1.99346E+0	2.23318E-5	9.99940E-1	-2.03753E-9
8.13302E-1	1.99346E+0	9.09440E-6	1.00005E+0	-2.48918E-9
8.13957E-1	1.99454E+0	5.42462E-6	9.99952E-1	-6.23627E-10
8.14612E-1	1.99373E+0	1.31574E-5	1.00007E+0	-2.25195E-9
8.15268E-1	1.99373E+0	3.98293E-6	1.00000E+0	-8.25682E-10
8.15923E-1	1.99346E+0	1.10604E-5	9.99914E-1	-2.31880E-10
8.16579E-1	1.99346E+0	7.39058E-6	9.99978E-1	-1.22741E-9
8.17234E-1	1.99373E+0	7.91483E-6	1.00003E+0	-1.51552E-9
8.17889E-1	1.99104E+0	1.09293E-5	1.00003E+0	5.50665E-10
8.18545E-1	1.99454E+0	8.57015E-6	9.99946E-1	-2.04609E-9
8.19200E-1	1.99292E+0	6.99739E-6	1.00008E+0	5.81567E-10
8.19855E-1	1.99077E+0	1.80067E-5	9.99978E-1	-2.02660E-9
8.20511E-1	1.99184E+0	6.99739E-6	1.00004E+0	-5.27117E-10
8.21166E-1	1.99319E+0	8.83228E-6	9.99969E-1	6.49077E-10
8.21821E-1	1.99238E+0	-3.42170E-7	9.99982E-1	-1.10647E-10
8.22477E-1	1.99373E+0	1.31574E-5	1.00009E+0	-1.56544E-9
8.23132E-1	1.99373E+0	1.15846E-5	9.99940E-1	9.41937E-10
8.23788E-1	1.99346E+0	1.01429E-5	9.99969E-1	-5.02395E-10
8.24443E-1	1.99104E+0	5.55569E-6	1.00008E+0	-7.55319E-10
8.25098E-1	1.99265E+0	1.06672E-5	9.99893E-1	4.07563E-10
8.25754E-1	1.99211E+0	1.97105E-5	1.00006E+0	-1.53311E-9
8.26409E-1	1.99265E+0	1.49272E-6	1.00005E+0	4.85057E-10
8.27064E-1	1.99319E+0	1.28952E-5	9.99889E-1	-7.48061E-12
8.27720E-1	1.99292E+0	1.88591E-6	1.00003E+0	9.52105E-11
8.28375E-1	1.99319E+0	5.68675E-6	9.99967E-1	1.60819E-10
8.29030E-1	1.99373E+0	1.10604E-5	1.00011E+0	-9.21717E-10
8.29686E-1	1.99292E+0	7.78377E-6	9.99916E-1	-1.20631E-10
8.30341E-1	1.99346E+0	1.42059E-5	1.00003E+0	6.30536E-10
8.30996E-1	1.99184E+0	5.42462E-6	9.99976E-1	9.97086E-10
8.31652E-1	1.99292E+0	1.01429E-5	9.99963E-1	-4.66263E-10
8.32307E-1	1.99454E+0	1.17157E-5	1.00008E+0	-7.98107E-10
8.32963E-1	1.99265E+0	6.21101E-6	9.81090E-1	9.77868E-8
8.33618E-1	1.99130E+0	1.13225E-5	9.28695E-1	4.60111E-7
8.34273E-1	1.99238E+0	1.22399E-5	1.00025E+0	3.82616E-8
8.34929E-1	1.98996E+0	1.14535E-5	1.00008E+0	1.65144E-8
8.35584E-1	1.99238E+0	4.90037E-6	9.99929E-1	1.21671E-8
8.36239E-1	1.99319E+0	1.78757E-5	1.00002E+0	1.08288E-8
8.36895E-1	1.99319E+0	5.03143E-6	1.00007E+0	8.75407E-9
8.37550E-1	1.99238E+0	1.11914E-5	1.00002E+0	6.78677E-9
8.38205E-1	1.99238E+0	7.65270E-6	1.00004E+0	8.05472E-9
8.38861E-1	1.99292E+0	1.36816E-5	9.99952E-1	5.39331E-9
8.39516E-1	1.99130E+0	1.19778E-5	1.15253E+0	-4.95849E-7
8.40172E-1	-5.79628E-3	8.04589E-6	9.97744E-1	7.20087E-9
8.40827E-1	-7.14476E-3	2.24629E-5	1.00003E+0	7.14287E-9
8.41482E-1	-5.79628E-3	9.48759E-6	9.99969E-1	6.47918E-9
8.42138E-1	-6.87507E-3	1.02740E-5	1.00005E+0	7.11006E-9
8.42793E-1	-5.52658E-3	1.25021E-5	9.99916E-1	5.29918E-9
8.43448E-1	-5.25689E-3	7.52164E-6	1.00009E+0	5.12185E-9
8.44104E-1	-7.14476E-3	1.19778E-5	1.00003E+0	5.35623E-9
8.44759E-1	-6.33567E-3	1.42059E-5	9.99978E-1	5.40092E-9
8.45414E-1	-7.95385E-3	1.39438E-5	9.99908E-1	4.81330E-9
8.46070E-1	-6.33567E-3	9.35653E-6	1.00013E+0	3.73076E-9
8.46725E-1	-7.14476E-3	1.05361E-5	9.99999E-1	4.76148E-9
8.47380E-1	-4.44780E-3	1.48612E-5	9.99912E-1	3.84962E-9
8.48036E-1	-7.14476E-3	1.53855E-5	1.00007E+0	4.44294E-9
8.48691E-1	-7.41446E-3	1.00118E-5	9.99954E-1	4.31315E-9
8.49347E-1	-5.52658E-3	9.22547E-6	1.00001E+0	2.85599E-9
8.50002E-1	-6.60537E-3	1.04050E-5	9.99971E-1	2.98150E-9
8.50657E-1	-6.87507E-3	8.96334E-6	1.00009E+0	4.74674E-9
8.51313E-1	-3.63871E-3	1.06672E-5	9.99976E-1	2.64062E-9
8.51968E-1	-4.71749E-3	1.30263E-5	9.99872E-1	4.33597E-9
8.52623E-1	-6.60537E-3	8.96334E-6	1.00011E+0	3.40415E-9
8.53279E-1	-7.95385E-3	6.86632E-6	9.99935E-1	3.50304E-9
8.53934E-1	-7.14476E-3	2.29871E-5	1.00007E+0	1.96695E-9
8.54589E-1	-5.79628E-3	9.88078E-6	9.99881E-1	4.11395E-9
8.55245E-1	-6.87507E-3	7.25951E-6	1.00014E+0	2.81700E-9
8.55900E-1	-6.33567E-3	7.65270E-6	9.99997E-1	2.67723E-9
8.56556E-1	-6.87507E-3	8.43908E-6	1.00006E+0	3.37277E-9
8.57211E-1	-5.52658E-3	1.21089E-5	9.99904E-1	4.03170E-9
8.57866E-1	-6.60537E-3	1.48612E-5	9.99954E-1	1.75919E-9
8.58522E-1	-6.87507E-3	9.61866E-6	1.00003E+0	3.58528E-9
8.59177E-1	-5.52658E-3	1.49272E-6	1.00003E+0	2.72715E-9
8.59832E-1	-5.25689E-3	2.16765E-5	9.99923E-1	2.41432E-9
8.60488E-1	-5.79628E-3	1.25021E-5	1.00009E+0	4.23091E-9
8.61143E-1	-5.25689E-3	2.23318E-5	9.99897E-1	2.48135E-9
8.61798E-1	-5.79628E-3	1.13225E-5	1.00010E+0	2.85646E-9
8.62454E-1	-5.79628E-3	6.34207E-6	9.99997E-1	2.84077E-9
8.63109E-1	-7.68415E-3	2.46910E-5	1.00002E+0	2.16520E-9
8.63764E-1	-6.33567E-3	1.17157E-5	9.99940E-1	2.57739E-9
8.64420E-1	-6.60537E-3	1.11914E-5	1.00004E+0	3.98797E-9
8.65075E-1	-6.60537E-3	1.17157E-5	9.99971E-1	2.17803E-9
8.65731E-1	-4.71749E-3	1.65650E-5	1.00007E+0	2.54839E-9
8.66386E-1	-8.76294E-3	5.75274E-7	9.99840E-1	2.48278E-9
8.67041E-1	-7.14476E-3	1.13225E-5	1.00013E+0	1.62274E-9
8.67697E-1	-4.98719E-3	1.06672E-5	9.99946E-1	3.76262E-9
8.68352E-1	-5.79628E-3	7.78377E-6	1.00003E+0	2.78230E-9
8.69007E-1	-6.87507E-3	1.25021E-5	9.99967E-1	2.41289E-9
8.69663E-1	-6.33567E-3	1.57786E-5	1.00007E+0	3.07706E-9
8.70318E-1	-6.87507E-3	1.13225E-5	9.99931E-1	1.33987E-9
8.70973E-1	-6.33567E-3	8.57015E-6	1.00002E+0	3.95088E-9
8.71629E-1	-6.87507E-3	5.29356E-6	9.99954E-1	2.35156E-9
8.72284E-1	-4.71749E-3	9.35653E-6	1.00007E+0	2.08390E-9
8.72940E-1	-6.87507E-3	7.91483E-6	9.99916E-1	2.93396E-9
8.73595E-1	-7.95385E-3	6.73526E-6	1.00010E+0	2.88879E-9
8.74250E-1	-6.06598E-3	8.30802E-6	9.99944E-1	2.82889E-9
8.74906E-1	-6.06598E-3	1.11914E-5	9.99938E-1	1.69168E-9
8.75561E-1	-4.98719E-3	8.83228E-6	1.00012E+0	2.67152E-9
8.76216E-1	-5.25689E-3	9.09440E-6	9.99868E-1	2.76185E-9
8.76872E-1	-5.79628E-3	1.04050E-5	1.00007E+0	2.89354E-9
8.77527E-1	-6.33567E-3	8.83228E-6	9.99997E-1	1.74873E-9
8.78182E-1	-5.25689E-3	4.90037E-6	9.99997E-1	2.25458E-9
8.78838E-1	-4.71749E-3	9.09440E-6	1.00006E+0	3.25154E-9
8.79493E-1	-3.36901E-3	6.07994E-6	9.99914E-1	2.88118E-9
8.80148E-1	-5.52658E-3	1.56476E-5	1.00006E+0	1.59707E-9
8.80804E-1	-6.87507E-3	8.04589E-6	9.99897E-1	2.49942E-9
8.81459E-1	-5.52658E-3	8.43908E-6	1.00006E+0	2.94537E-9
8.82115E-1	-6.06598E-3	-2.04600E-6	1.00000E+0	2.82366E-9
8.82770E-1	-6.06598E-3	-3.35663E-6	9.99938E-1	1.87614E-9
8.83425E-1	-6.60537E-3	4.63824E-6	1.00003E+0	2.61970E-9
8.84081E-1	-5.79628E-3	1.53855E-5	1.00007E+0	1.70071E-9
8.84736E-1	-6.06598E-3	9.74972E-6	9.99997E-1	3.66991E-9
8.85391E-1	-5.79628E-3	2.80986E-5	9.99927E-1	2.70908E-9
8.86047E-1	-5.52658E-3	1.00118E-5	9.99982E-1	1.86426E-9
8.86702E-1	-6.06598E-3	9.09440E-6	1.00006E+0	1.78011E-9
8.87357E-1	-5.52658E-3	1.02740E-5	1.00004E+0	2.33112E-9
8.88013E-1	-6.06598E-3	7.25951E-6	9.99916E-1	3.28719E-9
8.88668E-1	-7.14476E-3	9.09440E-6	1.00002E+0	2.00451E-9
8.89324E-1	-6.87507E-3	1.15846E-5	1.00004E+0	2.06298E-9
8.89979E-1	-5.25689E-3	1.32884E-5	9.99921E-1	3.12555E-9
8.90634E-1	-4.17810E-3	7.91483E-6	1.00006E+0	2.72382E-9
8.91290E-1	-7.41446E-3	8.96334E-6	9.99997E-1	1.13401E-9
8.91945E-1	-5.79628E-3	8.30802E-6	1.00001E+0	2.38247E-9
8.92600E-1	-5.79628E-3	1.48612E-5	9.99984E-1	4.09208E-9
8.93256E-1	-3.63871E-3	8.70121E-6	1.00005E+0	2.17043E-9
8.93911E-1	-5.79628E-3	6.21101E-6	9.99946E-1	2.00213E-9
8.94566E-1	-5.79628E-3	8.96334E-6	1.00003E+0	2.89164E-9
8.95222E-1	-5.52658E-3	8.57015E-6	9.99995E-1	9.24822E-10
8.95877E-1	-6.06598E-3	1.38127E-5	9.99921E-1	2.90353E-9
8.96532E-1	-4.98719E-3	2.80335E-6	1.00006E+0	3.31287E-9
8.97188E-1	-5.79628E-3	9.88078E-6	1.00003E+0	9.50495E-10
8.97843E-1	-6.33567E-3	8.30802E-6	9.99982E-1	3.60002E-9
8.98499E-1	-6.87507E-3	1.45991E-5	9.99908E-1	1.81671E-9
8.99154E-1	-5.52658E-3	1.00118E-5	9.95391E-1	-1.09992E-8
8.99809E-1	1.99373E+0	1.17157E-5	8.77388E-1	4.89879E-7
9.00465E-1	1.99238E+0	1.04050E-5	1.00006E+0	7.33684E-9
9.01120E-1	1.99400E+0	7.65270E-6	1.00006E+0	6.37192E-10
9.01775E-1	1.99427E+0	1.78757E-5	9.99978E-1	-2.39011E-10
9.02431E-1	1.99346E+0	6.47313E-6	1.00008E+0	2.05728E-9
9.03086E-1	1.99211E+0	1.15846E-5	9.99908E-1	1.38551E-9
9.03741E-1	1.99346E+0	1.73514E-5	1.00007E+0	1.24526E-9
9.04397E-1	1.99238E+0	4.76931E-6	9.99954E-1	1.81148E-9
9.05052E-1	1.99157E+0	8.96334E-6	9.99982E-1	2.37106E-9
9.05708E-1	1.99373E+0	1.00118E-5	9.99973E-1	-2.55466E-11
9.06363E-1	1.99265E+0	2.27910E-6	1.00006E+0	2.12954E-9
9.07018E-1	1.99157E+0	1.18467E-5	9.99988E-1	6.02486E-10
9.07674E-1	1.99427E+0	1.01429E-5	9.99944E-1	1.78438E-9
9.08329E-1	1.99319E+0	6.34207E-6	1.00005E+0	1.06935E-9
9.08984E-1	1.99211E+0	2.29871E-5	9.99940E-1	1.20152E-9
9.09640E-1	1.99346E+0	9.88078E-6	1.00005E+0	3.38627E-10
9.10295E-1	1.99319E+0	9.61866E-6	1.00001E+0	2.24602E-9
9.10950E-1	1.99265E+0	1.06672E-5	9.99978E-1	1.40357E-9
9.11606E-1	1.99400E+0	8.83228E-6	1.00001E+0	9.92807E-10
9.12261E-1	1.99184E+0	2.79675E-5	9.99988E-1	1.57377E-9
9.12916E-1	1.99184E+0	1.11914E-5	1.00010E+0	8.84411E-10
9.13572E-1	1.99373E+0	1.06672E-5	9.99895E-1	7.88851E-10
9.14227E-1	1.99346E+0	1.14535E-5	1.00005E+0	1.39882E-9
9.14883E-1	1.99319E+0	1.25021E-5	9.99878E-1	2.21892E-9
9.15538E-1	1.99104E+0	-1.25961E-6	1.00012E+0	2.39007E-9
9.16193E-1	1.99319E+0	1.30263E-5	9.99906E-1	8.93919E-10
9.16849E-1	1.99454E+0	-3.61876E-6	1.00012E+0	1.86616E-9
9.17504E-1	1.99238E+0	1.44680E-5	9.99868E-1	5.50189E-10
9.18159E-1	1.99184E+0	8.30802E-6	1.00014E+0	2.09531E-9
9.18815E-1	1.99373E+0	7.52164E-6	9.99897E-1	1.83383E-9
9.19470E-1	1.99211E+0	7.91483E-6	1.00006E+0	1.91465E-9
9.20125E-1	1.99292E+0	1.19778E-5	1.00000E+0	1.32703E-9
9.20781E-1	1.99319E+0	5.42462E-6	1.00003E+0	7.50817E-10
9.21436E-1	1.99319E+0	1.38127E-5	9.99935E-1	2.13952E-9
9.22092E-1	1.99265E+0	9.09440E-6	1.00004E+0	2.24317E-9
9.22747E-1	1.99211E+0	1.32884E-5	9.99897E-1	9.31953E-10
9.23402E-1	1.99319E+0	1.00118E-5	1.00008E+0	7.00898E-10
9.24058E-1	1.99319E+0	8.57015E-6	9.99967E-1	2.72952E-9
9.24713E-1	1.99211E+0	9.22547E-6	1.00011E+0	1.13781E-9
9.25368E-1	1.99184E+0	1.23710E-5	9.99906E-1	2.66344E-9
9.26024E-1	1.99373E+0	7.78377E-6	1.00001E+0	1.16063E-9
9.26679E-1	1.99265E+0	9.09440E-6	1.00002E+0	1.23527E-9
9.27334E-1	1.99400E+0	1.19778E-5	1.00001E+0	1.61038E-9
9.27990E-1	1.99238E+0	2.27910E-6	9.99940E-1	1.90704E-9
9.28645E-1	1.99319E+0	2.50842E-5	1.00006E+0	2.22748E-9
9.29300E-1	1.99130E+0	1.02740E-5	9.99986E-1	1.41260E-9
9.29956E-1	1.99373E+0	9.88078E-6	1.00001E+0	1.93177E-9
9.30611E-1	1.99157E+0	4.50718E-6	9.99995E-1	1.79912E-9
9.31267E-1	1.99184E+0	1.11914E-5	1.00003E+0	9.86627E-10
9.31922E-1	1.99346E+0	1.00118E-5	9.99925E-1	1.51530E-9
9.32577E-1	1.99292E+0	1.48612E-5	1.00004E+0	1.89468E-9
9.33233E-1	1.99427E+0	9.09440E-6	1.00005E+0	1.81671E-9
9.33888E-1	1.99292E+0	7.91483E-6	9.99984E-1	8.83460E-10
9.34543E-1	1.99238E+0	8.43908E-6	9.99948E-1	2.08010E-9
9.35199E-1	1.99373E+0	1.95795E-5	1.00003E+0	1.12355E-9
9.35854E-1	1.99238E+0	1.09293E-5	1.00002E+0	2.65060E-9
9.36509E-1	1.99373E+0	8.43908E-6	9.99954E-1	5.88223E-10
9.37165E-1	1.99346E+0	6.86632E-6	9.99992E-1	2.44998E-9
9.37820E-1	1.99238E+0	1.31574E-5	1.00007E+0	7.92655E-10
9.38476E-1	1.99238E+0	1.02740E-5	9.99992E-1	2.07867E-9
9.39131E-1	1.99292E+0	1.39438E-5	9.96582E-1	5.00369E-8
9.39786E-1	-5.79628E-3	1.28952E-5	1.12060E+0	-5.60771E-7
9.40442E-1	-7.68415E-3	1.70893E-5	9.99743E-1	-2.02945E-9
9.41097E-1	-5.79628E-3	1.09293E-5	1.00009E+0	4.03979E-9
9.41752E-1	-6.87507E-3	1.56476E-5	9.99963E-1	3.32808E-9
9.42408E-1	-7.68415E-3	9.74972E-6	9.99885E-1	4.27227E-9
9.43063E-1	-5.79628E-3	6.99739E-6	1.00003E+0	3.15598E-9
9.43718E-1	-6.06598E-3	1.27642E-5	1.00004E+0	4.02267E-9
9.44374E-1	-6.06598E-3	8.43908E-6	1.00001E+0	1.92939E-9
9.45029E-1	-7.95385E-3	2.56084E-5	9.99908E-1	3.66468E-9
9.45684E-1	-6.06598E-3	1.57786E-5	1.00011E+0	3.02429E-9
9.46340E-1	-6.06598E-3	1.01429E-5	9.99906E-1	3.05756E-9
9.46995E-1	-6.60537E-3	1.31574E-5	1.00014E+0	2.22890E-9
9.47651E-1	-7.68415E-3	1.83999E-5	1.00002E+0	3.19924E-9
9.48306E-1	-5.52658E-3	1.17157E-5	9.99906E-1	2.50940E-9
9.48961E-1	-5.25689E-3	1.51233E-5	1.00007E+0	3.10986E-9
9.49617E-1	-5.52658E-3	8.17696E-6	9.99965E-1	1.74302E-9
9.50272E-1	-4.44780E-3	5.68675E-6	1.00004E+0	3.68179E-9
9.50927E-1	-6.33567E-3	9.74972E-6	9.99923E-1	2.69815E-9
9.51583E-1	-5.79628E-3	8.30802E-6	1.00006E+0	1.43400E-9
9.52238E-1	-7.14476E-3	8.57015E-6	9.99986E-1	2.81177E-9
9.52893E-1	-6.60537E-3	1.02740E-5	9.99906E-1	2.97104E-9
9.53549E-1	-5.52658E-3	1.75485E-6	1.00002E+0	2.03018E-9
9.54204E-1	-5.25689E-3	-1.91493E-6	1.00000E+0	2.10815E-9
9.54860E-1	-6.87507E-3	1.19778E-5	9.99980E-1	3.90477E-9
9.55515E-1	-5.25689E-3	2.80335E-6	1.00011E+0	2.10815E-9
9.56170E-1	-6.06598E-3	1.07982E-5	9.99906E-1	2.82508E-9
9.56826E-1	-5.79628E-3	1.70893E-5	1.00003E+0	2.01972E-9
9.57481E-1	-7.14476E-3	8.83228E-6	9.99961E-1	2.07534E-9
9.58136E-1	-6.60537E-3	9.61866E-6	1.00004E+0	2.27407E-9
9.58792E-1	-7.14476E-3	1.21089E-5	9.99997E-1	1.92891E-9
9.59447E-1	-6.33567E-3	9.35653E-6	1.00002E+0	3.58386E-9
9.60102E-1	-4.98719E-3	9.61866E-6	9.99984E-1	2.53270E-9
9.60758E-1	-6.33567E-3	7.91483E-6	9.99946E-1	2.04492E-9
9.61413E-1	-3.36901E-3	1.23710E-5	1.00012E+0	2.28595E-9
9.62068E-1	-5.52658E-3	1.10604E-5	9.99957E-1	2.62065E-9
9.62724E-1	-8.22355E-3	9.09440E-6	9.99967E-1	1.93985E-9
9.63379E-1	-6.33567E-3	7.78377E-6	9.99988E-1	2.15046E-9
9.64035E-1	-6.33567E-3	1.72203E-5	1.00005E+0	3.06565E-9
9.64690E-1	-5.52658E-3	9.22547E-6	9.99954E-1	1.89706E-9
9.65345E-1	-7.41446E-3	1.02740E-5	1.00010E+0	2.05015E-9
9.66001E-1	-6.60537E-3	6.60420E-6	9.99957E-1	1.98311E-9
9.66656E-1	-6.06598E-3	7.39058E-6	9.99959E-1	3.31096E-9
9.67311E-1	-6.33567E-3	1.07982E-5	9.99925E-1	9.85676E-10
9.67967E-1	-6.06598E-3	7.91483E-6	1.00014E+0	3.17167E-9
9.68622E-1	-6.60537E-3	7.91483E-6	9.99864E-1	1.56759E-9
9.69277E-1	-6.60537E-3	1.15846E-5	1.00010E+0	2.14761E-9
9.69933E-1	-5.25689E-3	8.83228E-6	9.99904E-1	2.74284E-9
9.70588E-1	-6.87507E-3	1.86620E-5	1.00007E+0	2.49704E-9
9.71244E-1	-5.79628E-3	9.35653E-6	9.99950E-1	2.23651E-9
9.71899E-1	-4.98719E-3	5.94888E-6	1.00006E+0	1.45349E-9
9.72554E-1	-6.60537E-3	1.25021E-5	9.99988E-1	2.64252E-9
9.73210E-1	-6.06598E-3	8.83228E-6	9.99999E-1	1.76917E-9
9.73865E-1	-7.14476E-3	1.14535E-5	9.99923E-1	3.09037E-9
9.74520E-1	-5.79628E-3	1.55165E-5	1.00006E+0	2.57406E-9
9.75176E-1	-5.52658E-3	1.01429E-5	9.99997E-1	2.09151E-9
9.75831E-1	-6.33567E-3	1.75485E-6	1.00008E+0	1.64461E-9
9.76486E-1	-5.52658E-3	1.42059E-5	9.99959E-1	3.07611E-9
9.77142E-1	-7.68415E-3	1.55165E-5	1.00004E+0	1.42401E-9
9.77797E-1	-2.82962E-3	1.22399E-5	9.99995E-1	2.57406E-9
9.78452E-1	-4.98719E-3	1.19778E-5	1.00005E+0	2.01211E-9
9.79108E-1	-6.06598E-3	9.61866E-6	9.99965E-1	1.89421E-9
9.79763E-1	-6.33567E-3	7.91483E-6	1.00002E+0	2.48658E-9
9.80419E-1	-6.33567E-3	9.48759E-6	9.99919E-1	2.09103E-9
9.81074E-1	-6.87507E-3	1.14535E-5	1.00001E+0	2.37106E-9
9.81729E-1	-6.33567E-3	-1.52174E-6	9.99982E-1	3.06470E-9
9.82385E-1	-5.25689E-3	3.06548E-6	1.00005E+0	2.41052E-9
9.83040E-1	-6.87507E-3	6.21101E-6	9.99855E-1	1.04225E-9
9.83695E-1	-7.68415E-3	2.33803E-5	1.00009E+0	1.92844E-9
9.84351E-1	-6.60537E-3	1.04050E-5	1.00006E+0	2.87976E-9
9.85006E-1	-6.33567E-3	1.19778E-5	9.99952E-1	1.47821E-9
9.85661E-1	-5.52658E-3	8.96334E-6	9.99999E-1	3.55866E-9
9.86317E-1	-6.06598E-3	6.60420E-6	1.00006E+0	8.53033E-10
9.86972E-1	-6.60537E-3	6.99739E-6	9.99944E-1	2.31733E-9
9.87628E-1	-5.79628E-3	1.07982E-5	9.99950E-1	3.11319E-9
9.88283E-1	-5.25689E-3	1.22399E-5	1.00002E+0	2.72857E-9
9.88938E-1	-5.79628E-3	8.57015E-6	1.00008E+0	1.80340E-9
9.89594E-1	-5.52658E-3	9.74972E-6	9.99889E-1	1.51102E-9
9.90249E-1	-5.79628E-3	6.21101E-6	1.00011E+0	1.99452E-9
9.90904E-1	-6.33567E-3	8.43908E-6	9.99942E-1	2.06108E-9
9.91560E-1	-6.33567E-3	8.30802E-6	9.99942E-1	2.80844E-9
9.92215E-1	-6.06598E-3	-3.74982E-6	1.00009E+0	1.43780E-9
9.92870E-1	-6.87507E-3	1.13225E-5	9.99965E-1	2.25315E-9
9.93526E-1	-6.06598E-3	1.28952E-5	1.00007E+0	2.49989E-9
9.94181E-1	-6.60537E-3	9.22547E-6	9.99954E-1	1.83288E-9
9.94836E-1	-5.79628E-3	8.57015E-6	1.00000E+0	3.20019E-9
9.95492E-1	-7.14476E-3	1.18467E-5	9.99940E-1	9.65708E-10
9.96147E-1	-6.06598E-3	8.96334E-6	1.00009E+0	2.42906E-9
9.96803E-1	-5.25689E-3	1.02740E-5	9.99946E-1	2.64918E-9
9.97458E-1	-6.33567E-3	1.01429E-5	1.00007E+0	2.61114E-9
9.98113E-1	-6.06598E-3	4.11399E-6	9.99866E-1	1.40928E-9
9.98769E-1	-5.79628E-3	1.15846E-5	1.00002E+0	2.53650E-9
9.99424E-1	-6.06598E-3	4.50718E-6	1.04128E+0	-2.86829E-7
