## Header ##
[General info]
User	Giorgos_Psaltakis
Device	Sample
Cell area (cm2)	1
Test	Pulsed
Date	2024-03-03
Time	04:03:20
Temperature	21.35
Note	

[Acquisition Settings]
Amplitude (V)	2.000
Frequency (Hz)	10.0
DC Offset (V)	1.000
Duty Cycle (%)	50
Phase (°)	0
Cycles	10

## Data ##
Time (s)	DC Channel Voltage (V)	DC Channel Current (A)	Pulse Channel Voltage (V)	Pulse Channel Current (A)
0.00000E+0	1.99427E+0	2.06280E-5	1.00423E+0	-1.55669E-7
6.55360E-4	1.99265E+0	1.11914E-5	9.99697E-1	3.37570E-8
1.31072E-3	1.99319E+0	1.09953E-6	1.00010E+0	3.63542E-8
1.96608E-3	1.99265E+0	9.48759E-6	1.00003E+0	2.75508E-8
2.62144E-3	1.99184E+0	1.15846E-5	9.99935E-1	3.34803E-8
3.27680E-3	1.99184E+0	8.83228E-6	1.00004E+0	3.20816E-8
3.93216E-3	1.99400E+0	1.14535E-5	1.00011E+0	2.68211E-8
4.58752E-3	1.99184E+0	9.61866E-6	9.99969E-1	2.46902E-8
5.24288E-3	1.99292E+0	9.48759E-6	9.99967E-1	2.18453E-8
5.89824E-3	1.99292E+0	7.25951E-6	1.00001E+0	1.87579E-8
6.55360E-3	1.99184E+0	7.91483E-6	1.00001E+0	1.79040E-8
7.20896E-3	1.99319E+0	7.12845E-6	1.00006E+0	1.69451E-8
7.86432E-3	1.99292E+0	1.05361E-5	1.00002E+0	1.48385E-8
8.51968E-3	1.99184E+0	7.91483E-6	9.99950E-1	1.29772E-8
9.17504E-3	1.99130E+0	2.12833E-5	1.00002E+0	1.31108E-8
9.83040E-3	1.99292E+0	1.38127E-5	1.00001E+0	1.24633E-8
1.04858E-2	1.99346E+0	6.21101E-6	1.00003E+0	1.10000E-8
1.11411E-2	1.99292E+0	-4.01195E-6	9.99948E-1	1.21681E-8
1.17965E-2	1.99265E+0	5.81781E-6	1.00001E+0	8.27152E-9
1.24518E-2	1.99050E+0	1.39438E-5	1.00005E+0	8.92855E-9
1.31072E-2	1.99319E+0	1.22399E-5	9.99982E-1	9.54470E-9
1.37626E-2	1.99319E+0	1.39438E-5	1.00001E+0	5.85495E-9
1.44179E-2	1.99211E+0	1.27642E-5	9.99961E-1	7.38961E-9
1.50733E-2	1.99184E+0	1.11914E-5	1.00009E+0	5.89916E-9
1.57286E-2	1.99238E+0	1.25021E-5	9.99938E-1	6.82766E-9
1.63840E-2	1.99211E+0	1.49272E-6	1.00000E+0	6.11072E-9
1.70394E-2	1.99130E+0	9.09440E-6	9.99952E-1	5.48650E-9
1.76947E-2	1.99319E+0	1.07982E-5	1.00010E+0	5.09047E-9
1.83501E-2	1.99346E+0	1.44680E-5	9.99973E-1	5.63388E-9
1.90054E-2	1.99211E+0	7.12845E-6	9.99997E-1	6.88376E-9
1.96608E-2	1.99481E+0	9.88078E-6	1.00004E+0	4.81235E-9
2.03162E-2	1.99211E+0	1.36816E-5	9.99971E-1	5.40044E-9
2.09715E-2	1.99319E+0	9.48759E-6	9.99978E-1	4.50808E-9
2.16269E-2	1.99211E+0	1.78757E-5	1.00004E+0	3.62617E-9
2.22822E-2	1.99319E+0	1.25021E-5	9.99967E-1	5.75986E-9
2.29376E-2	1.99265E+0	1.05361E-5	9.99984E-1	3.99890E-9
2.35930E-2	1.99184E+0	1.09293E-5	9.99995E-1	3.88908E-9
2.42483E-2	1.99238E+0	1.31574E-5	9.99990E-1	3.48830E-9
2.49037E-2	1.99211E+0	9.35653E-6	1.00001E+0	5.10901E-9
2.55590E-2	1.99373E+0	1.05361E-5	1.00003E+0	4.76100E-9
2.62144E-2	1.99184E+0	7.52164E-6	9.99980E-1	3.30811E-9
2.68698E-2	1.99265E+0	9.09440E-6	1.00005E+0	3.83108E-9
2.75251E-2	1.99346E+0	1.28952E-5	9.99925E-1	4.12203E-9
2.81805E-2	1.99184E+0	8.17696E-6	1.00002E+0	4.28178E-9
2.88358E-2	1.99184E+0	8.57015E-6	1.00002E+0	4.27750E-9
2.94912E-2	1.99157E+0	1.05361E-5	9.99980E-1	3.93282E-9
3.01466E-2	1.99238E+0	4.11399E-6	1.00001E+0	3.26247E-9
3.08019E-2	1.99292E+0	1.25021E-5	1.00005E+0	3.52158E-9
3.14573E-2	1.99265E+0	7.91483E-6	9.99986E-1	3.91903E-9
3.21126E-2	1.99238E+0	1.47301E-5	9.99990E-1	4.44865E-9
3.27680E-2	1.99157E+0	7.91483E-6	9.99990E-1	3.48021E-9
3.34234E-2	1.99319E+0	9.88078E-6	1.00005E+0	2.95059E-9
3.40787E-2	1.99373E+0	6.99739E-6	9.99978E-1	4.21759E-9
3.47341E-2	1.99211E+0	9.22547E-6	9.99982E-1	2.86740E-9
3.53894E-2	1.99238E+0	1.04050E-5	1.00006E+0	3.38180E-9
3.60448E-2	1.99238E+0	1.04050E-5	9.99957E-1	4.57654E-9
3.67002E-2	1.99373E+0	1.18467E-5	9.99990E-1	3.47594E-9
3.73555E-2	1.99184E+0	1.18467E-5	9.99933E-1	2.45568E-9
3.80109E-2	1.99265E+0	1.11914E-5	1.00004E+0	3.93472E-9
3.86662E-2	1.99319E+0	2.02348E-5	9.99969E-1	3.58766E-9
3.93216E-2	1.99157E+0	1.00118E-5	1.00003E+0	3.06375E-9
3.99770E-2	1.99184E+0	1.43369E-5	9.99927E-1	2.93871E-9
4.06323E-2	1.99265E+0	1.31574E-5	1.00011E+0	2.01544E-9
4.12877E-2	1.99130E+0	1.05361E-5	1.00002E+0	5.26210E-9
4.19430E-2	1.99184E+0	1.19778E-5	9.99923E-1	2.11956E-9
4.25984E-2	1.99265E+0	7.12845E-6	1.00003E+0	3.22872E-9
4.32538E-2	1.99292E+0	1.69582E-5	9.99959E-1	3.00242E-9
4.39091E-2	1.99130E+0	1.17157E-5	1.00007E+0	1.97598E-9
4.45645E-2	1.99238E+0	1.89242E-5	9.99978E-1	3.64851E-9
4.52198E-2	1.99130E+0	8.96334E-6	1.00002E+0	2.68198E-9
4.58752E-2	1.99265E+0	8.17696E-6	1.00001E+0	2.74521E-9
4.65306E-2	1.98996E+0	1.34195E-5	1.00004E+0	1.83098E-9
4.71859E-2	1.99292E+0	1.55165E-5	9.99832E-1	2.20751E-9
4.78413E-2	1.99238E+0	1.87931E-5	1.00009E+0	3.21398E-9
4.84966E-2	1.99104E+0	9.22547E-6	1.00010E+0	1.33131E-9
4.91520E-2	1.98915E+0	1.09293E-5	9.99914E-1	2.54078E-9
4.98074E-2	-6.87507E-3	9.22547E-6	9.48035E-1	3.17797E-7
5.04627E-2	-7.68415E-3	1.36816E-5	1.00028E+0	3.38578E-8
5.11181E-2	-6.33567E-3	8.70121E-6	9.99961E-1	2.20450E-8
5.17734E-2	-6.06598E-3	5.94888E-6	1.00002E+0	1.94059E-8
5.24288E-2	-6.06598E-3	1.04050E-5	9.99925E-1	1.67711E-8
5.30842E-2	-6.33567E-3	7.12845E-6	1.00011E+0	1.48224E-8
5.37395E-2	-6.87507E-3	8.83228E-6	9.99919E-1	1.53268E-8
5.43949E-2	-6.60537E-3	9.35653E-6	1.00001E+0	1.29996E-8
5.50502E-2	-5.79628E-3	1.28952E-5	1.00014E+0	1.25855E-8
5.57056E-2	-7.41446E-3	1.02740E-5	9.99883E-1	1.17820E-8
5.63610E-2	-7.14476E-3	-4.27408E-6	1.00006E+0	1.08535E-8
5.70163E-2	-3.36901E-3	6.34207E-6	9.99921E-1	1.01813E-8
5.76717E-2	-6.60537E-3	1.30263E-5	1.00012E+0	9.92028E-9
5.83270E-2	-6.60537E-3	1.09293E-5	9.99999E-1	9.27561E-9
5.89824E-2	-6.06598E-3	1.00118E-5	9.99938E-1	1.00258E-8
5.96378E-2	-6.60537E-3	1.02740E-5	9.99973E-1	8.98988E-9
6.02931E-2	-6.06598E-3	1.32884E-5	1.00007E+0	7.31830E-9
6.09485E-2	-6.06598E-3	1.02740E-5	9.99929E-1	8.57008E-9
6.16038E-2	-6.33567E-3	1.26331E-5	1.00002E+0	9.05882E-9
6.22592E-2	-6.33567E-3	9.88078E-6	1.00007E+0	7.93920E-9
6.29146E-2	-3.90841E-3	6.86632E-6	9.99942E-1	7.71195E-9
6.35699E-2	-6.33567E-3	1.21089E-5	9.99969E-1	7.67629E-9
6.42253E-2	-6.60537E-3	8.57015E-6	1.00005E+0	8.07232E-9
6.48806E-2	-6.33567E-3	1.22399E-5	9.99952E-1	6.98930E-9
6.55360E-2	-5.25689E-3	1.04050E-5	1.00009E+0	7.11862E-9
6.61914E-2	-4.44780E-3	1.07982E-5	9.99988E-1	8.31431E-9
6.68467E-2	-5.79628E-3	6.99739E-6	9.99999E-1	6.26476E-9
6.75021E-2	-7.41446E-3	7.25951E-6	9.99999E-1	6.89565E-9
6.81574E-2	-5.52658E-3	6.47313E-6	9.99959E-1	7.76519E-9
6.88128E-2	-6.06598E-3	1.19778E-5	1.00000E+0	6.56998E-9
6.94682E-2	-7.41446E-3	1.94484E-5	9.99971E-1	6.43686E-9
7.01235E-2	-6.06598E-3	8.43908E-6	1.00007E+0	7.87834E-9
7.07789E-2	-7.41446E-3	7.78377E-6	1.00004E+0	6.28188E-9
7.14342E-2	-5.79628E-3	5.94888E-6	9.99969E-1	6.16825E-9
7.20896E-2	-6.06598E-3	9.61866E-6	9.99990E-1	6.65271E-9
7.27450E-2	-6.87507E-3	1.48612E-5	1.00002E+0	5.86969E-9
7.34003E-2	-6.60537E-3	5.29356E-6	9.99952E-1	6.90848E-9
7.40557E-2	-7.68415E-3	1.27642E-5	1.00004E+0	7.31212E-9
7.47110E-2	-4.71749E-3	8.30802E-6	9.99950E-1	6.37934E-9
7.53664E-2	-6.87507E-3	1.00118E-5	1.00004E+0	5.70424E-9
7.60218E-2	-7.68415E-3	9.35653E-6	1.00001E+0	6.48631E-9
7.66771E-2	-5.25689E-3	1.14535E-5	1.00006E+0	6.13830E-9
7.73325E-2	-6.87507E-3	9.61866E-6	9.99952E-1	6.53195E-9
7.79878E-2	-5.52658E-3	3.58973E-6	1.00000E+0	6.95270E-9
7.86432E-2	-6.60537E-3	7.25951E-6	9.99995E-1	5.07240E-9
7.92986E-2	-6.87507E-3	2.63948E-5	1.00002E+0	5.93387E-9
7.99539E-2	-6.33567E-3	1.97105E-5	9.99971E-1	7.47851E-9
8.06093E-2	-5.79628E-3	1.07982E-5	9.99954E-1	5.69378E-9
8.12646E-2	-7.95385E-3	1.09293E-5	1.00001E+0	6.82386E-9
8.19200E-2	-4.44780E-3	6.21101E-6	1.00002E+0	5.90915E-9
8.25754E-2	-5.52658E-3	1.26331E-5	1.00010E+0	5.24308E-9
8.32307E-2	-8.22355E-3	3.13147E-7	9.99957E-1	6.42545E-9
8.38861E-2	-8.49324E-3	1.32884E-5	9.99986E-1	5.21788E-9
8.45414E-2	-6.60537E-3	9.35653E-6	9.99997E-1	6.62418E-9
8.51968E-2	-5.25689E-3	2.52152E-5	9.99973E-1	5.07573E-9
8.58522E-2	-6.87507E-3	8.57015E-6	1.00003E+0	7.13193E-9
8.65075E-2	-7.41446E-3	8.96334E-6	9.99944E-1	5.04055E-9
8.71629E-2	-4.17810E-3	2.14804E-6	9.99973E-1	5.93054E-9
8.78182E-2	-5.52658E-3	7.91483E-6	1.00006E+0	6.04131E-9
8.84736E-2	-6.06598E-3	1.38127E-5	9.99929E-1	5.48792E-9
8.91290E-2	-6.33567E-3	-7.35361E-7	1.00006E+0	6.13782E-9
8.97843E-2	-5.79628E-3	2.12833E-5	1.00005E+0	5.57065E-9
9.04397E-2	-6.06598E-3	1.06672E-5	9.99908E-1	5.75463E-9
9.10950E-2	-5.79628E-3	7.91483E-6	1.00005E+0	6.36317E-9
9.17504E-2	-4.98719E-3	1.10604E-5	1.00000E+0	5.25924E-9
9.24058E-2	-5.79628E-3	1.28952E-5	1.00004E+0	5.66573E-9
9.30611E-2	-5.52658E-3	1.36816E-5	9.99965E-1	5.33721E-9
9.37165E-2	-5.79628E-3	1.40748E-5	9.99976E-1	5.75749E-9
9.43718E-2	-7.95385E-3	1.07982E-5	1.00002E+0	5.20885E-9
9.50272E-2	-6.60537E-3	2.16765E-5	9.99971E-1	5.22549E-9
9.56826E-2	-5.25689E-3	7.78377E-6	9.99957E-1	6.86712E-9
9.63379E-2	-6.06598E-3	7.91483E-6	1.00011E+0	4.42726E-9
9.69933E-2	-5.52658E-3	1.13225E-5	9.99897E-1	6.67125E-9
9.76486E-2	-6.33567E-3	1.00118E-5	1.00007E+0	6.15018E-9
9.83040E-2	-5.25689E-3	7.25951E-6	9.99959E-1	3.98939E-9
9.89594E-2	-6.60537E-3	1.05361E-5	1.00003E+0	6.89470E-9
9.96147E-2	1.99508E+0	9.09440E-6	1.05200E+0	-3.07234E-7
1.00270E-1	1.99157E+0	1.44680E-5	1.00049E+0	-3.59798E-8
1.00925E-1	1.99346E+0	9.74972E-6	9.99925E-1	-2.08899E-8
1.01581E-1	1.99319E+0	8.96334E-6	9.99935E-1	-1.53589E-8
1.02236E-1	1.99157E+0	-6.50216E-6	1.00001E+0	-1.22415E-8
1.02892E-1	1.99238E+0	1.05361E-5	1.00002E+0	-8.89026E-9
1.03547E-1	1.99238E+0	8.17696E-6	9.99870E-1	-7.14024E-9
1.04202E-1	1.99427E+0	2.07591E-5	1.00009E+0	-5.59511E-9
1.04858E-1	1.99454E+0	1.15846E-5	9.99940E-1	-5.98734E-9
1.05513E-1	1.99373E+0	9.74972E-6	1.00008E+0	-5.09592E-9
1.06168E-1	1.99346E+0	6.73526E-6	9.99971E-1	-3.78566E-9
1.06824E-1	1.99265E+0	6.07994E-6	9.99971E-1	-3.14764E-9
1.07479E-1	1.99373E+0	8.30802E-6	1.00005E+0	-2.77111E-9
1.08134E-1	1.99319E+0	2.01037E-5	1.00000E+0	-1.62106E-9
1.08790E-1	1.99238E+0	6.07994E-6	9.99995E-1	-3.52513E-9
1.09445E-1	1.99211E+0	2.23318E-5	9.99938E-1	-8.99848E-10
1.10100E-1	1.99373E+0	9.74972E-6	9.99969E-1	-1.49175E-9
1.10756E-1	1.99454E+0	7.39058E-6	1.00006E+0	-8.08091E-10
1.11411E-1	1.99373E+0	1.35506E-5	9.99973E-1	-1.73326E-9
1.12067E-1	1.99373E+0	1.85310E-5	1.00003E+0	-1.74354E-10
1.12722E-1	1.99238E+0	8.96334E-6	1.00003E+0	-1.21838E-9
1.13377E-1	1.99508E+0	5.16250E-6	1.00001E+0	-3.41702E-10
1.14033E-1	1.99292E+0	1.06672E-5	9.99935E-1	-3.46456E-10
1.14688E-1	1.99265E+0	1.32884E-5	9.99946E-1	-6.55956E-10
1.15343E-1	1.99481E+0	9.09440E-6	1.00008E+0	-6.59760E-10
1.15999E-1	1.99184E+0	5.42462E-6	1.00000E+0	1.17109E-9
1.16654E-1	1.99265E+0	1.35506E-5	1.00001E+0	-1.22313E-9
1.17309E-1	1.99373E+0	1.05361E-5	9.99881E-1	4.36088E-10
1.17965E-1	1.99130E+0	1.70893E-5	1.00008E+0	-1.00206E-9
1.18620E-1	1.99211E+0	9.35653E-6	9.99992E-1	1.68550E-9
1.19276E-1	1.99211E+0	8.17696E-6	1.00002E+0	-5.57068E-10
1.19931E-1	1.99265E+0	9.35653E-6	1.00001E+0	3.49561E-10
1.20586E-1	1.99292E+0	1.02740E-5	9.99957E-1	3.96153E-10
1.21242E-1	1.99157E+0	7.91483E-6	1.00010E+0	6.03912E-10
1.21897E-1	1.99238E+0	1.38127E-5	9.99910E-1	1.97426E-10
1.22552E-1	1.99346E+0	8.70121E-6	1.00009E+0	1.02609E-9
1.23208E-1	1.99211E+0	8.96334E-6	9.99893E-1	9.51445E-10
1.23863E-1	1.99184E+0	1.32884E-5	1.00007E+0	8.52267E-11
1.24518E-1	1.99184E+0	8.70121E-6	1.00001E+0	1.17299E-9
1.25174E-1	1.99319E+0	1.14535E-5	9.99931E-1	1.05794E-9
1.25829E-1	1.99157E+0	8.96334E-6	9.99946E-1	2.56854E-10
1.26484E-1	1.99319E+0	8.83228E-6	1.00009E+0	5.85846E-10
1.27140E-1	1.99319E+0	9.48759E-6	1.00000E+0	2.45919E-10
1.27795E-1	1.99508E+0	7.65270E-6	9.99929E-1	1.63843E-9
1.28451E-1	1.99319E+0	1.17157E-5	1.00001E+0	7.21341E-10
1.29106E-1	1.99346E+0	9.88078E-6	1.00003E+0	8.64919E-10
1.29761E-1	1.99346E+0	1.35506E-5	1.00003E+0	1.03274E-9
1.30417E-1	1.99319E+0	1.11914E-5	9.99984E-1	-2.51847E-10
1.31072E-1	1.99265E+0	1.07982E-5	1.00003E+0	1.46633E-9
1.31727E-1	1.99400E+0	1.05361E-5	9.99959E-1	5.32599E-10
1.32383E-1	1.99184E+0	3.58973E-6	1.00001E+0	9.03428E-10
1.33038E-1	1.99238E+0	8.83228E-6	1.00002E+0	1.93319E-9
1.33693E-1	1.99238E+0	6.73526E-6	9.99999E-1	1.03940E-9
1.34349E-1	1.99319E+0	1.02740E-5	9.99992E-1	4.18973E-10
1.35004E-1	1.99319E+0	9.48759E-6	1.00002E+0	1.17489E-9
1.35660E-1	1.99319E+0	1.19778E-5	1.00001E+0	1.37790E-9
1.36315E-1	1.99238E+0	1.07982E-5	9.99976E-1	6.72373E-10
1.36970E-1	1.99238E+0	6.34207E-6	9.99995E-1	2.94888E-10
1.37626E-1	1.99238E+0	1.30263E-5	1.00000E+0	7.49867E-10
1.38281E-1	1.99238E+0	2.41016E-6	9.99973E-1	2.49704E-9
1.38936E-1	1.99238E+0	1.02740E-5	1.00000E+0	4.92188E-10
1.39592E-1	1.99292E+0	1.01429E-5	1.00004E+0	1.59327E-9
1.40247E-1	1.99265E+0	2.27910E-6	9.99980E-1	2.27853E-10
1.40902E-1	1.99265E+0	1.75485E-6	9.99986E-1	1.85475E-9
1.41558E-1	1.99211E+0	1.31574E-5	1.00005E+0	8.28787E-10
1.42213E-1	1.99157E+0	1.22399E-5	9.99910E-1	1.25999E-9
1.42868E-1	1.99211E+0	1.36816E-5	1.00003E+0	5.52091E-10
1.43524E-1	1.99157E+0	8.30802E-6	1.00008E+0	1.83858E-9
1.44179E-1	1.99373E+0	1.48612E-5	9.99946E-1	9.37658E-10
1.44835E-1	1.99265E+0	7.12845E-6	9.99935E-1	1.43638E-9
1.45490E-1	1.99157E+0	1.15846E-5	1.00002E+0	1.84524E-9
1.46145E-1	1.99265E+0	1.25021E-5	1.00007E+0	6.11519E-10
1.46801E-1	1.99265E+0	9.48759E-6	9.99963E-1	4.39416E-10
1.47456E-1	1.99130E+0	5.16250E-6	1.00004E+0	1.11356E-9
1.48111E-1	1.99077E+0	2.16765E-5	1.00001E+0	1.61133E-9
1.48767E-1	1.99184E+0	1.06672E-5	9.99967E-1	2.21844E-9
1.49422E-1	1.99184E+0	9.22547E-6	9.46375E-1	1.75308E-7
1.50077E-1	-6.87507E-3	5.55569E-6	1.00031E+0	1.71897E-7
1.50733E-1	-5.79628E-3	4.50718E-6	1.00007E+0	3.14331E-8
1.51388E-1	-6.87507E-3	1.14535E-5	1.00001E+0	2.25066E-8
1.52044E-1	-6.33567E-3	1.14535E-5	1.00015E+0	1.96279E-8
1.52699E-1	-5.52658E-3	2.80335E-6	1.00000E+0	1.55574E-8
1.53354E-1	-5.79628E-3	1.02740E-5	9.99919E-1	1.57342E-8
1.54010E-1	-6.87507E-3	9.09440E-6	1.00003E+0	1.28085E-8
1.54665E-1	-5.79628E-3	1.06672E-5	9.99992E-1	1.24120E-8
1.55320E-1	-7.41446E-3	1.48612E-5	9.99995E-1	1.04532E-8
1.55976E-1	-4.98719E-3	9.88078E-6	1.00002E+0	1.15282E-8
1.56631E-1	-6.87507E-3	7.52164E-6	9.99961E-1	9.46578E-9
1.57286E-1	-6.87507E-3	7.12845E-6	1.00008E+0	9.45437E-9
1.57942E-1	-6.33567E-3	4.63824E-6	9.99933E-1	8.72269E-9
1.58597E-1	-6.87507E-3	2.57395E-5	1.00006E+0	9.15438E-9
1.59252E-1	-5.79628E-3	1.23710E-5	9.99946E-1	8.67610E-9
1.59908E-1	-5.79628E-3	9.74972E-6	1.00004E+0	7.64729E-9
1.60563E-1	-6.87507E-3	9.09440E-6	1.00007E+0	8.33427E-9
1.61219E-1	-6.60537E-3	2.03659E-5	9.99897E-1	8.10560E-9
1.61874E-1	-4.98719E-3	6.34207E-6	1.00005E+0	7.06157E-9
1.62529E-1	-6.60537E-3	9.88078E-6	9.99935E-1	7.30118E-9
1.63185E-1	-8.76294E-3	9.61866E-6	1.00013E+0	7.80180E-9
1.63840E-1	-5.79628E-3	7.91483E-6	1.00001E+0	6.16302E-9
1.64495E-1	-6.33567E-3	1.06672E-5	9.99997E-1	7.67772E-9
1.65151E-1	-5.52658E-3	8.04589E-6	9.99916E-1	6.78440E-9
1.65806E-1	-7.14476E-3	7.65270E-6	1.00004E+0	7.54365E-9
1.66461E-1	-5.25689E-3	9.48759E-6	9.99986E-1	5.19554E-9
1.67117E-1	-6.60537E-3	5.55569E-6	9.99982E-1	6.89042E-9
1.67772E-1	-6.33567E-3	1.01429E-5	1.00005E+0	6.06651E-9
1.68428E-1	-8.22355E-3	1.32884E-5	9.99950E-1	6.40263E-9
1.69083E-1	-6.06598E-3	6.47313E-6	1.00001E+0	6.75777E-9
1.69738E-1	-6.33567E-3	9.48759E-6	9.99965E-1	6.91324E-9
1.70394E-1	-6.06598E-3	5.55569E-6	1.00003E+0	6.93273E-9
1.71049E-1	-5.79628E-3	4.37612E-6	1.00001E+0	5.76034E-9
1.71704E-1	-6.06598E-3	8.83228E-6	1.00005E+0	5.64719E-9
1.72360E-1	-5.25689E-3	1.49923E-5	9.99938E-1	6.28520E-9
1.73015E-1	-5.79628E-3	1.17157E-5	9.99999E-1	5.43420E-9
1.73670E-1	-6.06598E-3	1.05361E-5	9.99942E-1	6.74399E-9
1.74326E-1	-7.41446E-3	3.72080E-6	1.00003E+0	5.48127E-9
1.74981E-1	-7.68415E-3	8.04589E-6	9.99990E-1	6.28901E-9
1.75636E-1	-6.06598E-3	1.42059E-5	1.00008E+0	5.01107E-9
1.76292E-1	-5.52658E-3	1.00118E-5	9.99895E-1	6.97504E-9
1.76947E-1	-6.87507E-3	-1.12855E-6	1.00006E+0	4.65593E-9
1.77603E-1	-6.33567E-3	1.38127E-5	1.00002E+0	5.85542E-9
1.78258E-1	-6.60537E-3	9.09440E-6	1.00007E+0	5.73419E-9
1.78913E-1	-6.60537E-3	1.07982E-5	9.99866E-1	6.62085E-9
1.79569E-1	-6.60537E-3	8.17696E-6	1.00005E+0	5.41661E-9
1.80224E-1	-5.52658E-3	6.34207E-6	9.99948E-1	5.58871E-9
1.80879E-1	-7.41446E-3	9.74972E-6	1.00011E+0	4.78382E-9
1.81535E-1	-4.44780E-3	2.80335E-6	9.99942E-1	6.74399E-9
1.82190E-1	-6.06598E-3	1.14535E-5	1.00005E+0	4.72725E-9
1.82845E-1	-5.25689E-3	1.43369E-5	9.99910E-1	6.11690E-9
1.83501E-1	-5.79628E-3	8.57015E-6	1.00000E+0	5.44371E-9
1.84156E-1	-6.33567E-3	8.04589E-6	1.00007E+0	4.76528E-9
1.84812E-1	-6.06598E-3	1.40748E-5	9.99952E-1	5.46320E-9
1.85467E-1	-4.98719E-3	1.40748E-5	9.99997E-1	6.16255E-9
1.86122E-1	-7.14476E-3	1.22399E-5	1.00001E+0	6.01184E-9
1.86778E-1	-7.41446E-3	6.73526E-6	9.99992E-1	3.91190E-9
1.87433E-1	-6.87507E-3	8.57015E-6	9.99992E-1	5.68855E-9
1.88088E-1	-6.06598E-3	1.10604E-5	1.00003E+0	4.92550E-9
1.88744E-1	-4.44780E-3	1.14535E-5	9.99992E-1	6.81435E-9
1.89399E-1	-6.33567E-3	1.15846E-5	1.00003E+0	3.96942E-9
1.90054E-1	-5.79628E-3	1.06672E-5	1.00002E+0	6.43781E-9
1.90710E-1	-5.52658E-3	2.45599E-5	9.99988E-1	5.29870E-9
1.91365E-1	-6.33567E-3	7.39058E-6	9.99973E-1	5.33626E-9
1.92020E-1	-5.52658E-3	8.43908E-6	1.00004E+0	5.42992E-9
1.92676E-1	-4.71749E-3	1.39438E-5	9.99952E-1	4.71821E-9
1.93331E-1	-6.60537E-3	1.28952E-5	9.99992E-1	4.72439E-9
1.93987E-1	-7.14476E-3	9.09440E-6	1.00005E+0	5.05814E-9
1.94642E-1	-7.14476E-3	5.42462E-6	9.99927E-1	6.72877E-9
1.95297E-1	-5.79628E-3	5.81781E-6	1.00005E+0	5.33103E-9
1.95953E-1	-5.25689E-3	4.76931E-6	1.00004E+0	4.06546E-9
1.96608E-1	-7.14476E-3	2.27250E-5	9.99916E-1	5.81977E-9
1.97263E-1	-6.60537E-3	8.30802E-6	1.00009E+0	4.42678E-9
1.97919E-1	-6.06598E-3	9.09440E-6	1.00001E+0	5.63150E-9
1.98574E-1	-6.60537E-3	1.19778E-5	9.99891E-1	5.26352E-9
1.99229E-1	-6.06598E-3	8.30802E-6	1.00012E+0	5.13991E-9
1.99885E-1	1.99373E+0	1.11914E-5	1.05196E+0	-3.27201E-7
2.00540E-1	1.99292E+0	9.48759E-6	9.99944E-1	-2.98483E-8
2.01196E-1	1.99265E+0	8.30802E-6	9.99906E-1	-1.89996E-8
2.01851E-1	1.99535E+0	1.21089E-5	1.00001E+0	-1.21298E-8
2.02506E-1	1.99292E+0	1.13225E-5	9.99978E-1	-1.13843E-8
2.03162E-1	1.99346E+0	1.17157E-5	9.99973E-1	-7.95749E-9
2.03817E-1	1.99346E+0	1.34195E-5	1.00006E+0	-6.75657E-9
2.04472E-1	1.99184E+0	6.60420E-6	9.99978E-1	-6.97051E-9
2.05128E-1	1.99319E+0	2.37735E-5	9.99957E-1	-4.53873E-9
2.05783E-1	1.99238E+0	1.31574E-5	9.99999E-1	-3.97012E-9
2.06438E-1	1.99319E+0	1.05361E-5	1.00000E+0	-5.14964E-9
2.07094E-1	1.99184E+0	7.25951E-6	1.00002E+0	-2.98267E-9
2.07749E-1	1.99211E+0	9.74972E-6	1.00001E+0	-2.29759E-9
2.08404E-1	1.99292E+0	3.85186E-6	9.99895E-1	-3.28124E-9
2.09060E-1	1.99157E+0	9.35653E-6	1.00007E+0	-2.11978E-9
2.09715E-1	1.99373E+0	1.25021E-5	9.99961E-1	-8.31862E-10
2.10371E-1	1.99265E+0	1.42059E-5	1.00009E+0	-2.46541E-9
2.11026E-1	1.99104E+0	1.09293E-5	9.99914E-1	-1.17607E-9
2.11681E-1	1.99346E+0	6.60420E-6	1.00006E+0	-1.34294E-9
2.12337E-1	1.99535E+0	3.98293E-6	9.99929E-1	-6.69268E-10
2.12992E-1	1.99265E+0	1.21089E-5	1.00010E+0	-1.02393E-9
2.13647E-1	1.99265E+0	9.61866E-6	9.99902E-1	-1.97649E-10
2.14303E-1	1.99238E+0	2.41016E-6	1.00010E+0	-2.17018E-9
2.14958E-1	1.99238E+0	1.00118E-5	9.99942E-1	2.42591E-10
2.15613E-1	1.99238E+0	8.30802E-6	1.00001E+0	2.32132E-10
2.16269E-1	1.99211E+0	1.30263E-5	9.99990E-1	1.01391E-10
2.16924E-1	1.99050E+0	1.02740E-5	9.99976E-1	-1.56829E-9
2.17580E-1	1.99184E+0	1.25021E-5	9.99999E-1	9.91856E-10
2.18235E-1	1.99211E+0	2.67229E-6	1.00008E+0	-8.25206E-10
2.18890E-1	1.99292E+0	1.09293E-5	9.99957E-1	6.87586E-10
2.19546E-1	1.99319E+0	6.73526E-6	9.99923E-1	4.57667E-11
2.20201E-1	1.99211E+0	1.00118E-5	9.99997E-1	-5.35674E-10
2.20856E-1	1.99292E+0	9.74972E-6	1.00005E+0	4.23727E-10
2.21512E-1	1.99238E+0	1.10604E-5	9.99973E-1	5.40681E-10
2.22167E-1	1.99130E+0	4.76931E-6	1.00001E+0	-1.79108E-10
2.22822E-1	1.99211E+0	4.63824E-6	1.00002E+0	2.17869E-10
2.23478E-1	1.99292E+0	6.86632E-6	1.00002E+0	3.74283E-10
2.24133E-1	1.99238E+0	6.47313E-6	9.99957E-1	-1.97649E-10
2.24788E-1	1.99130E+0	8.83228E-6	9.99982E-1	2.09626E-9
2.25444E-1	1.99319E+0	7.65270E-6	1.00003E+0	5.16434E-10
2.26099E-1	1.99292E+0	7.78377E-6	9.99935E-1	8.76038E-11
2.26755E-1	1.99265E+0	1.25021E-5	1.00009E+0	3.02019E-10
2.27410E-1	1.99319E+0	1.31574E-5	9.99988E-1	1.01373E-9
2.28065E-1	1.99319E+0	6.07994E-6	9.99976E-1	5.63977E-10
2.28721E-1	1.99319E+0	1.30263E-5	1.00003E+0	7.67933E-10
2.29376E-1	1.99104E+0	8.57015E-6	9.99965E-1	-3.22685E-10
2.30031E-1	1.99211E+0	1.04050E-5	1.00001E+0	2.01687E-9
2.30687E-1	1.99157E+0	8.70121E-6	9.99942E-1	-6.65465E-10
2.31342E-1	1.99319E+0	6.07994E-6	1.00001E+0	1.79579E-9
2.31997E-1	1.99292E+0	1.05361E-5	1.00004E+0	-1.90043E-10
2.32653E-1	1.99238E+0	1.44680E-5	1.00005E+0	1.21483E-9
2.33308E-1	1.99157E+0	1.38127E-5	9.99878E-1	5.72059E-10
2.33964E-1	1.99265E+0	7.39058E-6	1.00009E+0	6.68094E-10
2.34619E-1	1.99319E+0	7.65270E-6	9.99948E-1	4.21825E-10
2.35274E-1	1.99184E+0	6.73526E-6	1.00006E+0	1.51767E-9
2.35930E-1	1.99292E+0	1.19778E-5	9.99957E-1	1.56236E-9
2.36585E-1	1.99346E+0	8.70121E-6	1.00006E+0	-3.26013E-10
2.37240E-1	1.99319E+0	7.78377E-6	9.99957E-1	1.89896E-9
2.37896E-1	1.99265E+0	2.40356E-5	1.00001E+0	3.54316E-10
2.38551E-1	1.99184E+0	1.14535E-5	9.99916E-1	9.02002E-10
2.39206E-1	1.99050E+0	1.44680E-5	1.00005E+0	-1.17594E-11
2.39862E-1	1.99346E+0	1.11914E-5	9.99952E-1	2.34443E-9
2.40517E-1	1.99238E+0	8.96334E-6	1.00012E+0	3.12003E-10
2.41172E-1	1.99184E+0	8.30802E-6	1.00001E+0	1.37980E-9
2.41828E-1	1.99211E+0	1.18467E-5	9.99910E-1	1.25476E-9
2.42483E-1	1.99238E+0	4.24505E-6	9.99992E-1	7.90753E-10
2.43139E-1	1.99184E+0	1.00118E-5	1.00007E+0	8.01212E-10
2.43794E-1	1.99265E+0	1.18467E-5	9.99874E-1	7.52244E-10
2.44449E-1	1.99373E+0	9.35653E-6	1.00002E+0	8.72050E-10
2.45105E-1	1.99427E+0	1.13225E-5	1.00001E+0	1.01468E-9
2.45760E-1	1.99077E+0	9.48759E-6	1.00014E+0	1.09265E-9
2.46415E-1	1.99265E+0	9.35653E-6	9.99887E-1	5.37828E-10
2.47071E-1	1.99211E+0	2.19386E-5	1.00001E+0	1.76014E-9
2.47726E-1	1.99508E+0	6.60420E-6	9.99982E-1	7.69359E-10
2.48381E-1	1.99157E+0	1.11914E-5	9.99997E-1	7.65555E-10
2.49037E-1	1.99265E+0	1.40748E-5	9.99997E-1	1.44636E-9
2.49692E-1	-4.98719E-3	1.00118E-5	9.46426E-1	3.18307E-7
2.50348E-1	-6.60537E-3	2.28561E-5	1.00033E+0	4.48866E-8
2.51003E-1	-6.87507E-3	5.55569E-6	1.00010E+0	2.53358E-8
2.51658E-1	-7.68415E-3	8.30802E-6	9.99992E-1	2.03249E-8
2.52314E-1	-6.33567E-3	1.30263E-5	9.99976E-1	1.82573E-8
2.52969E-1	-6.87507E-3	9.74972E-6	1.00007E+0	1.39181E-8
2.53624E-1	-6.87507E-3	6.07994E-6	9.99927E-1	1.42504E-8
2.54280E-1	-6.87507E-3	3.58973E-6	1.00012E+0	1.16551E-8
2.54935E-1	-6.87507E-3	8.96334E-6	9.99963E-1	1.14549E-8
2.55590E-1	-7.41446E-3	6.34207E-6	1.00004E+0	1.08745E-8
2.56246E-1	-5.25689E-3	1.68271E-5	9.99959E-1	9.76719E-9
2.56901E-1	-6.60537E-3	4.37612E-6	9.99942E-1	9.90269E-9
2.57556E-1	-7.14476E-3	5.81781E-6	9.99952E-1	8.62856E-9
2.58212E-1	-7.95385E-3	1.01429E-5	1.00005E+0	8.90240E-9
2.58867E-1	-6.87507E-3	1.30263E-5	1.00006E+0	8.60574E-9
2.59523E-1	-6.33567E-3	1.72203E-5	1.00001E+0	8.23966E-9
2.60178E-1	-7.68415E-3	7.39058E-6	9.99980E-1	7.19088E-9
2.60833E-1	-5.79628E-3	9.48759E-6	1.00006E+0	7.01926E-9
2.61489E-1	-6.87507E-3	8.83228E-6	9.99929E-1	7.88500E-9
2.62144E-1	-6.87507E-3	7.65270E-6	9.99997E-1	6.93606E-9
2.62799E-1	-6.87507E-3	1.09293E-5	9.99980E-1	6.45350E-9
2.63455E-1	-6.06598E-3	1.05361E-5	1.00009E+0	7.56266E-9
2.64110E-1	-5.25689E-3	1.04050E-5	1.00002E+0	6.41357E-9
2.64765E-1	-7.41446E-3	1.05361E-5	9.99849E-1	5.87064E-9
2.65421E-1	-7.95385E-3	8.04589E-6	1.00016E+0	6.73067E-9
2.66076E-1	-7.68415E-3	5.68675E-6	9.99923E-1	6.52529E-9
2.66732E-1	-6.60537E-3	1.11914E-5	9.99971E-1	6.51864E-9
2.67387E-1	-6.60537E-3	1.25021E-5	9.99969E-1	5.03247E-9
2.68042E-1	-6.60537E-3	6.73526E-6	1.00003E+0	7.01831E-9
2.68698E-1	-5.79628E-3	9.35653E-6	1.00003E+0	5.11995E-9
2.69353E-1	-6.33567E-3	1.02740E-5	1.00003E+0	6.09836E-9
2.70008E-1	-5.25689E-3	7.78377E-6	9.99959E-1	6.59470E-9
2.70664E-1	-5.79628E-3	1.13225E-5	1.00005E+0	4.52091E-9
2.71319E-1	-5.25689E-3	9.09440E-6	9.99952E-1	6.70358E-9
2.71974E-1	-8.22355E-3	4.37612E-6	1.00005E+0	5.50314E-9
2.72630E-1	-7.95385E-3	1.25021E-5	9.99929E-1	6.19345E-9
2.73285E-1	-5.25689E-3	1.35506E-5	1.00001E+0	4.31458E-9
2.73940E-1	-6.33567E-3	1.91863E-5	9.99973E-1	6.08172E-9
2.74596E-1	-5.52658E-3	1.45991E-5	1.00005E+0	6.03133E-9
2.75251E-1	-6.87507E-3	1.00118E-5	9.99961E-1	4.82709E-9
2.75907E-1	-6.33567E-3	3.85186E-6	1.00001E+0	6.48536E-9
2.76562E-1	-4.71749E-3	1.19778E-5	1.00009E+0	4.21664E-9
2.77217E-1	-6.60537E-3	5.42462E-6	9.99986E-1	5.73134E-9
2.77873E-1	-6.06598E-3	1.07982E-5	9.99940E-1	5.82214E-9
2.78528E-1	-5.25689E-3	1.30263E-5	1.00001E+0	4.94642E-9
2.79183E-1	-6.33567E-3	8.30802E-6	9.99967E-1	5.72373E-9
2.79839E-1	-6.06598E-3	9.22547E-6	1.00005E+0	4.74674E-9
2.80494E-1	-5.52658E-3	3.13147E-7	1.00002E+0	5.26828E-9
2.81149E-1	-5.52658E-3	4.11399E-6	9.99946E-1	4.78097E-9
2.81805E-1	-7.41446E-3	1.32884E-5	1.00011E+0	5.95811E-9
2.82460E-1	-7.95385E-3	1.01429E-5	9.99902E-1	6.17633E-9
2.83116E-1	-6.60537E-3	1.01429E-5	9.99971E-1	4.53518E-9
2.83771E-1	-5.79628E-3	6.21101E-6	1.00001E+0	4.38922E-9
2.84426E-1	-6.87507E-3	7.25951E-6	1.00005E+0	6.44542E-9
2.85082E-1	-6.33567E-3	1.11914E-5	9.99969E-1	4.21617E-9
2.85737E-1	-6.33567E-3	9.22547E-6	9.99971E-1	5.52691E-9
2.86392E-1	-5.52658E-3	5.68675E-6	1.00000E+0	4.99348E-9
2.87048E-1	-5.79628E-3	1.30263E-5	1.00008E+0	5.69330E-9
2.87703E-1	-5.25689E-3	4.76931E-6	9.99971E-1	5.30393E-9
2.88358E-1	-3.36901E-3	8.57015E-6	9.99999E-1	3.95944E-9
2.89014E-1	-5.52658E-3	1.35506E-5	9.99927E-1	5.08809E-9
2.89669E-1	-6.06598E-3	9.88078E-6	1.00001E+0	5.20837E-9
2.90324E-1	-5.79628E-3	1.10604E-5	1.00013E+0	5.14229E-9
2.90980E-1	-5.52658E-3	1.63029E-5	9.99866E-1	4.22425E-9
2.91635E-1	-6.87507E-3	8.43908E-6	1.00005E+0	5.91770E-9
2.92291E-1	-6.06598E-3	-4.01195E-6	9.99952E-1	4.07639E-9
2.92946E-1	-6.06598E-3	6.60420E-6	1.00009E+0	4.48050E-9
2.93601E-1	-5.79628E-3	5.55569E-6	9.99999E-1	5.43182E-9
2.94257E-1	-7.14476E-3	1.25021E-5	1.00003E+0	5.54545E-9
2.94912E-1	-6.33567E-3	1.38127E-5	9.99980E-1	5.07240E-9
2.95567E-1	-6.87507E-3	1.06672E-5	9.99992E-1	3.60905E-9
2.96223E-1	-5.79628E-3	8.30802E-6	9.99906E-1	6.39217E-9
2.96878E-1	-7.41446E-3	1.64340E-5	1.00010E+0	4.41062E-9
2.97533E-1	-6.06598E-3	1.02740E-5	9.99965E-1	4.78858E-9
2.98189E-1	-5.25689E-3	9.09440E-6	9.99984E-1	4.58605E-9
2.98844E-1	-7.95385E-3	1.87931E-5	1.00006E+0	5.22644E-9
2.99500E-1	-6.06598E-3	1.01429E-5	1.05367E+0	-3.06088E-7
3.00155E-1	1.99265E+0	7.39058E-6	9.99011E-1	-3.45569E-8
3.00810E-1	1.99292E+0	8.70121E-6	9.99919E-1	-2.35556E-8
3.01466E-1	1.99184E+0	8.83228E-6	1.00001E+0	-1.47712E-8
3.02121E-1	1.99373E+0	1.04050E-5	9.99893E-1	-1.19729E-8
3.02776E-1	1.99238E+0	6.99739E-6	1.00009E+0	-1.09607E-8
3.03432E-1	1.99238E+0	2.03659E-5	9.99961E-1	-6.47084E-9
3.04087E-1	1.99373E+0	7.39058E-6	1.00008E+0	-7.65797E-9
3.04742E-1	1.99535E+0	7.12845E-6	9.99874E-1	-5.76579E-9
3.05398E-1	1.99292E+0	1.22399E-5	1.00009E+0	-5.27516E-9
3.06053E-1	1.99157E+0	8.96334E-6	9.99969E-1	-3.36634E-9
3.06708E-1	1.99292E+0	9.09440E-6	9.99946E-1	-3.92020E-9
3.07364E-1	1.99292E+0	1.15846E-5	1.00003E+0	-3.13528E-9
3.08019E-1	1.99265E+0	9.09440E-6	1.00001E+0	-3.66680E-9
3.08675E-1	1.99427E+0	2.41016E-6	1.00006E+0	-1.87969E-9
3.09330E-1	1.99292E+0	1.01429E-5	9.99885E-1	-2.67222E-9
3.09985E-1	1.99319E+0	1.31574E-5	1.00005E+0	-2.45828E-9
3.10641E-1	1.99130E+0	1.28952E-5	9.99933E-1	-1.33010E-9
3.11296E-1	1.99319E+0	9.35653E-6	1.00009E+0	-4.05884E-10
3.11951E-1	1.99211E+0	1.00118E-5	9.99938E-1	-2.69932E-9
3.12607E-1	1.99319E+0	9.48759E-6	1.00008E+0	-5.68003E-10
3.13262E-1	1.99265E+0	6.73526E-6	9.99938E-1	-6.85432E-10
3.13917E-1	1.99265E+0	9.61866E-6	9.99984E-1	-7.51991E-10
3.14573E-1	1.99319E+0	1.15846E-5	1.00007E+0	-4.78148E-10
3.15228E-1	1.99130E+0	1.34195E-5	9.99982E-1	-1.09097E-9
3.15884E-1	1.99427E+0	1.36816E-5	9.99961E-1	-7.64352E-10
3.16539E-1	1.99319E+0	5.81781E-6	1.00004E+0	1.12326E-10
3.17194E-1	1.99265E+0	7.12845E-6	1.00000E+0	1.10424E-10
3.17850E-1	1.99427E+0	6.73526E-6	1.00005E+0	-8.31387E-10
3.18505E-1	1.99077E+0	9.09440E-6	9.99914E-1	9.26248E-10
3.19160E-1	1.99373E+0	6.47313E-6	9.99946E-1	-5.70856E-10
3.19816E-1	1.99319E+0	1.32884E-5	9.99997E-1	2.05693E-11
3.20471E-1	1.99238E+0	1.14535E-5	1.00004E+0	4.46072E-10
3.21126E-1	1.99265E+0	1.56476E-5	1.00006E+0	-7.07302E-10
3.21782E-1	1.99292E+0	1.22399E-5	9.99906E-1	-3.22025E-11
3.22437E-1	1.99346E+0	1.15846E-5	1.00010E+0	-3.41042E-11
3.23092E-1	1.99319E+0	9.35653E-6	9.99895E-1	6.67143E-10
3.23748E-1	1.99184E+0	9.09440E-6	1.00009E+0	4.25153E-10
3.24403E-1	1.99454E+0	8.04589E-6	9.99967E-1	1.93623E-10
3.25059E-1	1.99265E+0	1.64340E-5	9.99992E-1	-5.02686E-11
3.25714E-1	1.99346E+0	7.12845E-6	9.99992E-1	1.21816E-9
3.26369E-1	1.99400E+0	1.09293E-5	1.00004E+0	-5.50412E-10
3.27025E-1	1.99346E+0	8.96334E-6	9.99986E-1	1.70309E-9
3.27680E-1	1.99265E+0	7.91483E-6	9.99984E-1	3.79988E-10
3.28335E-1	1.99130E+0	6.60420E-6	1.00006E+0	-2.39487E-10
3.28991E-1	1.99265E+0	9.35653E-6	9.99929E-1	-2.03170E-11
3.29646E-1	1.99265E+0	7.91483E-6	1.00004E+0	1.05081E-9
3.30301E-1	1.99157E+0	1.15846E-5	9.99910E-1	2.88707E-10
3.30957E-1	1.99130E+0	7.91483E-6	1.00003E+0	2.07011E-9
3.31612E-1	1.99104E+0	2.23318E-5	9.99963E-1	3.18183E-10
3.32268E-1	1.99265E+0	7.52164E-6	1.00016E+0	-2.36634E-10
3.32923E-1	1.99292E+0	8.96334E-6	9.99857E-1	6.59536E-10
3.33578E-1	1.99265E+0	1.09293E-5	1.00007E+0	4.33895E-11
3.34234E-1	1.99184E+0	1.07982E-5	9.99948E-1	2.26266E-9
3.34889E-1	1.99265E+0	1.13225E-5	1.00011E+0	3.04872E-10
3.35544E-1	1.99319E+0	9.22547E-6	9.99857E-1	1.41451E-9
3.36200E-1	1.99427E+0	-7.55066E-6	1.00007E+0	4.86007E-10
3.36855E-1	1.99265E+0	1.36816E-5	9.99950E-1	6.43372E-10
3.37510E-1	1.99265E+0	1.18467E-5	1.00011E+0	4.08989E-10
3.38166E-1	1.99265E+0	6.73526E-6	9.99959E-1	1.31419E-9
3.38821E-1	1.99211E+0	2.23318E-5	1.00001E+0	1.09883E-9
3.39476E-1	1.99184E+0	8.83228E-6	9.99965E-1	-1.43451E-10
3.40132E-1	1.99265E+0	8.57015E-6	9.99933E-1	1.34034E-9
3.40787E-1	1.99211E+0	1.00118E-5	1.00001E+0	1.18725E-9
3.41443E-1	1.99265E+0	7.25951E-6	1.00014E+0	-4.53426E-10
3.42098E-1	1.99211E+0	1.23710E-5	9.99840E-1	1.43067E-9
3.42753E-1	1.99157E+0	7.25951E-6	1.00002E+0	1.05699E-9
3.43409E-1	1.99265E+0	8.83228E-6	1.00003E+0	1.29613E-9
3.44064E-1	1.99319E+0	1.00118E-5	1.00001E+0	1.26588E-10
3.44719E-1	1.99211E+0	7.91483E-6	9.99988E-1	1.29232E-9
3.45375E-1	1.99184E+0	-3.74982E-6	1.00005E+0	4.29141E-11
3.46030E-1	1.99157E+0	9.74972E-6	9.99929E-1	1.37552E-9
3.46685E-1	1.99373E+0	5.68675E-6	1.00005E+0	6.03912E-10
3.47341E-1	1.99265E+0	1.28952E-5	9.99986E-1	1.74065E-9
3.47996E-1	1.99292E+0	8.57015E-6	1.00000E+0	8.80608E-10
3.48652E-1	1.99211E+0	-1.65281E-6	9.99988E-1	1.06032E-9
3.49307E-1	1.99104E+0	1.06672E-5	9.64408E-1	9.22087E-8
3.49962E-1	-6.87507E-3	1.05361E-5	9.81734E-1	2.50993E-7
3.50618E-1	-6.60537E-3	8.83228E-6	9.99984E-1	3.21881E-8
3.51273E-1	-8.76294E-3	1.04050E-5	1.00004E+0	2.26174E-8
3.51928E-1	-6.87507E-3	1.68271E-5	1.00007E+0	1.82240E-8
3.52584E-1	-7.14476E-3	1.05361E-5	1.00005E+0	1.53605E-8
3.53239E-1	-6.60537E-3	9.48759E-6	9.99916E-1	1.48528E-8
3.53894E-1	-6.60537E-3	7.65270E-6	1.00011E+0	1.27310E-8
3.54550E-1	-5.52658E-3	1.13225E-5	9.99925E-1	1.16532E-8
3.55205E-1	-5.52658E-3	7.91483E-6	1.00003E+0	1.14293E-8
3.55860E-1	-7.14476E-3	1.27642E-5	1.00008E+0	1.00149E-8
3.56516E-1	-7.14476E-3	-2.43919E-6	9.99923E-1	9.44296E-9
3.57171E-1	-3.63871E-3	8.70121E-6	1.00005E+0	7.56979E-9
3.57827E-1	-6.33567E-3	1.42059E-5	9.99995E-1	9.23520E-9
3.58482E-1	-7.14476E-3	7.78377E-6	9.99982E-1	9.26943E-9
3.59137E-1	-6.60537E-3	1.13225E-5	1.00003E+0	6.78345E-9
3.59793E-1	-4.98719E-3	9.61866E-6	1.00002E+0	8.02287E-9
3.60448E-1	-6.06598E-3	1.66961E-5	9.99954E-1	7.00262E-9
3.61103E-1	-6.06598E-3	1.19778E-5	1.00000E+0	6.84810E-9
3.61759E-1	-6.60537E-3	1.52544E-5	9.99948E-1	7.26743E-9
3.62414E-1	-7.68415E-3	1.22399E-5	1.00011E+0	7.08201E-9
3.63069E-1	-8.76294E-3	1.39438E-5	9.99870E-1	6.36603E-9
3.63725E-1	-7.95385E-3	8.04589E-6	1.00011E+0	6.65984E-9
3.64380E-1	-5.25689E-3	1.06672E-5	1.00002E+0	5.91485E-9
3.65036E-1	-5.52658E-3	9.48759E-6	9.99957E-1	6.04512E-9
3.65691E-1	-4.98719E-3	1.65650E-5	1.00000E+0	7.54032E-9
3.66346E-1	-6.33567E-3	1.18467E-5	9.99914E-1	4.54421E-9
3.67002E-1	-7.41446E-3	1.32884E-5	1.00005E+0	7.14952E-9
3.67657E-1	-5.52658E-3	1.06672E-5	9.99976E-1	5.74655E-9
3.68312E-1	-6.33567E-3	1.53855E-5	1.00004E+0	6.17158E-9
3.68968E-1	-6.33567E-3	1.17157E-5	1.00008E+0	4.47195E-9
3.69623E-1	-5.25689E-3	1.05361E-5	9.99872E-1	6.04274E-9
3.70278E-1	-7.68415E-3	4.90037E-6	9.99967E-1	5.55591E-9
3.70934E-1	-7.14476E-3	7.52164E-6	1.00006E+0	6.13259E-9
3.71589E-1	-5.52658E-3	1.34195E-5	1.00012E+0	4.90410E-9
3.72244E-1	-5.79628E-3	1.13225E-5	9.99984E-1	5.44038E-9
3.72900E-1	-4.98719E-3	9.09440E-6	9.99893E-1	5.16416E-9
3.73555E-1	-6.87507E-3	7.39058E-6	1.00011E+0	5.67239E-9
3.74211E-1	-6.33567E-3	4.24505E-6	9.99874E-1	4.74484E-9
3.74866E-1	-5.25689E-3	1.36816E-5	1.00002E+0	6.38172E-9
3.75521E-1	-6.60537E-3	8.96334E-6	1.00002E+0	5.62104E-9
3.76177E-1	-6.60537E-3	1.75485E-6	1.00007E+0	4.22568E-9
3.76832E-1	-8.22355E-3	1.00118E-5	9.99946E-1	5.21978E-9
3.77487E-1	-5.79628E-3	9.48759E-6	1.00003E+0	4.38257E-9
3.78143E-1	-4.17810E-3	1.34195E-5	1.00001E+0	6.03085E-9
3.78798E-1	-7.14476E-3	1.42059E-5	9.99984E-1	5.16083E-9
3.79453E-1	-7.41446E-3	1.01429E-5	1.00002E+0	5.79219E-9
3.80109E-1	-4.98719E-3	6.47313E-6	9.99976E-1	5.15750E-9
3.80764E-1	-6.33567E-3	8.04589E-6	9.99971E-1	4.98825E-9
3.81420E-1	-6.33567E-3	8.04589E-6	9.99946E-1	4.71156E-9
3.82075E-1	-5.79628E-3	1.09293E-5	1.00014E+0	4.47195E-9
3.82730E-1	-6.60537E-3	6.60420E-6	9.99887E-1	5.61248E-9
3.83386E-1	-5.25689E-3	8.43908E-6	1.00004E+0	4.61457E-9
3.84041E-1	-7.95385E-3	1.09293E-5	1.00001E+0	5.66478E-9
3.84696E-1	-6.06598E-3	1.48612E-5	9.99986E-1	4.86655E-9
3.85352E-1	-6.33567E-3	9.35653E-6	9.99940E-1	4.29366E-9
3.86007E-1	-6.33567E-3	1.04050E-5	1.00005E+0	4.62313E-9
3.86662E-1	-8.22355E-3	1.15846E-5	1.00000E+0	4.87891E-9
3.87318E-1	-5.79628E-3	1.00118E-5	9.99946E-1	5.92531E-9
3.87973E-1	-4.17810E-3	7.25951E-6	1.00007E+0	5.03199E-9
3.88628E-1	-5.79628E-3	1.06672E-5	1.00001E+0	3.72363E-9
3.89284E-1	-4.98719E-3	8.17696E-6	1.00001E+0	4.67685E-9
3.89939E-1	-5.52658E-3	1.05361E-5	9.99933E-1	6.56190E-9
3.90595E-1	-6.60537E-3	4.76931E-6	9.99984E-1	3.65992E-9
3.91250E-1	-6.87507E-3	1.06672E-5	9.99992E-1	5.33103E-9
3.91905E-1	-6.60537E-3	1.34195E-5	1.00004E+0	4.83659E-9
3.92561E-1	-7.68415E-3	6.99739E-6	9.99942E-1	4.50237E-9
3.93216E-1	-6.33567E-3	1.07982E-5	1.00012E+0	4.52900E-9
3.93871E-1	-7.68415E-3	8.96334E-6	9.99963E-1	5.09332E-9
3.94527E-1	-4.44780E-3	9.22547E-6	1.00009E+0	4.66211E-9
3.95182E-1	-5.79628E-3	1.21089E-5	9.99864E-1	5.22787E-9
3.95837E-1	-6.06598E-3	9.61866E-6	1.00001E+0	3.26532E-9
3.96493E-1	-7.14476E-3	7.39058E-6	1.00001E+0	5.46225E-9
3.97148E-1	-6.60537E-3	7.52164E-6	1.00003E+0	4.53423E-9
3.97804E-1	-5.52658E-3	1.69582E-5	1.00005E+0	5.01773E-9
3.98459E-1	-5.52658E-3	1.15846E-5	9.99942E-1	3.56532E-9
3.99114E-1	-6.33567E-3	1.62378E-6	1.00007E+0	5.62389E-9
3.99770E-1	1.99481E+0	7.12845E-6	1.05255E+0	-3.24192E-7
4.00425E-1	1.99265E+0	1.10604E-5	9.99925E-1	-3.11315E-8
4.01080E-1	1.99427E+0	1.51233E-5	9.99995E-1	-1.86645E-8
4.01736E-1	1.99373E+0	1.15846E-5	9.99978E-1	-1.37572E-8
4.02391E-1	1.99346E+0	1.11914E-5	9.99914E-1	-1.10620E-8
4.03046E-1	1.99238E+0	1.02740E-5	1.00011E+0	-9.61195E-9
4.03702E-1	1.99346E+0	5.94888E-6	9.99830E-1	-7.93039E-9
4.04357E-1	1.99346E+0	9.88078E-6	1.00014E+0	-5.72491E-9
4.05012E-1	1.99373E+0	8.96334E-6	9.99927E-1	-6.18274E-9
4.05668E-1	1.99265E+0	5.94888E-6	9.99971E-1	-3.84984E-9
4.06323E-1	1.99292E+0	1.07982E-5	1.00001E+0	-4.30815E-9
4.06979E-1	1.99157E+0	6.47313E-6	1.00005E+0	-3.06016E-9
4.07634E-1	1.99373E+0	2.03659E-5	9.99897E-1	-3.77615E-9
4.08289E-1	1.99157E+0	3.13147E-7	1.00010E+0	-2.32136E-9
4.08945E-1	1.99346E+0	1.09953E-6	9.99965E-1	-2.75304E-9
4.09600E-1	1.99346E+0	7.25951E-6	1.00003E+0	-2.87427E-9
4.10255E-1	1.99265E+0	9.22547E-6	9.99923E-1	-1.62296E-9
4.10911E-1	1.99400E+0	2.67229E-6	1.00011E+0	-1.97478E-9
4.11566E-1	1.99238E+0	1.42059E-5	1.00001E+0	-6.79252E-10
4.12221E-1	1.99346E+0	1.07982E-5	9.99881E-1	-2.07081E-9
4.12877E-1	1.99238E+0	8.83228E-6	1.00012E+0	-6.12693E-10
4.13532E-1	1.99265E+0	1.02740E-5	9.99992E-1	-1.52788E-9
4.14188E-1	1.99184E+0	1.06672E-5	9.99923E-1	-2.86078E-10
4.14843E-1	1.99292E+0	8.30802E-6	9.99965E-1	-9.67358E-10
4.15498E-1	1.99373E+0	9.74972E-6	1.00007E+0	-9.37881E-10
4.16154E-1	1.99211E+0	6.73526E-6	9.99904E-1	-3.54063E-10
4.16809E-1	1.99319E+0	1.82084E-7	1.00004E+0	-3.34571E-10
4.17464E-1	1.99319E+0	1.64340E-5	9.99971E-1	-3.22210E-10
4.18120E-1	1.99346E+0	1.09293E-5	1.00015E+0	-3.87343E-10
4.18775E-1	1.99373E+0	1.01429E-5	9.99923E-1	1.68901E-10
4.19430E-1	1.99427E+0	8.57015E-6	1.00007E+0	-1.80534E-10
4.20086E-1	1.99130E+0	8.96334E-6	9.99923E-1	2.70641E-10
4.20741E-1	1.99238E+0	1.21089E-5	9.99946E-1	-4.07786E-10
4.21396E-1	1.99319E+0	1.26331E-5	1.00009E+0	2.53051E-10
4.22052E-1	1.99184E+0	7.91483E-6	9.99940E-1	-4.32508E-10
4.22707E-1	1.99292E+0	1.32884E-5	1.00010E+0	2.65412E-10
4.23363E-1	1.99265E+0	1.02740E-5	9.99986E-1	8.24032E-10
4.24018E-1	1.99265E+0	1.00118E-5	1.00003E+0	-4.90509E-10
4.24673E-1	1.99319E+0	1.28952E-5	9.99872E-1	7.96933E-10
4.25329E-1	1.99373E+0	7.65270E-6	1.00010E+0	-4.73870E-10
4.25984E-1	1.99211E+0	9.88078E-6	9.99944E-1	1.33083E-9
4.26639E-1	1.99292E+0	8.43908E-6	1.00002E+0	-1.40617E-9
4.27295E-1	1.99292E+0	1.34195E-5	9.99965E-1	2.03921E-9
4.27950E-1	1.99157E+0	1.30263E-5	1.00005E+0	-7.35827E-10
4.28605E-1	1.99211E+0	1.14535E-5	9.99904E-1	1.00422E-9
4.29261E-1	1.99292E+0	1.09293E-5	1.00007E+0	5.47812E-10
4.29916E-1	1.99238E+0	9.48759E-6	9.99921E-1	5.88699E-10
4.30572E-1	1.99265E+0	1.04050E-5	1.00010E+0	-9.35320E-11
4.31227E-1	1.99238E+0	6.86632E-6	9.99942E-1	1.18630E-9
4.31882E-1	1.99346E+0	7.25951E-6	1.00006E+0	-9.95407E-10
4.32538E-1	1.99319E+0	8.43908E-6	1.00004E+0	1.97170E-9
4.33193E-1	1.99481E+0	6.73526E-6	9.99952E-1	3.89021E-10
4.33848E-1	1.99373E+0	2.57395E-5	1.00002E+0	8.86788E-10
4.34504E-1	1.99265E+0	9.48759E-6	9.99959E-1	6.59536E-10
4.35159E-1	1.99319E+0	1.47301E-5	9.99950E-1	5.53517E-10
4.35814E-1	1.99104E+0	7.12845E-6	1.00005E+0	1.37999E-10
4.36470E-1	1.99157E+0	1.17157E-5	1.00008E+0	9.67134E-10
4.37125E-1	1.99211E+0	1.87931E-5	1.00002E+0	6.03912E-10
4.37780E-1	1.99346E+0	7.12845E-6	1.00000E+0	3.72857E-10
4.38436E-1	1.99319E+0	8.96334E-6	9.99883E-1	1.64746E-9
4.39091E-1	1.99211E+0	6.86632E-6	1.00003E+0	-6.81629E-10
4.39747E-1	1.99238E+0	5.55569E-6	9.99952E-1	1.42164E-9
4.40402E-1	1.99184E+0	5.94888E-6	1.00005E+0	6.79504E-10
4.41057E-1	1.99346E+0	9.22547E-6	9.99959E-1	1.52290E-9
4.41713E-1	1.99292E+0	4.90037E-6	1.00002E+0	-2.96062E-10
4.42368E-1	1.99373E+0	7.52164E-6	9.99986E-1	1.77963E-9
4.43023E-1	1.99319E+0	1.53855E-5	9.99990E-1	5.98682E-10
4.43679E-1	1.99211E+0	1.10604E-5	1.00008E+0	1.74131E-10
4.44334E-1	1.99211E+0	8.83228E-6	9.99967E-1	8.34016E-10
4.44989E-1	1.99157E+0	1.19778E-5	1.00003E+0	9.05330E-10
4.45645E-1	1.99184E+0	1.04050E-5	9.99862E-1	7.42260E-10
4.46300E-1	1.99238E+0	6.86632E-6	1.00014E+0	9.76643E-10
4.46956E-1	1.99238E+0	1.02740E-5	9.99895E-1	5.53042E-10
4.47611E-1	1.99265E+0	1.68271E-5	1.00009E+0	3.24839E-10
4.48266E-1	1.99157E+0	9.22547E-6	9.99881E-1	1.27901E-9
4.48922E-1	1.99184E+0	1.23710E-5	1.00015E+0	9.92807E-10
4.49577E-1	-8.76294E-3	9.61866E-6	9.46891E-1	3.13307E-7
4.50232E-1	-7.68415E-3	8.96334E-6	1.00003E+0	4.56178E-8
4.50888E-1	-8.49324E-3	5.29356E-6	1.00003E+0	2.72927E-8
4.51543E-1	-6.87507E-3	1.04050E-5	1.00005E+0	2.09415E-8
4.52198E-1	-4.71749E-3	2.32493E-5	9.99982E-1	1.75617E-8
4.52854E-1	-6.87507E-3	1.14535E-5	1.00012E+0	1.36614E-8
4.53509E-1	-6.87507E-3	8.04589E-6	1.00003E+0	1.39604E-8
4.54164E-1	-6.87507E-3	1.17157E-5	1.00003E+0	1.14345E-8
4.54820E-1	-7.14476E-3	8.83228E-6	9.99931E-1	1.18595E-8
4.55475E-1	-6.87507E-3	9.74972E-6	9.99957E-1	1.02754E-8
4.56131E-1	-6.06598E-3	7.78377E-6	1.00009E+0	9.42774E-9
4.56786E-1	-6.60537E-3	3.19654E-6	9.99931E-1	9.59794E-9
4.57441E-1	-6.60537E-3	6.60420E-6	1.00002E+0	8.64187E-9
4.58097E-1	-5.25689E-3	8.04589E-6	9.99925E-1	7.57788E-9
4.58752E-1	-7.41446E-3	5.68675E-6	1.00006E+0	8.32286E-9
4.59407E-1	-8.49324E-3	1.22399E-5	9.99986E-1	7.75188E-9
4.60063E-1	-6.87507E-3	8.57015E-6	1.00010E+0	6.77822E-9
4.60718E-1	-6.06598E-3	8.70121E-6	9.99942E-1	7.90307E-9
4.61373E-1	-6.33567E-3	9.61866E-6	1.00003E+0	5.80313E-9
4.62029E-1	-6.33567E-3	1.87931E-5	9.99927E-1	7.64586E-9
4.62684E-1	-6.33567E-3	1.22399E-5	9.99992E-1	5.57825E-9
4.63340E-1	-5.52658E-3	5.75274E-7	1.00004E+0	6.31753E-9
4.63995E-1	-6.06598E-3	2.29871E-5	9.99912E-1	6.27712E-9
4.64650E-1	-6.33567E-3	1.48612E-5	1.00014E+0	6.57046E-9
4.65306E-1	-6.87507E-3	1.02740E-5	1.00003E+0	6.33703E-9
4.65961E-1	-5.79628E-3	1.38127E-5	9.99876E-1	5.97856E-9
4.66616E-1	-7.14476E-3	8.96334E-6	1.00002E+0	5.66098E-9
4.67272E-1	-7.41446E-3	1.14535E-5	1.00002E+0	6.60231E-9
4.67927E-1	-8.22355E-3	4.11399E-6	9.99919E-1	4.86132E-9
4.68582E-1	-7.95385E-3	1.56476E-5	1.00009E+0	6.18489E-9
4.69238E-1	-6.87507E-3	1.80067E-5	9.99933E-1	5.36859E-9
4.69893E-1	-6.06598E-3	6.07994E-6	1.00004E+0	4.54991E-9
4.70548E-1	-4.98719E-3	8.96334E-6	1.00005E+0	6.31230E-9
4.71204E-1	-6.87507E-3	8.30802E-6	1.00003E+0	4.99491E-9
4.71859E-1	-7.68415E-3	1.02740E-5	9.99990E-1	4.83136E-9
4.72515E-1	-5.79628E-3	1.09293E-5	9.99929E-1	5.46748E-9
4.73170E-1	-6.33567E-3	8.83228E-6	1.00002E+0	5.28159E-9
4.73825E-1	-6.87507E-3	7.91483E-6	9.99963E-1	5.31297E-9
4.74481E-1	-6.60537E-3	6.47313E-6	1.00008E+0	5.30013E-9
4.75136E-1	-3.63871E-3	9.61866E-6	9.99885E-1	5.44513E-9
4.75791E-1	-7.95385E-3	1.10604E-5	1.00007E+0	5.84544E-9
4.76447E-1	-6.06598E-3	6.99739E-6	9.99976E-1	4.20571E-9
4.77102E-1	-5.52658E-3	7.78377E-6	1.00008E+0	5.89964E-9
4.77757E-1	-7.95385E-3	1.04050E-5	9.99895E-1	4.37924E-9
4.78413E-1	-6.87507E-3	1.19778E-5	1.00014E+0	5.39046E-9
4.79068E-1	-6.87507E-3	6.73526E-6	9.99938E-1	5.03484E-9
4.79724E-1	-8.76294E-3	1.55165E-5	1.00002E+0	4.12394E-9
4.80379E-1	-6.06598E-3	1.28952E-5	9.99935E-1	4.69920E-9
4.81034E-1	-5.79628E-3	1.00118E-5	1.00008E+0	5.13136E-9
4.81690E-1	-7.14476E-3	1.02740E-5	9.99931E-1	5.93862E-9
4.82345E-1	-5.25689E-3	1.01429E-5	9.99984E-1	3.72601E-9
4.83000E-1	-6.60537E-3	9.09440E-6	1.00003E+0	5.02011E-9
4.83656E-1	-4.71749E-3	7.91483E-6	9.99959E-1	5.56304E-9
4.84311E-1	-4.71749E-3	1.21089E-5	1.00007E+0	3.58005E-9
4.84966E-1	-6.06598E-3	6.34207E-6	9.99976E-1	6.32371E-9
4.85622E-1	-5.79628E-3	2.14804E-6	1.00000E+0	3.60620E-9
4.86277E-1	-5.79628E-3	1.87931E-5	9.99984E-1	5.09142E-9
4.86932E-1	-7.14476E-3	5.10203E-8	1.00011E+0	4.83089E-9
4.87588E-1	-5.79628E-3	9.61866E-6	9.99902E-1	4.09684E-9
4.88243E-1	-8.22355E-3	1.39438E-5	1.00001E+0	5.15180E-9
4.88899E-1	-6.60537E-3	8.70121E-6	9.99986E-1	4.89887E-9
4.89554E-1	-4.98719E-3	6.60420E-6	1.00008E+0	4.88033E-9
4.90209E-1	-4.17810E-3	7.25951E-6	9.99948E-1	4.78430E-9
4.90865E-1	-6.33567E-3	4.90037E-6	9.99992E-1	5.52833E-9
4.91520E-1	-4.98719E-3	1.47301E-5	1.00003E+0	3.11366E-9
4.92175E-1	-6.06598E-3	7.39058E-6	9.99976E-1	5.92483E-9
4.92831E-1	-6.87507E-3	9.22547E-6	1.00003E+0	4.77954E-9
4.93486E-1	-6.33567E-3	9.74972E-6	1.00003E+0	4.14628E-9
4.94141E-1	-6.60537E-3	8.43908E-6	9.99929E-1	3.85532E-9
4.94797E-1	-6.06598E-3	1.27642E-5	1.00000E+0	5.32961E-9
4.95452E-1	-6.87507E-3	1.21089E-5	1.00001E+0	4.28796E-9
4.96108E-1	-5.79628E-3	2.46910E-5	1.00009E+0	4.70348E-9
4.96763E-1	-5.79628E-3	6.34207E-6	9.99826E-1	4.93120E-9
4.97418E-1	-6.60537E-3	1.07982E-5	1.00003E+0	4.63121E-9
4.98074E-1	-6.33567E-3	8.43908E-6	1.00011E+0	4.65070E-9
4.98729E-1	-4.98719E-3	1.17157E-5	9.99900E-1	3.83821E-9
4.99384E-1	-7.68415E-3	1.06672E-5	1.05725E+0	-2.66687E-7
5.00040E-1	1.99238E+0	7.39058E-6	9.95241E-1	-7.23710E-8
5.00695E-1	1.99319E+0	9.74972E-6	9.99948E-1	-2.32356E-8
5.01350E-1	1.99319E+0	7.78377E-6	9.99959E-1	-1.67813E-8
5.02006E-1	1.99157E+0	1.25021E-5	1.00004E+0	-1.15117E-8
5.02661E-1	1.99454E+0	9.74972E-6	9.99978E-1	-1.10230E-8
5.03316E-1	1.99265E+0	1.07982E-5	9.99961E-1	-8.43671E-9
5.03972E-1	1.99211E+0	1.04050E-5	1.00010E+0	-6.83026E-9
5.04627E-1	1.99130E+0	8.83228E-6	9.99885E-1	-5.63648E-9
5.05283E-1	1.99265E+0	1.14535E-5	9.99990E-1	-6.03868E-9
5.05938E-1	1.99292E+0	1.17157E-5	1.00008E+0	-4.05808E-9
5.06593E-1	1.99265E+0	1.05361E-5	9.99957E-1	-4.51115E-9
5.07249E-1	1.99265E+0	1.06672E-5	9.99961E-1	-2.68506E-9
5.07904E-1	1.99184E+0	1.19778E-5	1.00003E+0	-3.39962E-9
5.08559E-1	1.99130E+0	9.74972E-6	9.99982E-1	-2.77301E-9
5.09215E-1	1.99211E+0	1.18467E-5	1.00002E+0	-1.70949E-9
5.09870E-1	1.99184E+0	1.02740E-5	9.99971E-1	-2.60328E-9
5.10525E-1	1.99292E+0	6.99739E-6	1.00005E+0	-1.63675E-9
5.11181E-1	1.99427E+0	1.10604E-5	1.00007E+0	-1.96812E-9
5.11836E-1	1.99373E+0	1.17157E-5	9.99868E-1	-1.20079E-9
5.12492E-1	1.99292E+0	3.06548E-6	1.00002E+0	-1.42804E-9
5.13147E-1	1.99265E+0	1.65650E-5	9.99986E-1	-1.04580E-9
5.13802E-1	1.99265E+0	6.60420E-6	1.00007E+0	-1.19889E-9
5.14458E-1	1.99265E+0	9.09440E-6	1.00000E+0	-1.44991E-9
5.15113E-1	1.99454E+0	6.86632E-6	1.00003E+0	-6.38841E-10
5.15768E-1	1.99211E+0	8.57015E-6	9.99864E-1	-5.94151E-10
5.16424E-1	1.99211E+0	8.43908E-6	1.00005E+0	-1.40123E-10
5.17079E-1	1.99346E+0	7.65270E-6	1.00005E+0	-2.44716E-10
5.17734E-1	1.99319E+0	9.35653E-6	9.99978E-1	-1.52978E-9
5.18390E-1	1.99562E+0	1.63029E-5	9.99931E-1	2.74920E-10
5.19045E-1	1.99238E+0	3.85186E-6	1.00007E+0	-6.27906E-10
5.19700E-1	1.99265E+0	1.78757E-5	9.99935E-1	4.77925E-10
5.20356E-1	1.99292E+0	7.52164E-6	1.00007E+0	-6.35513E-10
5.21011E-1	1.99319E+0	6.99739E-6	9.99997E-1	1.11214E-9
5.21667E-1	1.99292E+0	1.01429E-5	1.00005E+0	-1.24643E-9
5.22322E-1	1.99319E+0	1.04050E-5	9.99971E-1	6.42421E-10
5.22977E-1	1.99319E+0	9.88078E-6	1.00003E+0	5.97256E-10
5.23633E-1	1.99265E+0	2.54123E-6	9.99988E-1	-1.18254E-10
5.24288E-1	1.99211E+0	2.61327E-5	9.99944E-1	-5.29969E-10
5.24943E-1	1.99292E+0	1.15846E-5	1.00003E+0	4.88036E-12
5.25599E-1	1.99292E+0	8.83228E-6	9.99982E-1	1.49884E-10
5.26254E-1	1.99292E+0	9.88078E-6	1.00000E+0	1.39596E-9
5.26909E-1	1.99184E+0	9.35653E-6	9.99999E-1	2.86515E-11
5.27565E-1	1.99184E+0	6.99739E-6	1.00007E+0	-1.12549E-10
5.28220E-1	1.99104E+0	1.31574E-5	9.99933E-1	3.33397E-10
5.28876E-1	1.99292E+0	1.04050E-5	1.00004E+0	2.22148E-10
5.29531E-1	1.99373E+0	7.91483E-6	9.99946E-1	3.23888E-10
5.30186E-1	1.99319E+0	6.99739E-6	1.00002E+0	1.04843E-9
5.30842E-1	1.99265E+0	6.86632E-6	9.99986E-1	-7.20614E-10
5.31497E-1	1.99265E+0	1.17157E-5	1.00005E+0	2.01592E-9
5.32152E-1	1.99211E+0	1.09293E-5	9.99902E-1	-4.71492E-10
5.32808E-1	1.99373E+0	9.22547E-6	1.00006E+0	8.90116E-10
5.33463E-1	1.99319E+0	1.04050E-5	1.00002E+0	-3.21735E-10
5.34118E-1	1.99265E+0	1.10604E-5	1.00004E+0	1.65935E-9
5.34774E-1	1.99481E+0	4.90037E-6	9.99959E-1	2.37362E-10
5.35429E-1	1.99427E+0	1.05361E-5	1.00002E+0	1.56540E-10
5.36084E-1	1.99373E+0	1.14535E-5	9.99952E-1	2.99167E-10
5.36740E-1	1.99292E+0	1.94484E-5	1.00007E+0	3.37200E-10
5.37395E-1	1.99319E+0	1.43369E-5	9.99891E-1	1.43400E-9
5.38051E-1	1.99211E+0	1.01429E-5	1.00004E+0	1.25857E-9
5.38706E-1	1.99238E+0	9.74972E-6	9.99957E-1	-8.59252E-11
5.39361E-1	1.99184E+0	7.12845E-6	1.00000E+0	7.99970E-11
5.40017E-1	1.99265E+0	8.17696E-6	9.99980E-1	1.24811E-9
5.40672E-1	1.99211E+0	2.36425E-5	1.00004E+0	1.33720E-10
5.41327E-1	1.99238E+0	7.39058E-6	1.00005E+0	1.96362E-9
5.41983E-1	1.99292E+0	1.75485E-6	9.99908E-1	-4.00655E-10
5.42638E-1	1.99157E+0	1.11914E-5	1.00013E+0	7.96458E-10
5.43293E-1	1.99346E+0	2.67229E-6	9.99927E-1	1.54002E-9
5.43949E-1	1.99373E+0	7.25951E-6	1.00001E+0	8.92018E-10
5.44604E-1	1.99292E+0	1.52544E-5	9.99997E-1	-9.75440E-10
5.45260E-1	1.99130E+0	1.14535E-5	1.00005E+0	1.24240E-9
5.45915E-1	1.99292E+0	1.00118E-5	9.99980E-1	5.31648E-10
5.46570E-1	1.99211E+0	1.21089E-5	9.99906E-1	1.26427E-9
5.47226E-1	1.99346E+0	5.68675E-6	1.00004E+0	4.69368E-10
5.47881E-1	1.99184E+0	7.91483E-6	1.00003E+0	1.52908E-9
5.48536E-1	1.99157E+0	8.83228E-6	1.00007E+0	-3.49277E-13
5.49192E-1	1.99319E+0	8.57015E-6	9.95216E-1	1.12719E-8
5.49847E-1	-6.06598E-3	1.05361E-5	9.51475E-1	3.28458E-7
5.50502E-1	-6.60537E-3	8.57015E-6	1.00015E+0	3.38174E-8
5.51158E-1	-7.41446E-3	1.22399E-5	1.00007E+0	2.26839E-8
5.51813E-1	-6.87507E-3	1.26331E-5	1.00004E+0	1.91986E-8
5.52468E-1	-5.52658E-3	7.78377E-6	1.00003E+0	1.57394E-8
5.53124E-1	-5.25689E-3	1.13225E-5	1.00001E+0	1.39870E-8
5.53779E-1	-6.87507E-3	9.09440E-6	9.99944E-1	1.26825E-8
5.54435E-1	-6.06598E-3	8.96334E-6	1.00009E+0	1.10860E-8
5.55090E-1	-6.87507E-3	8.04589E-6	9.99914E-1	1.13394E-8
5.55745E-1	-5.79628E-3	1.09293E-5	1.00002E+0	9.14344E-9
5.56401E-1	-6.87507E-3	6.99739E-6	1.00002E+0	9.82234E-9
5.57056E-1	-6.06598E-3	2.99335E-5	1.00004E+0	7.79990E-9
5.57711E-1	-6.33567E-3	6.21101E-6	9.99944E-1	1.01209E-8
5.58367E-1	-7.68415E-3	1.82688E-5	9.99971E-1	8.22635E-9
5.59022E-1	-5.79628E-3	1.22399E-5	1.00009E+0	7.23510E-9
5.59677E-1	-6.60537E-3	1.89242E-5	9.99910E-1	7.04208E-9
5.60333E-1	-5.79628E-3	1.28952E-5	1.00001E+0	7.46092E-9
5.60988E-1	-6.87507E-3	8.04589E-6	9.99986E-1	6.22245E-9
5.61644E-1	-7.68415E-3	8.57015E-6	1.00009E+0	6.50295E-9
5.62299E-1	-6.60537E-3	1.14535E-5	9.99959E-1	6.73590E-9
5.62954E-1	-6.06598E-3	1.02740E-5	9.99995E-1	7.65537E-9
5.63610E-1	-6.60537E-3	1.25021E-5	1.00007E+0	5.05339E-9
5.64265E-1	-7.14476E-3	1.43369E-5	9.99914E-1	6.74066E-9
5.64920E-1	-6.06598E-3	1.60408E-5	1.00002E+0	5.22739E-9
5.65576E-1	-6.06598E-3	1.09293E-5	1.00003E+0	5.73371E-9
5.66231E-1	-5.79628E-3	1.30263E-5	9.99978E-1	7.34777E-9
5.66886E-1	-6.60537E-3	2.08901E-5	1.00004E+0	4.41299E-9
5.67542E-1	-5.52658E-3	1.00118E-5	9.99954E-1	6.72877E-9
5.68197E-1	-6.06598E-3	7.12845E-6	1.00008E+0	4.63597E-9
5.68852E-1	-5.79628E-3	9.48759E-6	9.99897E-1	5.97333E-9
5.69508E-1	-6.33567E-3	1.05361E-5	9.99999E-1	6.01944E-9
5.70163E-1	-6.06598E-3	9.68465E-7	1.00002E+0	5.47936E-9
5.70819E-1	-5.52658E-3	1.02740E-5	9.99986E-1	4.29271E-9
5.71474E-1	-6.06598E-3	7.91483E-6	1.00003E+0	6.41262E-9
5.72129E-1	-6.33567E-3	5.42462E-6	9.99954E-1	3.97656E-9
5.72785E-1	-5.79628E-3	1.09293E-5	1.00011E+0	5.51882E-9
5.73440E-1	-6.06598E-3	8.57015E-6	9.99845E-1	5.17129E-9
5.74095E-1	-6.60537E-3	-3.09450E-6	1.00017E+0	5.12993E-9
5.74751E-1	-8.49324E-3	1.09293E-5	9.99874E-1	4.51616E-9
5.75406E-1	-6.60537E-3	9.88078E-6	1.00010E+0	5.22977E-9
5.76061E-1	-6.06598E-3	8.83228E-6	9.99940E-1	5.49458E-9
5.76717E-1	-7.41446E-3	1.40748E-5	9.99978E-1	4.82328E-9
5.77372E-1	-6.33567E-3	8.70121E-6	1.00003E+0	4.40776E-9
5.78028E-1	-9.03264E-3	1.80067E-5	9.99940E-1	4.82328E-9
5.78683E-1	-7.14476E-3	1.11914E-5	1.00004E+0	4.53755E-9
5.79338E-1	-7.14476E-3	9.88078E-6	1.00003E+0	6.43496E-9
5.79994E-1	-6.33567E-3	9.09440E-6	9.99948E-1	3.99034E-9
5.80649E-1	-8.76294E-3	1.23710E-5	1.00005E+0	4.67305E-9
5.81304E-1	-7.14476E-3	9.09440E-6	9.99990E-1	4.11300E-9
5.81960E-1	-6.87507E-3	1.15846E-5	9.99957E-1	5.94052E-9
5.82615E-1	-7.68415E-3	1.43369E-5	9.99990E-1	4.72677E-9
5.83270E-1	-6.06598E-3	7.12845E-6	1.00004E+0	4.22425E-9
5.83926E-1	-5.52658E-3	1.43369E-5	9.99976E-1	5.05957E-9
5.84581E-1	-6.60537E-3	1.02740E-5	1.00006E+0	4.36545E-9
5.85236E-1	-6.87507E-3	7.78377E-6	1.00001E+0	4.43486E-9
5.85892E-1	-6.33567E-3	9.88078E-6	9.99908E-1	4.63074E-9
5.86547E-1	-5.79628E-3	2.02348E-5	1.00000E+0	5.72278E-9
5.87203E-1	-6.60537E-3	7.52164E-6	1.00001E+0	3.88195E-9
5.87858E-1	-7.14476E-3	8.83228E-6	1.00006E+0	5.43610E-9
5.88513E-1	-8.76294E-3	2.50842E-5	9.99944E-1	3.93710E-9
5.89169E-1	-7.14476E-3	1.21089E-5	1.00001E+0	4.90553E-9
5.89824E-1	-6.60537E-3	1.00118E-5	9.99990E-1	4.24850E-9
5.90479E-1	-5.52658E-3	2.54123E-6	1.00005E+0	4.29842E-9
5.91135E-1	-4.71749E-3	1.51233E-5	9.99971E-1	5.65812E-9
5.91790E-1	-4.44780E-3	1.56476E-5	1.00008E+0	3.42316E-9
5.92445E-1	-6.60537E-3	6.21101E-6	9.99927E-1	5.44466E-9
5.93101E-1	-6.06598E-3	-4.73234E-7	1.00002E+0	3.90809E-9
5.93756E-1	-6.06598E-3	3.06548E-6	9.99971E-1	4.36593E-9
5.94412E-1	-6.60537E-3	2.52152E-5	1.00001E+0	5.34482E-9
5.95067E-1	-6.33567E-3	1.21089E-5	1.00006E+0	4.00698E-9
5.95722E-1	-6.87507E-3	1.02740E-5	9.99935E-1	4.90458E-9
5.96378E-1	-5.79628E-3	8.70121E-6	1.00004E+0	4.59033E-9
5.97033E-1	-5.52658E-3	2.80335E-6	9.99931E-1	4.35784E-9
5.97688E-1	-7.95385E-3	1.07982E-5	1.00002E+0	4.07354E-9
5.98344E-1	-6.06598E-3	1.44680E-5	1.00003E+0	4.79238E-9
5.98999E-1	-5.79628E-3	-1.25961E-6	9.99963E-1	4.26799E-9
5.99654E-1	1.99481E+0	9.88078E-6	1.05273E+0	-3.20872E-7
6.00310E-1	1.99265E+0	8.57015E-6	9.99695E-1	-3.24550E-8
6.00965E-1	1.99427E+0	6.86632E-6	9.99965E-1	-1.99277E-8
6.01620E-1	1.99265E+0	1.05361E-5	1.00001E+0	-1.43552E-8
6.02276E-1	1.99400E+0	1.17157E-5	9.99881E-1	-1.25986E-8
6.02931E-1	1.99373E+0	1.10604E-5	1.00010E+0	-7.99409E-9
6.03587E-1	1.99400E+0	9.22547E-6	9.99950E-1	-8.96300E-9
6.04242E-1	1.99427E+0	6.86632E-6	9.99986E-1	-5.76674E-9
6.04897E-1	1.99157E+0	1.01429E-5	1.00005E+0	-5.63267E-9
6.05553E-1	1.99346E+0	1.94484E-5	9.99944E-1	-4.96280E-9
6.06208E-1	1.99292E+0	9.74972E-6	9.99990E-1	-5.10638E-9
6.06863E-1	1.99211E+0	8.30802E-6	1.00010E+0	-3.72956E-9
6.07519E-1	1.99319E+0	1.74825E-5	9.99948E-1	-2.67365E-9
6.08174E-1	1.99184E+0	1.04050E-5	1.00001E+0	-4.14032E-9
6.08829E-1	1.99373E+0	9.22547E-6	9.99976E-1	-2.97126E-9
6.09485E-1	1.99292E+0	8.83228E-6	9.99997E-1	-6.60235E-10
6.10140E-1	1.99184E+0	6.99739E-6	9.99893E-1	-2.67935E-9
6.10796E-1	1.99616E+0	1.25021E-5	1.00017E+0	-1.87161E-9
6.11451E-1	1.99319E+0	1.04050E-5	9.99948E-1	-2.09934E-9
6.12106E-1	1.99238E+0	7.12845E-6	9.99978E-1	-2.25699E-10
6.12762E-1	1.99238E+0	9.48759E-6	9.99959E-1	-1.79697E-9
6.13417E-1	1.99427E+0	8.57015E-6	1.00005E+0	-9.42160E-10
6.14072E-1	1.99265E+0	1.13225E-5	1.00006E+0	-1.02536E-9
6.14728E-1	1.99238E+0	3.19654E-6	9.99897E-1	-8.68945E-10
6.15383E-1	1.99346E+0	7.12845E-6	1.00007E+0	-1.79840E-9
6.16038E-1	1.99319E+0	8.04589E-6	9.99952E-1	1.66524E-10
6.16694E-1	1.99427E+0	1.11914E-5	1.00008E+0	-9.51193E-10
6.17349E-1	1.99346E+0	8.96334E-6	9.99868E-1	1.81737E-10
6.18004E-1	1.99157E+0	1.06672E-5	1.00005E+0	-1.67698E-10
6.18660E-1	1.99265E+0	1.01429E-5	1.00007E+0	-1.14707E-9
6.19315E-1	1.99265E+0	-4.66727E-6	9.99942E-1	-1.10571E-9
6.19971E-1	1.99346E+0	9.35653E-6	9.99976E-1	1.16063E-9
6.20626E-1	1.99211E+0	8.43908E-6	1.00007E+0	-7.57221E-10
6.21281E-1	1.98942E+0	5.16250E-6	9.99931E-1	9.61614E-11
6.21937E-1	1.99184E+0	8.83228E-6	1.00005E+0	-9.25045E-10
6.22592E-1	1.99319E+0	7.91483E-6	9.99995E-1	8.40197E-10
6.23247E-1	1.99346E+0	5.55569E-6	9.99992E-1	1.29441E-10
6.23903E-1	1.99211E+0	4.37612E-6	9.99954E-1	5.15484E-10
6.24558E-1	1.99104E+0	3.98293E-6	1.00007E+0	-1.76512E-9
6.25213E-1	1.99184E+0	1.31574E-5	1.00002E+0	1.55333E-9
6.25869E-1	1.99238E+0	9.74972E-6	1.00000E+0	-8.03812E-10
6.26524E-1	1.99265E+0	9.61866E-6	9.99973E-1	8.38295E-10
6.27180E-1	1.99319E+0	1.04050E-5	1.00000E+0	6.32437E-10
6.27835E-1	1.99157E+0	2.14804E-6	9.99967E-1	6.40044E-10
6.28490E-1	1.99157E+0	7.39058E-6	9.99997E-1	-2.45667E-10
6.29146E-1	1.99265E+0	9.74972E-6	9.99995E-1	7.46539E-10
6.29801E-1	1.99211E+0	7.06338E-7	1.00004E+0	4.14879E-11
6.30456E-1	1.99184E+0	8.43908E-6	9.99931E-1	1.18982E-10
6.31112E-1	1.99292E+0	1.10604E-5	1.00006E+0	-4.03983E-10
6.31767E-1	1.99238E+0	1.13225E-5	9.99982E-1	7.09931E-10
6.32422E-1	1.99238E+0	8.83228E-6	9.99938E-1	2.93461E-10
6.33078E-1	1.99319E+0	1.01429E-5	1.00010E+0	3.59070E-10
6.33733E-1	1.99319E+0	5.94888E-6	9.99961E-1	1.46633E-9
6.34388E-1	1.99346E+0	1.38127E-5	9.99959E-1	8.66529E-11
6.35044E-1	1.99292E+0	1.14535E-5	1.00008E+0	5.87272E-10
6.35699E-1	1.99373E+0	5.81781E-6	9.99961E-1	4.57007E-10
6.36355E-1	1.99427E+0	2.08901E-5	9.99912E-1	4.25153E-10
6.37010E-1	1.99211E+0	9.61866E-6	1.00008E+0	4.98368E-10
6.37665E-1	1.99265E+0	1.23710E-5	9.99990E-1	9.18166E-10
6.38321E-1	1.99238E+0	8.43908E-6	9.99984E-1	-6.12033E-11
6.38976E-1	1.99238E+0	8.70121E-6	1.00010E+0	3.47660E-10
6.39631E-1	1.99265E+0	1.78757E-5	9.99912E-1	1.05461E-9
6.40287E-1	1.99157E+0	7.91483E-6	1.00003E+0	1.17109E-9
6.40942E-1	1.99130E+0	1.25021E-5	9.99950E-1	4.41793E-10
6.41597E-1	1.99157E+0	1.09293E-5	1.00004E+0	3.72091E-11
6.42253E-1	1.99265E+0	1.57786E-5	9.99938E-1	9.31478E-10
6.42908E-1	1.99238E+0	8.04589E-6	1.00014E+0	2.53526E-10
6.43564E-1	1.99211E+0	2.84918E-5	9.99832E-1	7.00423E-10
6.44219E-1	1.99319E+0	1.80067E-5	1.00009E+0	2.72068E-10
6.44874E-1	1.99292E+0	1.10604E-5	9.99927E-1	1.39549E-9
6.45530E-1	1.99346E+0	2.80335E-6	1.00005E+0	-3.66900E-10
6.46185E-1	1.99211E+0	7.25951E-6	1.00001E+0	2.41289E-9
6.46840E-1	1.99319E+0	1.09293E-5	1.00001E+0	3.63824E-10
6.47496E-1	1.99319E+0	2.62637E-5	9.99965E-1	1.48458E-10
6.48151E-1	1.99346E+0	1.35506E-5	1.00005E+0	1.25714E-9
6.48806E-1	1.99265E+0	9.48759E-6	1.00003E+0	3.50512E-10
6.49462E-1	1.99104E+0	8.83228E-6	9.47661E-1	3.12789E-7
6.50117E-1	-6.60537E-3	9.35653E-6	9.99553E-1	4.30738E-8
6.50772E-1	-5.52658E-3	1.14535E-5	1.00002E+0	2.81304E-8
6.51428E-1	-6.87507E-3	9.74972E-6	1.00002E+0	2.02117E-8
6.52083E-1	-6.33567E-3	8.37401E-7	9.99997E-1	1.73174E-8
6.52739E-1	-6.06598E-3	7.39058E-6	1.00004E+0	1.41515E-8
6.53394E-1	-7.41446E-3	9.74972E-6	9.99999E-1	1.44002E-8
6.54049E-1	-7.14476E-3	1.05361E-5	1.00007E+0	1.13841E-8
6.54705E-1	-6.60537E-3	1.10604E-5	9.99999E-1	1.16451E-8
6.55360E-1	-6.06598E-3	9.48759E-6	9.99990E-1	9.80238E-9
6.56015E-1	-5.79628E-3	1.49923E-5	9.99914E-1	9.71918E-9
6.56671E-1	-6.06598E-3	1.09293E-5	1.00010E+0	8.80542E-9
6.57326E-1	-7.41446E-3	7.39058E-6	9.99954E-1	9.06119E-9
6.57981E-1	-7.95385E-3	8.43908E-6	1.00001E+0	7.56552E-9
6.58637E-1	-6.33567E-3	1.05361E-5	1.00003E+0	7.36394E-9
6.59292E-1	-6.60537E-3	9.48759E-6	1.00001E+0	7.27884E-9
6.59948E-1	-6.06598E-3	1.93174E-5	9.99992E-1	6.88661E-9
6.60603E-1	-6.87507E-3	1.32884E-5	9.99971E-1	8.40606E-9
6.61258E-1	-7.95385E-3	8.83228E-6	9.99976E-1	6.45065E-9
6.61914E-1	-6.33567E-3	8.70121E-6	1.00011E+0	6.79200E-9
6.62569E-1	-7.41446E-3	7.12845E-6	9.99946E-1	5.59489E-9
6.63224E-1	-7.41446E-3	8.70121E-6	9.99976E-1	7.38818E-9
6.63880E-1	-5.52658E-3	7.65270E-6	1.00002E+0	5.07240E-9
6.64535E-1	-5.25689E-3	1.32884E-5	1.00005E+0	6.34986E-9
6.65190E-1	-6.87507E-3	9.35653E-6	9.99931E-1	5.43563E-9
6.65846E-1	-6.87507E-3	5.42462E-6	1.00008E+0	6.12261E-9
6.66501E-1	-4.44780E-3	1.34195E-5	9.99946E-1	6.20391E-9
6.67156E-1	-6.33567E-3	1.10604E-5	9.99990E-1	4.37543E-9
6.67812E-1	-4.17810E-3	2.22008E-5	9.99973E-1	6.05035E-9
6.68467E-1	-7.41446E-3	1.88591E-6	1.00008E+0	4.48763E-9
6.69123E-1	-7.68415E-3	3.85186E-6	9.99973E-1	6.48821E-9
6.69778E-1	-6.06598E-3	1.21089E-5	1.00005E+0	5.08144E-9
6.70433E-1	-3.90841E-3	5.55569E-6	9.99895E-1	5.05148E-9
6.71089E-1	-6.60537E-3	1.73514E-5	1.00006E+0	5.90677E-9
6.71744E-1	-7.14476E-3	8.83228E-6	9.99999E-1	4.05452E-9
6.72399E-1	-6.87507E-3	1.07982E-5	1.00002E+0	4.63406E-9
6.73055E-1	-6.33567E-3	1.25021E-5	9.99938E-1	5.58824E-9
6.73710E-1	-5.25689E-3	1.21089E-5	1.00006E+0	5.31772E-9
6.74365E-1	-6.33567E-3	9.22547E-6	9.99904E-1	5.86493E-9
6.75021E-1	-6.33567E-3	5.29356E-6	1.00008E+0	3.39131E-9
6.75676E-1	-6.60537E-3	6.73526E-6	1.00002E+0	6.05082E-9
6.76332E-1	-7.14476E-3	1.90552E-5	9.99963E-1	3.93519E-9
6.76987E-1	-6.60537E-3	1.04050E-5	9.99980E-1	5.34530E-9
6.77642E-1	-6.87507E-3	1.23710E-5	1.00003E+0	4.28796E-9
6.78298E-1	-5.52658E-3	7.78377E-6	1.00002E+0	5.40710E-9
6.78953E-1	-6.33567E-3	6.86632E-6	9.99923E-1	4.33978E-9
6.79608E-1	-6.87507E-3	1.00118E-5	9.99997E-1	4.81758E-9
6.80264E-1	-5.25689E-3	4.24505E-6	9.99999E-1	4.11015E-9
6.80919E-1	-3.90841E-3	1.88591E-6	1.00011E+0	6.08125E-9
6.81574E-1	-6.87507E-3	1.19778E-5	9.99893E-1	3.35851E-9
6.82230E-1	-6.33567E-3	8.83228E-6	1.00005E+0	4.80902E-9
6.82885E-1	-7.41446E-3	3.72080E-6	1.00006E+0	5.22169E-9
6.83540E-1	-5.79628E-3	1.48612E-5	9.99931E-1	4.06974E-9
6.84196E-1	-6.33567E-3	7.65270E-6	1.00004E+0	4.88984E-9
6.84851E-1	-6.60537E-3	1.00118E-5	9.99952E-1	4.50713E-9
6.85507E-1	-5.52658E-3	1.19778E-5	1.00000E+0	4.46909E-9
6.86162E-1	-6.87507E-3	5.03143E-6	1.00002E+0	4.39017E-9
6.86817E-1	-4.98719E-3	5.68675E-6	1.00000E+0	6.12784E-9
6.87473E-1	-6.06598E-3	7.39058E-6	9.99946E-1	4.13107E-9
6.88128E-1	-5.79628E-3	1.01429E-5	1.00002E+0	4.28463E-9
6.88783E-1	-5.52658E-3	1.47301E-5	9.99992E-1	4.36402E-9
6.89439E-1	-5.52658E-3	8.96334E-6	1.00009E+0	3.94803E-9
6.90094E-1	-5.52658E-3	1.04050E-5	9.99967E-1	5.41471E-9
6.90749E-1	-7.68415E-3	1.25021E-5	1.00002E+0	3.92473E-9
6.91405E-1	-5.52658E-3	-7.35361E-7	9.99965E-1	4.03741E-9
6.92060E-1	-6.06598E-3	1.48612E-5	1.00001E+0	4.64262E-9
6.92716E-1	-5.52658E-3	1.05361E-5	1.00000E+0	4.53518E-9
6.93371E-1	-4.98719E-3	2.06280E-5	1.00006E+0	4.45958E-9
6.94026E-1	-6.60537E-3	9.09440E-6	9.99963E-1	4.17528E-9
6.94682E-1	-5.79628E-3	9.61866E-6	1.00005E+0	5.14039E-9
6.95337E-1	-5.79628E-3	1.18467E-5	9.99855E-1	4.16340E-9
6.95992E-1	-6.60537E-3	7.12845E-6	1.00001E+0	4.99966E-9
6.96648E-1	-6.06598E-3	7.25951E-6	1.00005E+0	4.08971E-9
6.97303E-1	-5.52658E-3	1.15846E-5	1.00003E+0	3.36421E-9
6.97958E-1	-6.06598E-3	4.90037E-6	9.99954E-1	5.65242E-9
6.98614E-1	-6.60537E-3	1.07982E-5	1.00005E+0	4.35119E-9
6.99269E-1	-5.79628E-3	1.07982E-5	1.05486E+0	-1.88422E-7
6.99924E-1	1.99373E+0	4.50718E-6	9.97260E-1	-1.47347E-7
7.00580E-1	1.99292E+0	9.61866E-6	9.99938E-1	-2.71203E-8
7.01235E-1	1.99023E+0	-1.78387E-6	1.00000E+0	-1.65512E-8
7.01891E-1	1.99400E+0	1.57786E-5	9.99878E-1	-1.21383E-8
7.02546E-1	1.99238E+0	2.01037E-5	1.00000E+0	-1.06313E-8
7.03201E-1	1.99427E+0	1.18467E-5	9.99999E-1	-8.45288E-9
7.03857E-1	1.99238E+0	-2.17706E-6	1.00001E+0	-8.50232E-9
7.04512E-1	1.99346E+0	8.70121E-6	9.99946E-1	-5.60510E-9
7.05167E-1	1.99211E+0	8.04589E-6	9.99988E-1	-5.12492E-9
7.05823E-1	1.99292E+0	9.48759E-6	1.00005E+0	-5.64598E-9
7.06478E-1	1.99400E+0	8.83228E-6	1.00003E+0	-4.07234E-9
7.07133E-1	1.99265E+0	1.14535E-5	1.00003E+0	-3.45239E-9
7.07789E-1	1.99265E+0	2.46910E-5	1.00004E+0	-3.27173E-9
7.08444E-1	1.99238E+0	1.25021E-5	9.99883E-1	-1.84974E-9
7.09100E-1	1.99400E+0	7.52164E-6	9.99952E-1	-2.94226E-9
7.09755E-1	1.99184E+0	1.01429E-5	1.00013E+0	-2.79250E-9
7.10410E-1	1.99130E+0	1.17157E-5	9.99857E-1	-1.86258E-9
7.11066E-1	1.99346E+0	1.19778E-5	1.00008E+0	-2.15354E-9
7.11721E-1	1.99400E+0	8.30802E-6	9.99912E-1	-1.63247E-9
7.12376E-1	1.99211E+0	1.27642E-5	1.00016E+0	-1.04580E-9
7.13032E-1	1.99238E+0	1.06672E-5	9.99997E-1	-1.03392E-9
7.13687E-1	1.99211E+0	1.14535E-5	9.99929E-1	-1.08954E-9
7.14342E-1	1.99319E+0	1.02740E-5	9.99986E-1	-1.82597E-9
7.14998E-1	1.99184E+0	1.06672E-5	1.00001E+0	-4.03032E-10
7.15653E-1	1.99292E+0	9.88078E-6	9.99959E-1	-3.72605E-10
7.16308E-1	1.99238E+0	1.31574E-5	1.00003E+0	-2.99865E-10
7.16964E-1	1.99346E+0	9.88078E-6	9.99971E-1	-8.91765E-10
7.17619E-1	1.99238E+0	7.39058E-6	9.99988E-1	-1.08574E-9
7.18275E-1	1.99077E+0	1.38127E-5	9.99954E-1	-1.43927E-10
7.18930E-1	1.99238E+0	7.65270E-6	1.00001E+0	-5.81790E-10
7.19585E-1	1.99346E+0	1.01429E-5	1.00006E+0	-9.23143E-10
7.20241E-1	1.99157E+0	1.17157E-5	9.99984E-1	8.83936E-10
7.20896E-1	1.99292E+0	6.21101E-6	1.00006E+0	-1.28209E-9
7.21551E-1	1.99265E+0	-2.17706E-6	9.99967E-1	1.68426E-10
7.22207E-1	1.99319E+0	1.42059E-5	1.00004E+0	-1.43451E-10
7.22862E-1	1.99427E+0	3.72080E-6	9.99900E-1	5.86797E-10
7.23517E-1	1.99373E+0	1.10604E-5	1.00005E+0	-1.02679E-9
7.24173E-1	1.99292E+0	1.30263E-5	9.99986E-1	7.71445E-11
7.24828E-1	1.99427E+0	8.83228E-6	1.00000E+0	1.40167E-9
7.25484E-1	1.99373E+0	1.07982E-5	1.00001E+0	-7.06351E-10
7.26139E-1	1.99346E+0	1.02740E-5	9.99997E-1	2.36886E-10
7.26794E-1	1.99319E+0	1.68271E-5	9.99929E-1	1.56065E-10
7.27450E-1	1.99265E+0	9.61866E-6	1.00009E+0	1.05176E-9
7.28105E-1	1.99184E+0	1.05361E-5	1.00002E+0	-5.56593E-10
7.28760E-1	1.99238E+0	2.11522E-5	9.99969E-1	-2.07158E-10
7.29416E-1	1.99157E+0	1.06672E-5	1.00001E+0	6.99472E-10
7.30071E-1	1.99319E+0	8.57015E-6	9.99969E-1	1.22957E-9
7.30726E-1	1.99319E+0	8.17696E-6	1.00008E+0	-6.59575E-11
7.31382E-1	1.99319E+0	-6.04297E-7	9.99859E-1	-5.88262E-11
7.32037E-1	1.99292E+0	9.88078E-6	1.00002E+0	5.63501E-10
7.32692E-1	1.99292E+0	2.15454E-5	1.00008E+0	-1.21582E-10
7.33348E-1	1.99238E+0	1.10604E-5	1.00003E+0	1.60800E-9
7.34003E-1	1.99265E+0	9.22547E-6	9.99904E-1	-2.10486E-10
7.34659E-1	1.99211E+0	1.17157E-5	1.00002E+0	6.05047E-11
7.35314E-1	1.99211E+0	1.06672E-5	1.00002E+0	6.24064E-11
7.35969E-1	1.99265E+0	1.47301E-5	1.00002E+0	4.33236E-10
7.36625E-1	1.99104E+0	-4.14301E-6	1.00000E+0	1.89231E-9
7.37280E-1	1.99238E+0	9.09440E-6	9.99965E-1	-8.63716E-10
7.37935E-1	1.99157E+0	1.14535E-5	9.99976E-1	1.40738E-9
7.38591E-1	1.99184E+0	7.78377E-6	1.00005E+0	2.58280E-10
7.39246E-1	1.99319E+0	1.64340E-5	1.00001E+0	1.53396E-11
7.39901E-1	1.99238E+0	1.18467E-5	1.00006E+0	6.18175E-10
7.40557E-1	1.99319E+0	7.12845E-6	9.99933E-1	2.76822E-10
7.41212E-1	1.99077E+0	9.35653E-6	9.99938E-1	1.61609E-9
7.41868E-1	1.99238E+0	1.13225E-5	1.00010E+0	8.17376E-10
7.42523E-1	1.99184E+0	9.74972E-6	9.99942E-1	5.04549E-10
7.43178E-1	1.99319E+0	6.47313E-6	1.00005E+0	-3.57867E-10
7.43834E-1	1.99265E+0	6.34207E-6	9.99891E-1	1.20912E-9
7.44489E-1	1.99265E+0	6.73526E-6	1.00007E+0	1.03417E-9
7.45144E-1	1.99265E+0	1.83999E-5	9.99997E-1	-2.62782E-10
7.45800E-1	1.99077E+0	6.34207E-6	9.99997E-1	1.76109E-9
7.46455E-1	1.99454E+0	7.25951E-6	1.00008E+0	9.63458E-12
7.47110E-1	1.99265E+0	9.22547E-6	9.99940E-1	-9.38229E-12
7.47766E-1	1.99211E+0	1.10604E-5	1.00004E+0	1.27996E-9
7.48421E-1	1.99184E+0	1.26331E-5	9.99944E-1	1.40167E-9
7.49076E-1	1.99319E+0	1.21089E-5	1.00005E+0	-7.78140E-10
7.49732E-1	-6.06598E-3	1.38127E-5	9.46333E-1	3.35132E-7
7.50387E-1	-6.60537E-3	1.19778E-5	1.00010E+0	3.43708E-8
7.51043E-1	-6.33567E-3	9.74972E-6	9.99997E-1	2.42975E-8
7.51698E-1	-6.33567E-3	1.05361E-5	1.00006E+0	1.99246E-8
7.52353E-1	-6.06598E-3	8.57015E-6	9.99950E-1	1.52322E-8
7.53009E-1	-7.14476E-3	1.26331E-5	1.00008E+0	1.33837E-8
7.53664E-1	-6.87507E-3	1.02740E-5	9.99961E-1	1.28484E-8
7.54319E-1	-8.76294E-3	3.19654E-6	1.00005E+0	1.27376E-8
7.54975E-1	-6.06598E-3	8.30802E-6	1.00001E+0	1.01789E-8
7.55630E-1	-6.33567E-3	8.83228E-6	1.00004E+0	9.02554E-9
7.56285E-1	-4.98719E-3	6.60420E-6	9.99912E-1	9.79715E-9
7.56941E-1	-6.87507E-3	1.02740E-5	1.00001E+0	8.58957E-9
7.57596E-1	-6.60537E-3	8.83228E-6	9.99990E-1	7.41861E-9
7.58252E-1	-7.14476E-3	6.07994E-6	1.00010E+0	7.96154E-9
7.58907E-1	-6.33567E-3	1.80067E-5	9.99900E-1	8.53633E-9
7.59562E-1	-6.87507E-3	1.53855E-5	1.00000E+0	5.98379E-9
7.60218E-1	-9.03264E-3	7.65270E-6	1.00009E+0	7.04540E-9
7.60873E-1	-6.60537E-3	9.74972E-6	9.99942E-1	7.25126E-9
7.61528E-1	-5.25689E-3	6.21101E-6	9.99948E-1	6.59233E-9
7.62184E-1	-4.17810E-3	8.96334E-6	1.00008E+0	6.18822E-9
7.62839E-1	-6.06598E-3	1.27642E-5	1.00001E+0	5.14704E-9
7.63494E-1	-7.41446E-3	1.10604E-5	9.99921E-1	6.48868E-9
7.64150E-1	-6.33567E-3	-7.15747E-6	1.00008E+0	6.17063E-9
7.64805E-1	-4.98719E-3	6.73526E-6	9.99959E-1	6.06128E-9
7.65460E-1	-5.79628E-3	9.74972E-6	1.00004E+0	6.60469E-9
7.66116E-1	-7.14476E-3	4.11399E-6	9.99946E-1	4.95688E-9
7.66771E-1	-4.71749E-3	1.04050E-5	1.00001E+0	5.80313E-9
7.67427E-1	-6.06598E-3	9.48759E-6	1.00001E+0	5.86351E-9
7.68082E-1	-4.44780E-3	8.70121E-6	1.00003E+0	3.95326E-9
7.68737E-1	-6.60537E-3	8.57015E-6	9.99982E-1	6.82766E-9
7.69393E-1	-6.06598E-3	1.40748E-5	1.00002E+0	4.15484E-9
7.70048E-1	-5.79628E-3	9.35653E-6	9.99980E-1	6.33750E-9
7.70703E-1	-7.95385E-3	1.04050E-5	1.00005E+0	4.53993E-9
7.71359E-1	-7.41446E-3	-2.57025E-6	9.99931E-1	5.55781E-9
7.72014E-1	-4.17810E-3	2.80335E-6	1.00010E+0	4.22805E-9
7.72669E-1	-5.79628E-3	1.45991E-5	9.99885E-1	5.06147E-9
7.73325E-1	-7.14476E-3	1.01429E-5	1.00004E+0	5.71232E-9
7.73980E-1	-6.87507E-3	9.35653E-6	9.99969E-1	4.12917E-9
7.74636E-1	-6.06598E-3	1.82084E-7	1.00004E+0	5.64386E-9
7.75291E-1	-5.79628E-3	2.27910E-6	9.99990E-1	4.52995E-9
7.75946E-1	-7.14476E-3	9.88078E-6	1.00004E+0	4.67590E-9
7.76602E-1	-7.68415E-3	9.35653E-6	9.99961E-1	4.14248E-9
7.77257E-1	-6.87507E-3	7.65270E-6	9.99986E-1	5.67191E-9
7.77912E-1	-6.33567E-3	1.45991E-5	1.00003E+0	4.08400E-9
7.78568E-1	-6.60537E-3	9.35653E-6	9.99946E-1	5.00347E-9
7.79223E-1	-7.68415E-3	9.09440E-6	1.00009E+0	4.99253E-9
7.79878E-1	-6.33567E-3	9.74972E-6	9.99988E-1	4.84895E-9
7.80534E-1	-5.52658E-3	2.27910E-6	9.99967E-1	4.39540E-9
7.81189E-1	-6.06598E-3	4.63824E-6	9.99988E-1	4.95640E-9
7.81844E-1	-6.60537E-3	5.94888E-6	9.99982E-1	4.51568E-9
7.82500E-1	-7.14476E-3	1.14535E-5	1.00002E+0	3.36041E-9
7.83155E-1	-6.33567E-3	-2.30812E-6	9.99997E-1	5.25782E-9
7.83811E-1	-5.52658E-3	1.44680E-5	1.00005E+0	4.87273E-9
7.84466E-1	-6.33567E-3	5.94888E-6	9.99982E-1	4.21712E-9
7.85121E-1	-6.60537E-3	1.27642E-5	9.99883E-1	4.00603E-9
7.85777E-1	-6.06598E-3	1.01429E-5	1.00009E+0	5.31249E-9
7.86432E-1	-5.79628E-3	1.82084E-7	1.00003E+0	3.79542E-9
7.87087E-1	-4.44780E-3	9.74972E-6	9.99933E-1	5.09808E-9
7.87743E-1	-5.25689E-3	1.14535E-5	1.00012E+0	3.98464E-9
7.88398E-1	-4.98719E-3	2.03659E-5	9.99931E-1	4.40348E-9
7.89053E-1	-6.60537E-3	8.57015E-6	1.00001E+0	4.21950E-9
7.89709E-1	-6.33567E-3	8.70121E-6	9.99957E-1	4.38161E-9
7.90364E-1	-7.95385E-3	2.41016E-6	1.00008E+0	4.59508E-9
7.91020E-1	-6.06598E-3	9.35653E-6	9.99925E-1	5.13183E-9
7.91675E-1	-6.87507E-3	6.99739E-6	1.00010E+0	3.23062E-9
7.92330E-1	-6.87507E-3	7.12845E-6	9.99838E-1	4.70633E-9
7.92986E-1	-6.60537E-3	1.06672E-5	1.00011E+0	3.50969E-9
7.93641E-1	-6.60537E-3	-7.35361E-7	9.99950E-1	5.83878E-9
7.94296E-1	-7.95385E-3	8.96334E-6	9.99992E-1	4.12536E-9
7.94952E-1	-4.98719E-3	9.48759E-6	1.00006E+0	4.77859E-9
7.95607E-1	-5.79628E-3	1.02740E-5	9.99984E-1	2.63491E-9
7.96262E-1	-6.33567E-3	9.61866E-6	1.00004E+0	5.24498E-9
7.96918E-1	-6.87507E-3	1.06672E-5	1.00001E+0	4.08020E-9
7.97573E-1	-6.06598E-3	7.12845E-6	9.99923E-1	3.58623E-9
7.98228E-1	-3.63871E-3	7.78377E-6	9.99969E-1	5.50789E-9
7.98884E-1	-5.25689E-3	1.07982E-5	1.00015E+0	4.24517E-9
7.99539E-1	-6.33567E-3	8.04589E-6	1.05256E+0	-3.15719E-7
8.00195E-1	1.99346E+0	-3.88088E-6	9.99678E-1	-3.62537E-8
8.00850E-1	1.99292E+0	2.16765E-5	9.99967E-1	-2.18731E-8
8.01505E-1	1.99616E+0	9.09440E-6	1.00002E+0	-1.44370E-8
8.02161E-1	1.99346E+0	8.30802E-6	9.99967E-1	-1.08248E-8
8.02816E-1	1.99130E+0	9.88078E-6	9.99984E-1	-9.44223E-9
8.03471E-1	1.99400E+0	1.07982E-5	9.99969E-1	-8.68346E-9
8.04127E-1	1.99238E+0	1.17157E-5	1.00004E+0	-7.17352E-9
8.04782E-1	1.99373E+0	8.70121E-6	9.99957E-1	-5.79812E-9
8.05437E-1	1.99346E+0	7.39058E-6	1.00004E+0	-5.04505E-9
8.06093E-1	1.99346E+0	1.91863E-5	9.99957E-1	-3.86981E-9
8.06748E-1	1.99238E+0	6.99739E-6	1.00002E+0	-5.21763E-9
8.07404E-1	1.99184E+0	-3.35663E-6	1.00008E+0	-3.50278E-9
8.08059E-1	1.99292E+0	9.88078E-6	9.99891E-1	-2.43831E-9
8.08714E-1	1.99292E+0	6.34207E-6	1.00004E+0	-2.45781E-9
8.09370E-1	1.99373E+0	8.43908E-6	1.00004E+0	-3.25414E-9
8.10025E-1	1.99265E+0	1.22399E-5	9.99948E-1	-1.41711E-9
8.10680E-1	1.99292E+0	2.65258E-5	1.00002E+0	-2.02802E-9
8.11336E-1	1.99265E+0	1.44680E-5	1.00003E+0	-1.76559E-9
8.11991E-1	1.99346E+0	8.57015E-6	9.99857E-1	-2.60994E-9
8.12646E-1	1.99454E+0	1.47301E-5	1.00013E+0	-1.65957E-9
8.13302E-1	1.99400E+0	1.83999E-5	9.99923E-1	3.43565E-11
8.13957E-1	1.99346E+0	7.78377E-6	1.00002E+0	-2.52341E-9
8.14612E-1	1.99373E+0	1.14535E-5	1.00003E+0	-5.74184E-10
8.15268E-1	1.99346E+0	3.85186E-6	1.00003E+0	-8.26633E-10
8.15923E-1	1.99184E+0	8.83228E-6	9.99923E-1	2.12640E-10
8.16579E-1	1.99238E+0	2.46910E-5	1.00001E+0	-8.28059E-10
8.17234E-1	1.99481E+0	1.00118E-5	1.00001E+0	-1.48176E-9
8.17889E-1	1.99184E+0	7.78377E-6	1.00001E+0	-5.27117E-10
8.18545E-1	1.99211E+0	8.57015E-6	9.99940E-1	-9.45488E-10
8.19200E-1	1.99211E+0	5.68675E-6	1.00002E+0	9.26248E-10
8.19855E-1	1.99373E+0	1.02740E-5	9.99973E-1	-1.25309E-9
8.20511E-1	1.99211E+0	1.34195E-5	1.00006E+0	9.41937E-10
8.21166E-1	1.99184E+0	2.93442E-6	1.00003E+0	-1.97906E-9
8.21821E-1	1.99292E+0	1.51233E-5	9.99984E-1	1.41118E-9
8.22477E-1	1.99238E+0	9.61866E-6	1.00000E+0	-1.42329E-9
8.23132E-1	1.99265E+0	1.04050E-5	9.99914E-1	2.08836E-10
8.23788E-1	1.99211E+0	1.21089E-5	1.00013E+0	7.59375E-10
8.24443E-1	1.99346E+0	9.68465E-7	9.99925E-1	-8.44699E-10
8.25098E-1	1.99238E+0	8.17696E-6	1.00006E+0	5.82518E-10
8.25754E-1	1.99265E+0	1.27642E-5	9.99889E-1	-1.94797E-10
8.26409E-1	1.99346E+0	5.55569E-6	1.00004E+0	9.33088E-11
8.27064E-1	1.99265E+0	7.78377E-6	9.99961E-1	7.62703E-10
8.27720E-1	1.99238E+0	5.81781E-6	1.00009E+0	-3.18407E-10
8.28375E-1	1.99292E+0	1.44680E-5	9.99967E-1	1.53396E-11
8.29030E-1	1.99373E+0	8.96334E-6	1.00004E+0	3.18659E-10
8.29686E-1	1.99157E+0	1.19778E-5	9.99933E-1	8.91542E-10
8.30341E-1	1.99211E+0	9.88078E-6	1.00001E+0	5.24226E-11
8.30996E-1	1.99238E+0	2.04969E-5	9.99976E-1	8.46853E-10
8.31652E-1	1.99211E+0	1.09293E-5	1.00006E+0	-4.10638E-10
8.32307E-1	1.99373E+0	1.17157E-5	9.99988E-1	-3.21735E-10
8.32963E-1	1.99319E+0	9.35653E-6	1.00000E+0	7.27046E-10
8.33618E-1	1.99319E+0	3.32761E-6	9.99986E-1	8.24983E-10
8.34273E-1	1.99265E+0	8.43908E-6	1.00001E+0	2.72068E-10
8.34929E-1	1.99319E+0	6.99739E-6	1.00006E+0	6.66668E-10
8.35584E-1	1.99238E+0	8.57015E-6	9.99984E-1	-3.06521E-10
8.36239E-1	1.99211E+0	1.06672E-5	9.99921E-1	6.38142E-10
8.36895E-1	1.99292E+0	4.90037E-6	9.99999E-1	4.90286E-10
8.37550E-1	1.99157E+0	2.46910E-5	1.00007E+0	-1.00188E-10
8.38205E-1	1.99292E+0	8.83228E-6	9.99997E-1	6.88537E-10
8.38861E-1	1.99157E+0	7.25951E-6	9.99992E-1	1.37523E-10
8.39516E-1	1.99184E+0	6.60420E-6	9.99967E-1	1.48439E-9
8.40172E-1	1.99238E+0	8.17696E-6	9.99938E-1	-1.27287E-10
8.40827E-1	1.99265E+0	1.07982E-5	1.00008E+0	7.88851E-10
8.41482E-1	1.99427E+0	1.22399E-5	9.99988E-1	1.33416E-9
8.42138E-1	1.99184E+0	1.19778E-5	1.00001E+0	-7.74812E-10
8.42793E-1	1.99104E+0	1.15846E-5	1.00001E+0	9.99463E-10
8.43448E-1	1.99265E+0	7.52164E-6	9.99995E-1	1.12497E-9
8.44104E-1	1.99292E+0	1.36166E-6	1.00004E+0	-8.92241E-10
8.44759E-1	1.99400E+0	1.07982E-5	9.99891E-1	2.29594E-9
8.45414E-1	1.99265E+0	9.88078E-6	1.00000E+0	2.47821E-10
8.46070E-1	1.99184E+0	2.02348E-5	1.00005E+0	5.53517E-10
8.46725E-1	1.99157E+0	1.10604E-5	9.99967E-1	2.16919E-10
8.47380E-1	1.99346E+0	4.90037E-6	1.00004E+0	9.72364E-10
8.48036E-1	1.99157E+0	1.30263E-5	9.99984E-1	-1.64370E-10
8.48691E-1	1.99265E+0	2.33803E-5	9.99980E-1	7.95982E-10
8.49347E-1	1.99292E+0	8.96334E-6	9.46227E-1	3.13878E-7
8.50002E-1	-6.06598E-3	2.14144E-5	1.00050E+0	4.07471E-8
8.50657E-1	-6.33567E-3	1.76135E-5	1.00005E+0	2.73640E-8
8.51313E-1	-6.06598E-3	1.56476E-5	1.00009E+0	2.14588E-8
8.51968E-1	-6.06598E-3	1.15846E-5	9.99954E-1	1.66713E-8
8.52623E-1	-6.06598E-3	1.04050E-5	9.99984E-1	1.55902E-8
8.53279E-1	-5.79628E-3	6.47313E-6	1.00000E+0	1.37645E-8
8.53934E-1	-4.98719E-3	7.12845E-6	1.00011E+0	1.07095E-8
8.54589E-1	-5.79628E-3	8.57015E-6	9.99914E-1	1.20644E-8
8.55245E-1	-6.60537E-3	8.70121E-6	1.00005E+0	9.23520E-9
8.55900E-1	-6.87507E-3	1.01429E-5	1.00003E+0	9.33218E-9
8.56556E-1	-6.60537E-3	-4.92939E-6	9.99929E-1	9.30271E-9
8.57211E-1	-7.41446E-3	7.12845E-6	1.00002E+0	8.21161E-9
8.57866E-1	-7.14476E-3	1.09293E-5	1.00007E+0	7.84554E-9
8.58522E-1	-8.76294E-3	1.36816E-5	9.99969E-1	6.62798E-9
8.59177E-1	-6.33567E-3	1.45991E-5	9.99995E-1	8.32429E-9
8.59832E-1	-6.33567E-3	9.88078E-6	9.99973E-1	6.91704E-9
8.60488E-1	-6.33567E-3	7.78377E-6	1.00005E+0	6.98170E-9
8.61143E-1	-4.71749E-3	2.24629E-5	9.99952E-1	5.87349E-9
8.61798E-1	-5.79628E-3	8.17696E-6	1.00005E+0	6.38172E-9
8.62454E-1	-6.33567E-3	8.83228E-6	9.99992E-1	6.58329E-9
8.63109E-1	-7.41446E-3	1.48612E-5	1.00002E+0	6.31563E-9
8.63764E-1	-5.52658E-3	5.42462E-6	1.00002E+0	6.32704E-9
8.64420E-1	-7.68415E-3	2.15454E-5	9.99986E-1	5.28824E-9
8.65075E-1	-5.79628E-3	4.63824E-6	9.99893E-1	6.30089E-9
8.65731E-1	-5.52658E-3	1.04050E-5	1.00012E+0	6.00328E-9
8.66386E-1	-6.33567E-3	-1.52174E-6	9.99954E-1	5.18508E-9
8.67041E-1	-6.87507E-3	1.36166E-6	9.99988E-1	5.04768E-9
8.67697E-1	-7.41446E-3	1.00118E-5	1.00008E+0	5.35908E-9
8.68352E-1	-6.06598E-3	6.86632E-6	9.99919E-1	4.89269E-9
8.69007E-1	-7.41446E-3	-2.83238E-6	1.00006E+0	5.68903E-9
8.69663E-1	-5.25689E-3	1.30263E-5	9.99967E-1	5.57207E-9
8.70318E-1	-6.06598E-3	8.83228E-6	1.00004E+0	5.22121E-9
8.70973E-1	-6.87507E-3	8.17696E-6	9.99891E-1	5.36241E-9
8.71629E-1	-5.52658E-3	1.02740E-5	1.00009E+0	4.94309E-9
8.72284E-1	-6.06598E-3	8.57015E-6	9.99988E-1	3.65992E-9
8.72940E-1	-5.79628E-3	1.15846E-5	9.99978E-1	4.66925E-9
8.73595E-1	-7.14476E-3	1.15846E-5	1.00007E+0	6.11120E-9
8.74250E-1	-5.52658E-3	1.15846E-5	9.99900E-1	4.43676E-9
8.74906E-1	-6.06598E-3	6.99739E-6	1.00003E+0	4.38447E-9
8.75561E-1	-6.33567E-3	6.34207E-6	9.99969E-1	5.24878E-9
8.76216E-1	-5.79628E-3	1.30263E-5	1.00001E+0	5.37192E-9
8.76872E-1	-6.60537E-3	8.70121E-6	9.99976E-1	3.25344E-9
8.77527E-1	-3.90841E-3	3.06548E-6	9.99999E-1	5.65575E-9
8.78182E-1	-4.71749E-3	6.86632E-6	9.99969E-1	5.23642E-9
8.78838E-1	-6.87507E-3	1.04050E-5	1.00004E+0	3.96990E-9
8.79493E-1	-8.49324E-3	1.18467E-5	9.99986E-1	5.03199E-9
8.80148E-1	-6.60537E-3	9.74972E-6	1.00008E+0	4.71441E-9
8.80804E-1	-6.06598E-3	9.22547E-6	9.99952E-1	3.78686E-9
8.81459E-1	-6.06598E-3	1.25021E-5	1.00003E+0	4.09731E-9
8.82115E-1	-7.68415E-3	8.17696E-6	9.99944E-1	5.21170E-9
8.82770E-1	-6.06598E-3	9.48759E-6	1.00006E+0	5.08144E-9
8.83425E-1	-6.33567E-3	8.57015E-6	1.00003E+0	4.12679E-9
8.84081E-1	-5.79628E-3	9.88078E-6	9.99976E-1	3.61381E-9
8.84736E-1	-5.52658E-3	1.00118E-5	9.99973E-1	4.84230E-9
8.85391E-1	-5.79628E-3	1.26331E-5	9.99992E-1	5.14229E-9
8.86047E-1	-5.52658E-3	1.19778E-5	1.00002E+0	3.26057E-9
8.86702E-1	-7.14476E-3	1.04050E-5	9.99999E-1	5.57778E-9
8.87357E-1	-4.98719E-3	2.27250E-5	9.99969E-1	4.01649E-9
8.88013E-1	-6.33567E-3	7.78377E-6	9.99988E-1	4.64310E-9
8.88668E-1	-6.33567E-3	8.30802E-6	9.99963E-1	3.48925E-9
8.89324E-1	-6.87507E-3	1.01429E-5	1.00010E+0	4.10064E-9
8.89979E-1	-7.95385E-3	2.14804E-6	9.99900E-1	5.08667E-9
8.90634E-1	-6.33567E-3	9.09440E-6	1.00010E+0	3.40510E-9
8.91290E-1	-6.87507E-3	1.09293E-5	9.99954E-1	5.22121E-9
8.91945E-1	-6.60537E-3	1.18467E-5	1.00010E+0	4.07307E-9
8.92600E-1	-6.06598E-3	8.96334E-6	9.99883E-1	3.97656E-9
8.93256E-1	-6.06598E-3	9.22547E-6	9.99999E-1	5.26400E-9
8.93911E-1	-6.33567E-3	1.56476E-5	1.00003E+0	4.50475E-9
8.94566E-1	-4.98719E-3	1.14535E-5	1.00003E+0	4.23804E-9
8.95222E-1	-6.33567E-3	1.18467E-5	9.99914E-1	3.63853E-9
8.95877E-1	-5.25689E-3	7.52164E-6	1.00010E+0	4.39398E-9
8.96532E-1	-6.60537E-3	5.94888E-6	1.00002E+0	4.34453E-9
8.97188E-1	-7.41446E-3	1.53855E-5	9.99957E-1	4.57464E-9
8.97843E-1	-6.60537E-3	7.39058E-6	9.99969E-1	4.14961E-9
8.98499E-1	-6.60537E-3	1.17157E-5	1.00004E+0	4.25325E-9
8.99154E-1	-7.14476E-3	7.91483E-6	1.03980E+0	-1.06390E-7
8.99809E-1	1.99400E+0	5.16250E-6	1.01251E+0	-2.27299E-7
9.00465E-1	1.99373E+0	7.91483E-6	9.99845E-1	-2.68817E-8
9.01120E-1	1.99319E+0	1.18467E-5	9.99978E-1	-1.81738E-8
9.01775E-1	1.99211E+0	5.55569E-6	1.00004E+0	-1.34515E-8
9.02431E-1	1.99157E+0	1.09293E-5	9.99927E-1	-9.55728E-9
9.03086E-1	1.99373E+0	6.34207E-6	1.00002E+0	-8.65921E-9
9.03741E-1	1.99211E+0	9.48759E-6	9.99948E-1	-8.37776E-9
9.04397E-1	1.99292E+0	1.10604E-5	1.00005E+0	-6.77796E-9
9.05052E-1	1.99292E+0	1.23710E-5	9.99954E-1	-4.68421E-9
9.05708E-1	1.99346E+0	1.34195E-5	1.00001E+0	-5.50906E-9
9.06363E-1	1.99292E+0	1.27642E-5	1.00003E+0	-5.18863E-9
9.07018E-1	1.99238E+0	1.28952E-5	1.00001E+0	-4.11513E-9
9.07674E-1	1.99292E+0	8.83228E-6	9.99912E-1	-1.69713E-9
9.08329E-1	1.99211E+0	1.04050E-5	1.00006E+0	-2.91516E-9
9.08984E-1	1.99319E+0	4.24505E-6	9.99984E-1	-3.86981E-9
9.09640E-1	1.99319E+0	9.09440E-6	1.00008E+0	-1.64769E-9
9.10295E-1	1.99319E+0	9.48759E-6	9.99889E-1	-2.50772E-9
9.10950E-1	1.99211E+0	1.26331E-5	1.00006E+0	-2.30757E-9
9.11606E-1	1.99211E+0	1.26331E-5	1.00003E+0	-1.12853E-9
9.12261E-1	1.99265E+0	9.35653E-6	9.99938E-1	-2.72737E-9
9.12916E-1	1.99157E+0	1.02740E-5	1.00003E+0	-1.15087E-9
9.13572E-1	1.99157E+0	8.96334E-6	9.99950E-1	-1.40712E-9
9.14227E-1	1.99157E+0	5.29356E-6	1.00001E+0	-1.38222E-10
9.14883E-1	1.99373E+0	8.70121E-6	9.99963E-1	-1.76226E-9
9.15538E-1	1.99130E+0	9.48759E-6	1.00013E+0	-1.99076E-10
9.16193E-1	1.99346E+0	9.35653E-6	9.99881E-1	-7.12531E-10
9.16849E-1	1.99104E+0	1.10604E-5	1.00007E+0	-1.43327E-9
9.17504E-1	1.99238E+0	8.30802E-6	1.00002E+0	-7.13482E-10
9.18159E-1	1.99157E+0	5.42462E-6	9.99995E-1	1.44654E-10
9.18815E-1	1.99265E+0	1.43369E-5	9.99954E-1	-1.52455E-9
9.19470E-1	1.99265E+0	1.38127E-5	1.00003E+0	7.17062E-10
9.20125E-1	1.99319E+0	9.09440E-6	1.00004E+0	-3.29817E-10
9.20781E-1	1.99346E+0	5.55569E-6	9.99967E-1	-1.00301E-9
9.21436E-1	1.99373E+0	1.36816E-5	9.99904E-1	4.16596E-10
9.22092E-1	1.99265E+0	1.14535E-5	1.00004E+0	-1.36861E-9
9.22747E-1	1.99211E+0	1.45991E-5	9.99889E-1	6.89963E-10
9.23402E-1	1.99184E+0	1.23710E-5	1.00010E+0	6.47835E-11
9.24058E-1	1.99104E+0	8.57015E-6	9.99997E-1	-2.15240E-10
9.24713E-1	1.99238E+0	7.65270E-6	1.00000E+0	-6.47399E-10
9.25368E-1	1.99373E+0	1.11914E-5	1.00010E+0	7.63654E-10
9.26024E-1	1.99184E+0	-3.22557E-6	9.99891E-1	-7.38204E-10
9.26679E-1	1.99292E+0	-3.09450E-6	1.00001E+0	9.87102E-10
9.27334E-1	1.99238E+0	9.74972E-6	1.00005E+0	-2.68012E-10
9.27990E-1	1.99211E+0	1.10604E-5	9.99984E-1	6.84258E-10
9.28645E-1	1.99508E+0	2.41016E-6	9.99992E-1	-2.22187E-11
9.29300E-1	1.99238E+0	2.25939E-5	1.00002E+0	-6.52153E-10
9.29956E-1	1.99265E+0	5.81781E-6	9.99967E-1	1.22529E-9
9.30611E-1	1.99157E+0	7.65270E-6	1.00002E+0	-6.86383E-10
9.31267E-1	1.99346E+0	1.00118E-5	9.99952E-1	1.18440E-9
9.31922E-1	1.99184E+0	1.30263E-5	1.00005E+0	-5.76085E-10
9.32577E-1	1.99265E+0	8.04589E-6	9.99976E-1	1.22529E-9
9.33233E-1	1.99130E+0	1.02740E-5	1.00003E+0	5.90785E-11
9.33888E-1	1.99265E+0	9.48759E-6	9.99908E-1	3.44332E-10
9.34543E-1	1.99319E+0	1.83999E-5	1.00006E+0	-6.38366E-10
9.35199E-1	1.99346E+0	1.42059E-5	9.99967E-1	8.74903E-10
9.35854E-1	1.99211E+0	8.70121E-6	9.99978E-1	9.76643E-10
9.36509E-1	1.99184E+0	1.02740E-5	1.00009E+0	-4.98116E-10
9.37165E-1	1.99157E+0	1.01429E-5	9.99965E-1	1.40310E-9
9.37820E-1	1.99319E+0	-1.52174E-6	1.00001E+0	-5.20461E-10
9.38476E-1	1.99157E+0	7.25951E-6	9.99992E-1	-3.29817E-10
9.39131E-1	1.99346E+0	1.42059E-5	1.00006E+0	1.58756E-9
9.39786E-1	1.99346E+0	1.32884E-5	9.99980E-1	1.42277E-10
9.40442E-1	1.99292E+0	1.63029E-5	9.99897E-1	1.02228E-9
9.41097E-1	1.99104E+0	1.09293E-5	1.00001E+0	-3.98753E-10
9.41752E-1	1.99265E+0	9.74972E-6	1.00012E+0	1.41213E-9
9.42408E-1	1.99184E+0	1.06672E-5	9.99878E-1	-5.25215E-10
9.43063E-1	1.99346E+0	1.15846E-5	1.00003E+0	6.99472E-10
9.43718E-1	1.99319E+0	8.17696E-6	1.00003E+0	2.75871E-10
9.44374E-1	1.99292E+0	6.21101E-6	1.00005E+0	1.00136E-9
9.45029E-1	1.99319E+0	1.30263E-5	9.99889E-1	1.07096E-10
9.45684E-1	1.99157E+0	7.78377E-6	1.00010E+0	7.29423E-10
9.46340E-1	1.99184E+0	2.67229E-6	9.99995E-1	5.62075E-10
9.46995E-1	1.99184E+0	7.12845E-6	9.99969E-1	8.78230E-10
9.47651E-1	1.99184E+0	5.55569E-6	1.00002E+0	1.43733E-9
9.48306E-1	1.99184E+0	1.04050E-5	9.99927E-1	-1.00349E-9
9.48961E-1	1.99104E+0	8.30802E-6	1.00011E+0	1.90657E-9
9.49617E-1	-6.87507E-3	1.56476E-5	9.46700E-1	3.30136E-7
9.50272E-1	-7.95385E-3	1.07982E-5	1.00010E+0	3.59791E-8
9.50927E-1	-7.14476E-3	-3.42170E-7	9.99980E-1	2.56363E-8
9.51583E-1	-6.33567E-3	1.53855E-5	1.00012E+0	1.73739E-8
9.52238E-1	-7.68415E-3	9.74972E-6	9.99954E-1	1.75465E-8
9.52893E-1	-5.25689E-3	8.17696E-6	1.00006E+0	1.33333E-8
9.53549E-1	-7.41446E-3	1.13225E-5	9.99957E-1	1.24229E-8
9.54204E-1	-6.87507E-3	8.17696E-6	1.00008E+0	1.15296E-8
9.54860E-1	-5.52658E-3	8.57015E-6	9.99959E-1	1.15053E-8
9.55515E-1	-6.60537E-3	6.60420E-6	1.00007E+0	9.65832E-9
9.56170E-1	-6.06598E-3	1.42059E-5	1.00000E+0	9.07070E-9
9.56826E-1	-6.87507E-3	6.21101E-6	1.00000E+0	8.13174E-9
9.57481E-1	-6.60537E-3	6.60420E-6	9.99976E-1	8.94044E-9
9.58136E-1	-5.52658E-3	1.07982E-5	1.00005E+0	7.05824E-9
9.58792E-1	-6.06598E-3	8.17696E-6	9.99916E-1	7.50514E-9
9.59447E-1	-6.06598E-3	1.48612E-5	1.00002E+0	7.93682E-9
9.60102E-1	-7.14476E-3	1.18467E-5	9.99954E-1	7.06918E-9
9.60758E-1	-6.60537E-3	1.19778E-5	1.00003E+0	5.96952E-9
9.61413E-1	-7.41446E-3	1.99727E-5	1.00011E+0	6.57331E-9
9.62068E-1	-7.68415E-3	8.96334E-6	9.99870E-1	6.14258E-9
9.62724E-1	-6.33567E-3	1.02740E-5	1.00003E+0	6.83479E-9
9.63379E-1	-6.87507E-3	-7.35361E-7	1.00004E+0	4.46291E-9
9.64035E-1	-8.22355E-3	1.11914E-5	1.00001E+0	5.75654E-9
9.64690E-1	-6.87507E-3	1.00118E-5	9.99971E-1	6.26952E-9
9.65345E-1	-6.60537E-3	1.11914E-5	1.00002E+0	6.67077E-9
9.66001E-1	-6.06598E-3	8.70121E-6	1.00004E+0	4.16292E-9
9.66656E-1	-4.71749E-3	1.14535E-5	9.99952E-1	5.81026E-9
9.67311E-1	-6.33567E-3	8.70121E-6	9.99942E-1	5.91200E-9
9.67967E-1	-6.60537E-3	7.91483E-6	1.00011E+0	4.21522E-9
9.68622E-1	-7.41446E-3	8.17696E-6	1.00000E+0	5.19887E-9
9.69277E-1	-7.14476E-3	8.83228E-6	9.99984E-1	6.09836E-9
9.69933E-1	-5.79628E-3	6.60420E-6	9.99935E-1	5.62199E-9
9.70588E-1	-5.52658E-3	3.13147E-7	9.99980E-1	4.49999E-9
9.71244E-1	-7.14476E-3	1.28952E-5	1.00003E+0	4.42726E-9
9.71899E-1	-4.44780E-3	7.78377E-6	1.00002E+0	5.35528E-9
9.72554E-1	-5.25689E-3	1.14535E-5	9.99957E-1	5.15275E-9
9.73210E-1	-7.68415E-3	2.67229E-6	1.00008E+0	4.39493E-9
9.73865E-1	-6.33567E-3	-4.40514E-6	9.99940E-1	4.82709E-9
9.74520E-1	-6.87507E-3	7.06338E-7	1.00003E+0	4.41204E-9
9.75176E-1	-6.60537E-3	1.06672E-5	1.00005E+0	4.78430E-9
9.75831E-1	-4.17810E-3	8.96334E-6	9.99840E-1	5.25734E-9
9.76486E-1	-5.79628E-3	8.30802E-6	1.00009E+0	5.18746E-9
9.77142E-1	-6.60537E-3	7.12845E-6	9.99929E-1	3.90191E-9
9.77797E-1	-4.98719E-3	1.51233E-5	1.00004E+0	5.10188E-9
9.78452E-1	-4.98719E-3	1.91863E-5	1.00001E+0	4.87320E-9
9.79108E-1	-5.79628E-3	1.19778E-5	9.99997E-1	4.36355E-9
9.79763E-1	-5.52658E-3	9.09440E-6	9.99980E-1	4.23946E-9
9.80419E-1	-6.33567E-3	9.74972E-6	1.00005E+0	5.08286E-9
9.81074E-1	-4.44780E-3	7.65270E-6	1.00005E+0	4.43962E-9
9.81729E-1	-7.41446E-3	1.10604E-5	1.00002E+0	3.85009E-9
9.82385E-1	-7.41446E-3	6.73526E-6	1.00002E+0	4.91266E-9
9.83040E-1	-7.41446E-3	1.02740E-5	9.99874E-1	4.80569E-9
9.83695E-1	-9.03264E-3	1.74825E-5	1.00004E+0	4.61885E-9
9.84351E-1	-4.98719E-3	-3.88088E-6	1.00005E+0	4.33978E-9
9.85006E-1	-5.25689E-3	6.99739E-6	1.00001E+0	4.45768E-9
9.85661E-1	-5.25689E-3	1.31574E-5	1.00003E+0	3.47023E-9
9.86317E-1	-5.52658E-3	2.14144E-5	9.99912E-1	5.18841E-9
9.86972E-1	-4.98719E-3	1.09953E-6	1.00003E+0	4.61980E-9
9.87628E-1	-6.33567E-3	5.68675E-6	9.99992E-1	3.05186E-9
9.88283E-1	-7.68415E-3	1.13225E-5	9.99986E-1	5.63055E-9
9.88938E-1	-6.06598E-3	1.11914E-5	1.00003E+0	4.62170E-9
9.89594E-1	-5.52658E-3	-1.52174E-6	9.99957E-1	3.96229E-9
9.90249E-1	-4.71749E-3	6.86632E-6	1.00005E+0	4.50713E-9
9.90904E-1	-6.33567E-3	1.56476E-5	9.99923E-1	3.90144E-9
9.91560E-1	-6.60537E-3	9.48759E-6	9.99997E-1	3.70034E-9
9.92215E-1	-6.60537E-3	1.52544E-5	1.00003E+0	5.40520E-9
9.92870E-1	-6.87507E-3	1.99727E-5	9.99946E-1	3.68417E-9
9.93526E-1	-6.60537E-3	6.47313E-6	1.00007E+0	4.92455E-9
9.94181E-1	-4.17810E-3	1.22399E-5	9.99992E-1	3.28339E-9
9.94836E-1	-6.60537E-3	1.14535E-5	1.00005E+0	4.69634E-9
9.95492E-1	-6.87507E-3	-1.65281E-6	9.99914E-1	4.35261E-9
9.96147E-1	-6.06598E-3	8.83228E-6	9.99986E-1	3.99985E-9
9.96803E-1	-5.52658E-3	7.39058E-6	1.00011E+0	4.34406E-9
9.97458E-1	-6.60537E-3	8.70121E-6	9.99965E-1	3.43933E-9
9.98113E-1	-5.52658E-3	9.09440E-6	9.99967E-1	5.10045E-9
9.98769E-1	-5.52658E-3	7.39058E-6	9.99976E-1	3.73029E-9
9.99424E-1	-5.52658E-3	6.86632E-6	1.05250E+0	-3.07407E-7
