## Header ##
[General info]
User	Giorgos_Psaltakis
Device	Sample
Cell area (cm2)	1
Test	Pulsed
Date	2024-03-03
Time	04:05:21
Temperature	21.35
Note	

[Acquisition Settings]
Amplitude (V)	2.000
Frequency (Hz)	5.0
DC Offset (V)	1.000
Duty Cycle (%)	50
Phase (°)	0
Cycles	3

## Data ##
Time (s)	DC Channel Voltage (V)	DC Channel Current (A)	Pulse Channel Voltage (V)	Pulse Channel Current (A)
0.00000E+0	1.99292E+0	1.49923E-5	1.00397E+0	-1.65111E-7
6.55360E-4	1.99373E+0	5.16250E-6	1.00004E+0	-1.39164E-8
1.31072E-3	1.99104E+0	1.14535E-5	9.99929E-1	-9.02481E-9
1.96608E-3	1.99184E+0	9.74972E-6	9.99992E-1	-6.48225E-9
2.62144E-3	1.99050E+0	1.61718E-5	1.00009E+0	-5.33030E-9
3.27680E-3	1.99292E+0	1.40748E-5	9.99874E-1	-4.81923E-9
3.93216E-3	1.99292E+0	9.35653E-6	9.99978E-1	-2.17588E-9
4.58752E-3	1.99211E+0	8.96334E-6	1.00011E+0	-4.39610E-9
5.24288E-3	1.99427E+0	9.22547E-6	9.99889E-1	-1.79317E-9
5.89824E-3	1.99211E+0	1.10604E-5	1.00008E+0	-2.95177E-9
6.55360E-3	1.99319E+0	7.78377E-6	9.99982E-1	-1.68667E-9
7.20896E-3	1.99077E+0	8.57015E-6	9.99976E-1	-1.21458E-9
7.86432E-3	1.99319E+0	1.47301E-5	9.99957E-1	-1.52550E-9
8.51968E-3	1.99346E+0	9.61866E-6	1.00009E+0	-1.33819E-9
9.17504E-3	1.99238E+0	6.73526E-6	9.99971E-1	-1.25451E-9
9.83040E-3	1.99130E+0	6.60420E-6	1.00002E+0	-1.24548E-9
1.04858E-2	1.99373E+0	9.22547E-6	9.99959E-1	-6.86859E-10
1.11411E-2	1.99130E+0	7.78377E-6	1.00001E+0	4.44170E-10
1.17965E-2	1.99292E+0	1.09293E-5	1.00007E+0	-1.06577E-9
1.24518E-2	1.99211E+0	9.61866E-6	9.99914E-1	-1.49935E-9
1.31072E-2	1.99104E+0	6.60420E-6	1.00000E+0	1.07743E-9
1.37626E-2	1.99157E+0	1.02740E-5	9.99992E-1	-4.64837E-10
1.44179E-2	1.99238E+0	9.48759E-6	9.99971E-1	-1.46119E-11
1.50733E-2	1.99346E+0	1.68271E-5	1.00007E+0	-1.34960E-9
1.57286E-2	1.99265E+0	1.61718E-5	9.99965E-1	8.23557E-10
1.63840E-2	1.99292E+0	9.88078E-6	1.00003E+0	4.38465E-10
1.70394E-2	1.99130E+0	8.83228E-6	1.00001E+0	-1.65006E-9
1.76947E-2	1.99265E+0	7.06338E-7	9.99919E-1	7.59375E-10
1.83501E-2	1.99130E+0	2.93442E-6	1.00001E+0	6.79980E-10
1.90054E-2	1.99400E+0	1.47301E-5	9.99952E-1	2.56379E-10
1.96608E-2	1.99400E+0	1.22399E-5	1.00012E+0	1.87442E-10
2.03162E-2	1.99292E+0	1.48612E-5	9.99916E-1	6.11043E-10
2.09715E-2	1.99292E+0	7.78377E-6	1.00009E+0	-5.63249E-10
2.16269E-2	1.99023E+0	9.48759E-6	9.99931E-1	3.73332E-10
2.22822E-2	1.99319E+0	1.05361E-5	1.00003E+0	9.56860E-11
2.29376E-2	1.99184E+0	1.10604E-5	1.00003E+0	-1.97174E-10
2.35930E-2	1.99211E+0	1.25021E-5	9.99940E-1	1.07030E-9
2.42483E-2	1.99211E+0	1.06672E-5	1.00004E+0	8.37820E-10
2.49037E-2	1.99319E+0	1.05361E-5	1.00002E+0	-4.92411E-10
2.55590E-2	1.99319E+0	6.47313E-6	9.99908E-1	1.00564E-9
2.62144E-2	1.99265E+0	1.09293E-5	1.00008E+0	-5.13805E-10
2.68698E-2	1.99292E+0	6.86632E-6	9.99961E-1	4.07087E-10
2.75251E-2	1.99265E+0	8.37401E-7	1.00003E+0	7.27997E-10
2.81805E-2	1.99265E+0	1.13225E-5	1.00001E+0	1.38741E-9
2.88358E-2	1.99184E+0	8.96334E-6	1.00001E+0	-5.74659E-10
2.94912E-2	1.99050E+0	1.23059E-6	9.99908E-1	1.82004E-9
3.01466E-2	1.99265E+0	2.08901E-5	1.00004E+0	-3.28390E-10
3.08019E-2	1.99319E+0	1.10604E-5	1.00006E+0	7.14685E-10
3.14573E-2	1.99373E+0	1.07982E-5	1.00002E+0	-1.67222E-10
3.21126E-2	1.99292E+0	8.04589E-6	9.99933E-1	1.91721E-10
3.27680E-2	1.99292E+0	1.11914E-5	1.00001E+0	2.02305E-9
3.34234E-2	1.99238E+0	1.28952E-5	9.99950E-1	-5.27117E-10
3.40787E-2	1.99211E+0	8.96334E-6	9.99999E-1	1.15540E-9
3.47341E-2	1.99265E+0	1.59097E-5	1.00007E+0	4.67941E-10
3.53894E-2	1.99238E+0	9.88078E-6	9.99995E-1	-9.85772E-12
3.60448E-2	1.99319E+0	5.68675E-6	9.99971E-1	6.48126E-10
3.67002E-2	1.99292E+0	1.40748E-5	9.99973E-1	-7.45151E-11
3.73555E-2	1.99292E+0	9.22547E-6	1.00000E+0	1.18155E-9
3.80109E-2	1.99292E+0	1.30263E-5	1.00001E+0	1.26570E-9
3.86662E-2	1.99346E+0	9.09440E-6	9.99957E-1	2.99167E-10
3.93216E-2	1.99346E+0	1.23710E-5	1.00005E+0	-1.15401E-10
3.99770E-2	1.99427E+0	8.17696E-6	1.00007E+0	1.54572E-9
4.06323E-2	1.99157E+0	9.74972E-6	9.99978E-1	8.74427E-10
4.12877E-2	1.99319E+0	8.30802E-6	9.99948E-1	9.29101E-10
4.19430E-2	1.99319E+0	9.09440E-6	9.99954E-1	-5.80364E-10
4.25984E-2	1.99211E+0	1.15846E-5	1.00014E+0	1.17965E-9
4.32538E-2	1.99427E+0	1.11914E-5	9.99988E-1	4.52912E-11
4.39091E-2	1.99373E+0	1.00118E-5	9.99967E-1	4.47023E-10
4.45645E-2	1.99373E+0	3.58973E-6	9.99954E-1	8.62542E-10
4.52198E-2	1.99319E+0	1.02740E-5	1.00002E+0	1.97170E-9
4.58752E-2	1.99211E+0	1.02740E-5	9.99950E-1	-1.12840E-11
4.65306E-2	1.99292E+0	8.17696E-6	1.00001E+0	1.25334E-9
4.71859E-2	1.99130E+0	1.11914E-5	9.99959E-1	-5.53265E-10
4.78413E-2	1.99211E+0	2.10212E-5	1.00007E+0	2.00070E-9
4.84966E-2	1.99184E+0	7.78377E-6	9.99940E-1	-2.81799E-10
4.91520E-2	1.99292E+0	7.52164E-6	1.00013E+0	5.19762E-10
4.98074E-2	1.99265E+0	1.01429E-5	9.99908E-1	1.53384E-9
5.04627E-2	1.99427E+0	2.54123E-6	1.00006E+0	4.60335E-10
5.11181E-2	1.99157E+0	8.83228E-6	9.99931E-1	4.89335E-10
5.17734E-2	1.99373E+0	1.15846E-5	1.00006E+0	1.64414E-9
5.24288E-2	1.99373E+0	1.69582E-5	9.99965E-1	7.43686E-10
5.30842E-2	1.99157E+0	1.32884E-5	9.99982E-1	2.73494E-10
5.37395E-2	1.99265E+0	1.19778E-5	9.99982E-1	7.88851E-10
5.43949E-2	1.99238E+0	9.22547E-6	1.00002E+0	6.82357E-10
5.50502E-2	1.99050E+0	3.32761E-6	1.00005E+0	9.32429E-10
5.57056E-2	1.99238E+0	1.01429E-5	1.00002E+0	8.34967E-10
5.63610E-2	1.99238E+0	1.01429E-5	9.99893E-1	8.29737E-10
5.70163E-2	1.99319E+0	3.98293E-6	1.00004E+0	8.93444E-10
5.76717E-2	1.99427E+0	1.10604E-5	1.00009E+0	3.28167E-10
5.83270E-2	1.99238E+0	1.01429E-5	9.99965E-1	7.44162E-10
5.89824E-2	1.99292E+0	1.82084E-7	9.99965E-1	2.65412E-10
5.96378E-2	1.99157E+0	1.19778E-5	1.00001E+0	6.03437E-10
6.02931E-2	1.99238E+0	7.12845E-6	9.99919E-1	1.49771E-9
6.09485E-2	1.99454E+0	8.70121E-6	1.00003E+0	1.24906E-9
6.16038E-2	1.99184E+0	1.15846E-5	1.00009E+0	-1.53435E-10
6.22592E-2	1.99077E+0	7.52164E-6	9.99946E-1	1.38218E-9
6.29146E-2	1.99319E+0	1.00118E-5	1.00006E+0	8.88690E-10
6.35699E-2	1.99077E+0	1.15846E-5	9.99885E-1	1.12925E-9
6.42253E-2	1.99292E+0	1.10604E-5	9.99988E-1	4.33711E-10
6.48806E-2	1.99373E+0	1.53855E-5	1.00009E+0	1.22624E-9
6.55360E-2	1.99319E+0	1.26331E-5	9.99988E-1	-1.18729E-10
6.61914E-2	1.99427E+0	9.35653E-6	9.99954E-1	1.91893E-9
6.68467E-2	1.99130E+0	2.12833E-5	1.00001E+0	7.61937E-11
6.75021E-2	1.99373E+0	1.63029E-5	1.00007E+0	2.41640E-10
6.81574E-2	1.99184E+0	1.07982E-5	9.99927E-1	1.89421E-9
6.88128E-2	1.99211E+0	1.11914E-5	9.99963E-1	8.64919E-10
6.94682E-2	1.99265E+0	5.55569E-6	1.00016E+0	4.21825E-10
7.01235E-2	1.99292E+0	9.22547E-6	9.99847E-1	8.99149E-10
7.07789E-2	1.99157E+0	7.39058E-6	1.00003E+0	-1.52960E-10
7.14342E-2	1.99211E+0	4.90037E-6	1.00002E+0	2.56455E-9
7.20896E-2	1.99238E+0	1.38127E-5	1.00003E+0	-1.30139E-10
7.27450E-2	1.99319E+0	1.01429E-5	1.00004E+0	1.45539E-9
7.34003E-2	1.99238E+0	9.22547E-6	9.99927E-1	4.00616E-11
7.40557E-2	1.99130E+0	8.57015E-6	1.00004E+0	1.48820E-9
7.47110E-2	1.99346E+0	9.48759E-6	1.00002E+0	1.04082E-9
7.53664E-2	1.99184E+0	1.23710E-5	9.99961E-1	7.61937E-11
7.60218E-2	1.99292E+0	1.05361E-5	9.99992E-1	6.29109E-10
7.66771E-2	1.99373E+0	1.15846E-5	1.00004E+0	2.00783E-9
7.73325E-2	1.99427E+0	1.02740E-5	9.99986E-1	7.85708E-11
7.79878E-2	1.99130E+0	-2.17706E-6	1.00004E+0	1.57853E-9
7.86432E-2	1.99104E+0	7.52164E-6	9.99944E-1	6.80455E-10
7.92986E-2	1.99319E+0	1.26331E-5	1.00002E+0	-2.24748E-10
7.99539E-2	1.99373E+0	1.28952E-5	1.00001E+0	1.88470E-9
8.06093E-2	1.99265E+0	8.83228E-6	9.99980E-1	1.52737E-10
8.12646E-2	1.99211E+0	1.13225E-5	9.99954E-1	1.03417E-9
8.19200E-2	1.99319E+0	8.17696E-6	1.00010E+0	1.40167E-9
8.25754E-2	1.99184E+0	1.34195E-5	9.99910E-1	9.10084E-10
8.32307E-2	1.99319E+0	1.06672E-5	1.00005E+0	-2.74483E-11
8.38861E-2	1.99211E+0	7.78377E-6	9.99887E-1	9.97086E-10
8.45414E-2	1.99238E+0	1.00118E-5	1.00010E+0	1.92654E-9
8.51968E-2	1.99130E+0	9.48759E-6	9.99954E-1	-7.16626E-11
8.58522E-2	1.99238E+0	8.70121E-6	1.00009E+0	1.43495E-9
8.65075E-2	1.99292E+0	8.57015E-6	9.99950E-1	7.26571E-10
8.71629E-2	1.99130E+0	1.59097E-5	1.00006E+0	8.75378E-10
8.78182E-2	1.99157E+0	4.90037E-6	9.99927E-1	1.94460E-9
8.84736E-2	1.99238E+0	2.41016E-6	1.00006E+0	-1.33943E-10
8.91290E-2	1.99373E+0	8.30802E-6	9.99959E-1	8.26409E-10
8.97843E-2	1.99292E+0	1.82084E-7	1.00010E+0	1.29137E-9
9.04397E-2	1.99104E+0	8.83228E-6	9.99845E-1	1.33559E-9
9.10950E-2	1.99346E+0	2.35114E-5	1.00006E+0	5.31172E-10
9.17504E-2	1.99238E+0	1.78757E-5	1.00001E+0	1.07220E-9
9.24058E-2	1.99292E+0	1.18467E-5	9.99929E-1	1.14161E-9
9.30611E-2	1.99184E+0	8.17696E-6	1.00007E+0	7.09931E-10
9.37165E-2	1.99157E+0	7.52164E-6	9.99957E-1	1.09835E-9
9.43718E-2	1.99238E+0	5.55569E-6	1.00002E+0	2.84428E-10
9.50272E-2	1.99319E+0	9.74972E-6	9.99969E-1	1.52908E-9
9.56826E-2	1.99238E+0	1.17157E-5	9.99990E-1	1.03892E-9
9.63379E-2	1.99292E+0	2.41016E-6	1.00002E+0	1.21530E-9
9.69933E-2	1.99211E+0	1.00118E-5	1.00004E+0	6.25306E-10
9.76486E-2	1.99346E+0	5.94888E-6	1.00004E+0	5.13106E-10
9.83040E-2	1.99184E+0	1.40748E-5	9.99963E-1	8.71284E-11
9.89594E-2	1.99130E+0	7.91483E-6	9.99971E-1	1.57663E-9
9.96147E-2	1.99104E+0	7.52164E-6	9.47758E-1	3.14108E-7
1.00270E-1	-5.25689E-3	7.25951E-6	9.99462E-1	4.07966E-8
1.00925E-1	-6.33567E-3	1.47301E-5	1.00012E+0	2.75627E-8
1.01581E-1	-5.25689E-3	5.29356E-6	9.99940E-1	2.04547E-8
1.02236E-1	-6.87507E-3	1.31574E-5	1.00000E+0	1.66404E-8
1.02892E-1	-6.87507E-3	1.30263E-5	1.00008E+0	1.41515E-8
1.03547E-1	-6.33567E-3	6.07994E-6	1.00007E+0	1.19964E-8
1.04202E-1	-6.33567E-3	8.83228E-6	9.99906E-1	1.25470E-8
1.04858E-1	-6.33567E-3	7.06338E-7	1.00011E+0	1.07233E-8
1.05513E-1	-4.98719E-3	1.19778E-5	9.99904E-1	9.57845E-9
1.06168E-1	-4.71749E-3	1.66961E-5	1.00007E+0	8.17738E-9
1.06824E-1	-5.79628E-3	2.80335E-6	9.99940E-1	9.62076E-9
1.07479E-1	-7.14476E-3	3.32761E-6	1.00007E+0	7.13003E-9
1.08134E-1	-6.60537E-3	1.51233E-5	9.99925E-1	8.23016E-9
1.08790E-1	-4.98719E-3	2.67229E-6	1.00002E+0	6.57331E-9
1.09445E-1	-6.87507E-3	5.68675E-6	1.00001E+0	6.84668E-9
1.10100E-1	-6.06598E-3	1.31574E-5	1.00003E+0	6.19678E-9
1.10756E-1	-6.06598E-3	9.48759E-6	9.99963E-1	6.75872E-9
1.11411E-1	-7.14476E-3	9.88078E-6	9.99982E-1	6.47014E-9
1.12067E-1	-5.25689E-3	7.65270E-6	1.00006E+0	4.96591E-9
1.12722E-1	-6.60537E-3	-1.91493E-6	1.00002E+0	6.97457E-9
1.13377E-1	-7.41446E-3	2.93442E-6	9.99931E-1	4.94927E-9
1.14033E-1	-6.33567E-3	9.48759E-6	1.00005E+0	5.71042E-9
1.14688E-1	-7.41446E-3	1.04050E-5	9.99912E-1	5.24308E-9
1.15343E-1	-6.87507E-3	9.35653E-6	1.00010E+0	5.09142E-9
1.15999E-1	-5.52658E-3	7.65270E-6	9.99921E-1	5.95193E-9
1.16654E-1	-7.14476E-3	1.00118E-5	9.99982E-1	4.31791E-9
1.17309E-1	-7.14476E-3	1.05361E-5	9.99999E-1	5.18080E-9
1.17965E-1	-7.41446E-3	8.96334E-6	1.00006E+0	4.29651E-9
1.18620E-1	-7.68415E-3	1.13225E-5	9.99986E-1	5.30061E-9
1.19276E-1	-6.33567E-3	1.61718E-5	1.00001E+0	4.92883E-9
1.19931E-1	-5.52658E-3	5.68675E-6	9.99988E-1	4.95402E-9
1.20586E-1	-4.44780E-3	7.25951E-6	1.00008E+0	4.25848E-9
1.21242E-1	-7.95385E-3	6.86632E-6	9.99944E-1	3.42459E-9
1.21897E-1	-6.87507E-3	8.70121E-6	9.99963E-1	5.21075E-9
1.22552E-1	-6.87507E-3	1.02740E-5	1.00005E+0	5.26590E-9
1.23208E-1	-4.71749E-3	6.60420E-6	9.99950E-1	3.05756E-9
1.23863E-1	-5.52658E-3	9.88078E-6	1.00000E+0	5.15798E-9
1.24518E-1	-7.41446E-3	9.68465E-7	9.99938E-1	3.92141E-9
1.25174E-1	-6.60537E-3	-8.00432E-8	1.00012E+0	5.32961E-9
1.25829E-1	-7.68415E-3	1.30263E-5	9.99986E-1	3.25677E-9
1.26484E-1	-6.33567E-3	9.74972E-6	9.99988E-1	4.48573E-9
1.27140E-1	-6.60537E-3	9.48759E-6	1.00004E+0	3.75168E-9
1.27795E-1	-7.68415E-3	1.30263E-5	9.99976E-1	3.79019E-9
1.28451E-1	-6.60537E-3	2.62637E-5	1.00007E+0	4.45008E-9
1.29106E-1	-6.06598E-3	1.06672E-5	9.99870E-1	4.80379E-9
1.29761E-1	-6.06598E-3	5.81781E-6	1.00006E+0	4.08162E-9
1.30417E-1	-5.25689E-3	-1.78387E-6	1.00001E+0	4.13059E-9
1.31072E-1	-6.33567E-3	1.26331E-5	1.00000E+0	3.56104E-9
1.31727E-1	-5.52658E-3	9.22547E-6	9.99919E-1	3.95706E-9
1.32383E-1	-5.52658E-3	1.14535E-5	9.99976E-1	3.24250E-9
1.33038E-1	-6.33567E-3	1.19778E-5	1.00008E+0	3.83536E-9
1.33693E-1	-6.87507E-3	8.37401E-7	9.99992E-1	4.47052E-9
1.34349E-1	-4.98719E-3	2.11522E-5	1.00001E+0	4.45340E-9
1.35004E-1	-6.33567E-3	1.01429E-5	9.99954E-1	3.36421E-9
1.35660E-1	-4.98719E-3	7.65270E-6	1.00005E+0	2.45996E-9
1.36315E-1	-5.79628E-3	1.23710E-5	1.00001E+0	4.36640E-9
1.36970E-1	-4.98719E-3	9.61866E-6	1.00003E+0	4.08875E-9
1.37626E-1	-6.06598E-3	1.62378E-6	9.99893E-1	4.32694E-9
1.38281E-1	-5.79628E-3	9.88078E-6	1.00012E+0	2.88831E-9
1.38936E-1	-5.52658E-3	9.74972E-6	9.99954E-1	5.23024E-9
1.39592E-1	-5.79628E-3	1.53855E-5	1.00002E+0	2.09769E-9
1.40247E-1	-5.79628E-3	1.22399E-5	9.99908E-1	4.71774E-9
1.40902E-1	-5.79628E-3	6.21101E-6	1.00002E+0	2.96628E-9
1.41558E-1	-7.14476E-3	3.71420E-5	1.00001E+0	4.59508E-9
1.42213E-1	-6.33567E-3	1.18467E-5	1.00009E+0	2.88023E-9
1.42868E-1	-4.17810E-3	1.13225E-5	9.99935E-1	4.05880E-9
1.43524E-1	-5.79628E-3	1.65650E-5	1.00004E+0	4.09684E-9
1.44179E-1	-7.41446E-3	5.03143E-6	9.99978E-1	3.94518E-9
1.44835E-1	-4.98719E-3	6.34207E-6	1.00000E+0	3.51445E-9
1.45490E-1	-7.14476E-3	1.11914E-5	9.99990E-1	2.30925E-9
1.46145E-1	-6.87507E-3	1.34195E-5	9.99997E-1	4.63216E-9
1.46801E-1	-6.60537E-3	7.25951E-6	1.00001E+0	3.32808E-9
1.47456E-1	-8.22355E-3	1.05361E-5	9.99992E-1	3.90049E-9
1.48111E-1	-4.98719E-3	4.90037E-6	1.00001E+0	3.06707E-9
1.48767E-1	-6.60537E-3	1.04050E-5	1.00003E+0	3.29908E-9
1.49422E-1	-5.25689E-3	1.09293E-5	9.99935E-1	4.10730E-9
1.50077E-1	-5.25689E-3	9.22547E-6	1.00004E+0	3.23680E-9
1.50733E-1	-5.25689E-3	1.05361E-5	9.99986E-1	3.44218E-9
1.51388E-1	-6.33567E-3	8.70121E-6	9.99927E-1	3.84011E-9
1.52044E-1	-2.29023E-3	6.34207E-6	1.00011E+0	3.35423E-9
1.52699E-1	-6.06598E-3	1.09293E-5	1.00005E+0	3.07040E-9
1.53354E-1	-5.79628E-3	1.13225E-5	9.99876E-1	2.79323E-9
1.54010E-1	-6.06598E-3	9.48759E-6	1.00010E+0	4.31506E-9
1.54665E-1	-6.06598E-3	1.05361E-5	9.99925E-1	3.41270E-9
1.55320E-1	-5.79628E-3	5.68675E-6	9.99929E-1	4.20191E-9
1.55976E-1	-6.06598E-3	1.30263E-5	1.00004E+0	3.21445E-9
1.56631E-1	-4.17810E-3	1.21089E-5	1.00004E+0	2.35822E-9
1.57286E-1	-5.52658E-3	1.09293E-5	1.00003E+0	4.45816E-9
1.57942E-1	-5.52658E-3	8.57015E-6	9.99969E-1	2.79608E-9
1.58597E-1	-6.06598E-3	8.30802E-6	1.00006E+0	2.94537E-9
1.59252E-1	-4.98719E-3	1.05361E-5	9.99925E-1	3.58718E-9
1.59908E-1	-7.14476E-3	7.91483E-6	9.99986E-1	4.48003E-9
1.60563E-1	-7.68415E-3	1.02740E-5	1.00007E+0	2.52034E-9
1.61219E-1	-5.25689E-3	5.55569E-6	9.99921E-1	3.53489E-9
1.61874E-1	-5.25689E-3	9.22547E-6	1.00004E+0	4.42012E-9
1.62529E-1	-7.41446E-3	2.46910E-5	9.99978E-1	2.45806E-9
1.63185E-1	-6.60537E-3	4.50718E-6	9.99992E-1	3.80398E-9
1.63840E-1	-6.87507E-3	1.27642E-5	1.00002E+0	2.70670E-9
1.64495E-1	-6.87507E-3	7.65270E-6	1.00003E+0	3.95278E-9
1.65151E-1	-6.33567E-3	8.57015E-6	1.00003E+0	3.18926E-9
1.65806E-1	-6.33567E-3	1.28952E-5	9.99927E-1	3.54345E-9
1.66461E-1	-4.98719E-3	1.35506E-5	1.00003E+0	3.08371E-9
1.67117E-1	-4.17810E-3	8.43908E-6	9.99897E-1	3.78021E-9
1.67772E-1	-6.06598E-3	1.30263E-5	1.00003E+0	3.57007E-9
1.68428E-1	-4.98719E-3	8.96334E-6	1.00002E+0	2.61590E-9
1.69083E-1	-5.52658E-3	8.30802E-6	1.00001E+0	3.64424E-9
1.69738E-1	-4.44780E-3	1.73514E-5	1.00008E+0	3.37229E-9
1.70394E-1	-5.79628E-3	9.74972E-6	9.99963E-1	3.52538E-9
1.71049E-1	-5.79628E-3	6.73526E-6	1.00002E+0	3.30098E-9
1.71704E-1	-6.33567E-3	6.60420E-6	9.99999E-1	3.05281E-9
1.72360E-1	-5.52658E-3	4.63824E-6	9.99984E-1	3.35661E-9
1.73015E-1	-6.60537E-3	1.91863E-5	9.99952E-1	3.00717E-9
1.73670E-1	-6.60537E-3	1.18467E-5	1.00005E+0	3.52633E-9
1.74326E-1	-6.87507E-3	8.96334E-6	9.99963E-1	2.99005E-9
1.74981E-1	-4.98719E-3	2.02348E-5	1.00002E+0	4.56465E-9
1.75636E-1	-6.87507E-3	7.52164E-6	9.99961E-1	1.84809E-9
1.76292E-1	-5.25689E-3	9.74972E-6	1.00005E+0	3.34329E-9
1.76947E-1	-6.87507E-3	9.74972E-6	9.99963E-1	4.33740E-9
1.77603E-1	-5.25689E-3	1.59097E-5	1.00002E+0	3.24488E-9
1.78258E-1	-6.33567E-3	1.34195E-5	9.99967E-1	2.46139E-9
1.78913E-1	-4.71749E-3	1.05361E-5	1.00006E+0	3.47784E-9
1.79569E-1	-5.52658E-3	6.34207E-6	9.99965E-1	3.63378E-9
1.80224E-1	-7.14476E-3	6.99739E-6	1.00001E+0	2.26741E-9
1.80879E-1	-4.44780E-3	9.35653E-6	9.99988E-1	3.75216E-9
1.81535E-1	-5.79628E-3	1.30263E-5	1.00008E+0	3.28101E-9
1.82190E-1	-7.14476E-3	1.26331E-5	9.99866E-1	3.62046E-9
1.82845E-1	-4.71749E-3	1.22399E-5	1.00000E+0	2.73713E-9
1.83501E-1	-4.44780E-3	8.83228E-6	1.00008E+0	2.71146E-9
1.84156E-1	-5.79628E-3	7.39058E-6	9.99885E-1	3.84962E-9
1.84812E-1	-6.60537E-3	1.11914E-5	1.00006E+0	3.88527E-9
1.85467E-1	-5.52658E-3	1.10604E-5	9.99969E-1	3.18022E-9
1.86122E-1	-4.17810E-3	7.39058E-6	1.00004E+0	2.99481E-9
1.86778E-1	-5.52658E-3	7.91483E-6	1.00005E+0	3.11509E-9
1.87433E-1	-5.79628E-3	9.48759E-6	9.99923E-1	3.11699E-9
1.88088E-1	-3.36901E-3	7.78377E-6	1.00001E+0	2.59688E-9
1.88744E-1	-6.33567E-3	1.30263E-5	1.00003E+0	4.36783E-9
1.89399E-1	-5.79628E-3	1.30263E-5	9.99990E-1	3.43362E-9
1.90054E-1	-6.60537E-3	9.09440E-6	9.99967E-1	2.46757E-9
1.90710E-1	-6.06598E-3	1.05361E-5	1.00008E+0	2.51653E-9
1.91365E-1	-6.33567E-3	8.04589E-6	9.99969E-1	4.83279E-9
1.92020E-1	-5.25689E-3	1.25021E-5	9.99984E-1	1.69691E-9
1.92676E-1	-6.33567E-3	1.28952E-5	1.00006E+0	4.55609E-9
1.93331E-1	-8.22355E-3	7.78377E-6	9.99961E-1	2.96581E-9
1.93987E-1	-6.60537E-3	2.04969E-5	1.00005E+0	2.50608E-9
1.94642E-1	-6.33567E-3	1.14535E-5	9.99900E-1	4.02267E-9
1.95297E-1	-5.25689E-3	7.78377E-6	9.99992E-1	2.30878E-9
1.95953E-1	-6.33567E-3	1.35506E-5	1.00002E+0	4.12821E-9
1.96608E-1	-4.17810E-3	3.58973E-6	1.00007E+0	2.19610E-9
1.97263E-1	-6.06598E-3	8.43908E-6	9.99997E-1	2.76756E-9
1.97919E-1	-4.98719E-3	1.27642E-5	9.99976E-1	4.24137E-9
1.98574E-1	-4.71749E-3	1.76135E-5	9.99978E-1	3.05899E-9
1.99229E-1	-6.06598E-3	8.57015E-6	1.00003E+0	2.87643E-9
1.99885E-1	1.99346E+0	2.41016E-6	1.05276E+0	-3.29705E-7
2.00540E-1	1.99184E+0	5.94888E-6	9.99950E-1	-3.03822E-8
2.01196E-1	1.99427E+0	8.57015E-6	9.99883E-1	-1.92502E-8
2.01851E-1	1.99481E+0	1.14535E-5	1.00009E+0	-1.49990E-8
2.02506E-1	1.99346E+0	-6.24003E-6	9.99971E-1	-1.05248E-8
2.03162E-1	1.99265E+0	5.29356E-6	9.99923E-1	-9.61766E-9
2.03817E-1	1.99157E+0	1.04050E-5	9.99990E-1	-7.81771E-9
2.04472E-1	1.99454E+0	1.45991E-5	1.00002E+0	-7.16638E-9
2.05128E-1	1.99454E+0	1.32884E-5	1.00002E+0	-6.35531E-9
2.05783E-1	1.99319E+0	9.61866E-6	9.99889E-1	-6.17798E-9
2.06438E-1	1.99211E+0	5.42462E-6	1.00014E+0	-4.19547E-9
2.07094E-1	1.99454E+0	1.22399E-5	9.99859E-1	-4.41417E-9
2.07749E-1	1.99319E+0	8.83228E-6	1.00004E+0	-4.51353E-9
2.08404E-1	1.99211E+0	1.00118E-5	1.00003E+0	-3.31356E-9
2.09060E-1	1.99292E+0	1.15846E-5	9.99965E-1	-3.15810E-9
2.09715E-1	1.99265E+0	5.03143E-6	1.00003E+0	-1.83595E-9
2.10371E-1	1.99454E+0	7.39058E-6	9.99997E-1	-3.34066E-9
2.11026E-1	1.99427E+0	8.57015E-6	9.99897E-1	-1.34627E-9
2.11681E-1	1.99454E+0	1.05361E-5	1.00008E+0	-3.58360E-9
2.12337E-1	1.99292E+0	1.90552E-5	1.00001E+0	-1.25356E-9
2.12992E-1	1.99211E+0	1.10604E-5	1.00008E+0	-2.06653E-9
2.13647E-1	1.99238E+0	9.48759E-6	9.99912E-1	-5.97479E-10
2.14303E-1	1.99292E+0	1.40748E-5	9.99990E-1	-2.26336E-9
2.14958E-1	1.99211E+0	1.40748E-5	1.00002E+0	-5.45183E-10
2.15613E-1	1.99346E+0	9.09440E-6	1.00005E+0	-2.28095E-9
2.16269E-1	1.99130E+0	7.78377E-6	9.99948E-1	-2.05732E-10
2.16924E-1	1.99292E+0	1.04050E-5	9.99971E-1	-1.70711E-9
2.17580E-1	1.99265E+0	4.76931E-6	9.99976E-1	-2.17142E-10
2.18235E-1	1.99265E+0	8.96334E-6	1.00007E+0	-5.81790E-10
2.18890E-1	1.99319E+0	1.38127E-5	9.99914E-1	-9.39783E-10
2.19546E-1	1.99346E+0	1.09293E-5	1.00007E+0	-8.34715E-10
2.20201E-1	1.99346E+0	1.45991E-5	9.99997E-1	-1.78033E-9
2.20856E-1	1.99535E+0	6.73526E-6	9.99965E-1	-2.32355E-10
2.21512E-1	1.99184E+0	9.35653E-6	1.00009E+0	1.34195E-10
2.22167E-1	1.99265E+0	1.09293E-5	9.99906E-1	-3.42178E-10
2.22822E-1	1.99292E+0	5.29356E-6	1.00005E+0	-1.36909E-9
2.23478E-1	1.99238E+0	1.02740E-5	9.99973E-1	-7.92402E-10
2.24133E-1	1.99184E+0	7.65270E-6	1.00003E+0	1.49409E-10
2.24788E-1	1.99211E+0	8.57015E-6	1.00002E+0	-3.36948E-10
2.25444E-1	1.99427E+0	9.48759E-6	9.99961E-1	-5.67528E-10
2.26099E-1	1.99238E+0	8.83228E-6	9.99984E-1	1.43162E-9
2.26755E-1	1.99238E+0	2.19386E-5	1.00008E+0	-1.40712E-9
2.27410E-1	1.99400E+0	1.47301E-5	9.99910E-1	4.77450E-10
2.28065E-1	1.99346E+0	9.09440E-6	9.99973E-1	-2.61356E-10
2.28721E-1	1.99238E+0	9.74972E-6	1.00002E+0	-2.74483E-11
2.29376E-1	1.99346E+0	6.73526E-6	1.00004E+0	-5.19985E-10
2.30031E-1	1.99238E+0	5.68675E-6	9.99935E-1	-1.82436E-10
2.30687E-1	1.99346E+0	1.00118E-5	1.00002E+0	3.31971E-10
2.31342E-1	1.99481E+0	1.35506E-5	1.00005E+0	-3.05095E-10
2.31997E-1	1.99373E+0	6.73526E-6	9.99946E-1	8.91542E-10
2.32653E-1	1.99211E+0	1.26331E-5	1.00001E+0	-1.04580E-9
2.33308E-1	1.99346E+0	9.74972E-6	1.00003E+0	5.80616E-10
2.33964E-1	1.99373E+0	7.25951E-6	1.00001E+0	-5.87495E-10
2.34619E-1	1.99265E+0	2.19386E-5	9.99925E-1	6.29109E-10
2.35274E-1	1.99346E+0	4.24505E-6	1.00010E+0	-4.59898E-11
2.35930E-1	1.99211E+0	1.05361E-5	9.99878E-1	7.74113E-10
2.36585E-1	1.99184E+0	8.83228E-6	1.00002E+0	1.92197E-10
2.37240E-1	1.99157E+0	2.14804E-6	1.00003E+0	-3.93999E-10
2.37896E-1	1.99184E+0	1.85310E-5	1.00009E+0	7.01374E-10
2.38551E-1	1.99211E+0	1.04050E-5	9.99914E-1	-5.14756E-10
2.39206E-1	1.99238E+0	7.78377E-6	1.00010E+0	5.33074E-10
2.39862E-1	1.99050E+0	1.06672E-5	9.99950E-1	-4.03507E-10
2.40517E-1	1.99211E+0	7.65270E-6	9.99961E-1	1.48772E-9
2.41172E-1	1.99130E+0	-2.43919E-6	1.00003E+0	-5.52314E-10
2.41828E-1	1.99400E+0	2.32493E-5	9.99978E-1	1.26113E-10
2.42483E-1	1.99050E+0	1.28952E-5	9.99946E-1	1.02276E-9
2.43139E-1	1.99292E+0	1.78757E-5	1.00010E+0	-2.77520E-10
2.43794E-1	1.99157E+0	7.12845E-6	9.99990E-1	3.64299E-10
2.44449E-1	1.99157E+0	1.99727E-5	9.99957E-1	1.46775E-9
2.45105E-1	1.99130E+0	1.72203E-5	1.00004E+0	-1.04057E-9
2.45760E-1	1.99373E+0	5.81781E-6	9.99946E-1	1.47916E-9
2.46415E-1	1.99238E+0	1.01429E-5	9.99999E-1	-8.73515E-11
2.47071E-1	1.99238E+0	6.60420E-6	9.99988E-1	-2.31695E-11
2.47726E-1	1.99184E+0	7.39058E-6	1.00005E+0	1.53717E-9
2.48381E-1	1.99265E+0	1.14535E-5	9.99967E-1	-6.00332E-10
2.49037E-1	1.99292E+0	4.37612E-6	1.00001E+0	5.36402E-10
2.49692E-1	1.99292E+0	6.47313E-6	9.99935E-1	2.25952E-10
2.50348E-1	1.99400E+0	1.25021E-5	1.00010E+0	1.26808E-9
2.51003E-1	1.99265E+0	7.65270E-6	9.99957E-1	-3.64813E-11
2.51658E-1	1.99265E+0	9.35653E-6	1.00004E+0	5.11205E-10
2.52314E-1	1.99319E+0	1.55165E-5	9.99914E-1	-1.44878E-10
2.52969E-1	1.99292E+0	2.41016E-6	1.00011E+0	-1.04467E-10
2.53624E-1	1.99427E+0	9.88078E-6	9.99923E-1	1.84571E-9
2.54280E-1	1.99400E+0	9.09440E-6	9.99982E-1	-1.03331E-11
2.54935E-1	1.99238E+0	1.26331E-5	1.00004E+0	1.45016E-9
2.55590E-1	1.99265E+0	8.04589E-6	1.00004E+0	-5.42806E-10
2.56246E-1	1.99319E+0	-1.39068E-6	9.99895E-1	6.19601E-10
2.56901E-1	1.99373E+0	7.52164E-6	1.00005E+0	1.07268E-9
2.57556E-1	1.99265E+0	-1.65281E-6	1.00004E+0	-2.49470E-10
2.58212E-1	1.99373E+0	8.30802E-6	9.99957E-1	7.17538E-10
2.58867E-1	1.99211E+0	1.07982E-5	9.99984E-1	7.65080E-10
2.59523E-1	1.99319E+0	1.00118E-5	9.99967E-1	-2.12387E-10
2.60178E-1	1.99184E+0	8.83228E-6	1.00015E+0	1.15683E-9
2.60833E-1	1.99265E+0	1.19778E-5	9.99872E-1	1.07078E-9
2.61489E-1	1.99265E+0	1.26331E-5	1.00011E+0	5.22615E-10
2.62144E-1	1.99265E+0	9.88078E-6	9.99864E-1	-4.62935E-10
2.62799E-1	1.99157E+0	9.35653E-6	1.00009E+0	5.45911E-10
2.63455E-1	1.99454E+0	1.35506E-5	9.99921E-1	1.65127E-9
2.64110E-1	1.99130E+0	1.64340E-5	1.00013E+0	4.67175E-11
2.64765E-1	1.99211E+0	6.86632E-6	9.99874E-1	-2.79237E-11
2.65421E-1	1.99211E+0	1.15846E-5	1.00012E+0	1.13020E-9
2.66076E-1	1.99184E+0	9.74972E-6	9.99845E-1	5.85371E-10
2.66732E-1	1.99265E+0	1.00118E-5	1.00007E+0	-3.17271E-11
2.67387E-1	1.99238E+0	1.21089E-5	1.00005E+0	1.62607E-9
2.68042E-1	1.99346E+0	1.19778E-5	9.99910E-1	4.89335E-10
2.68698E-1	1.99346E+0	1.22399E-5	1.00001E+0	1.14161E-9
2.69353E-1	1.99265E+0	1.18467E-5	1.00004E+0	-5.54691E-10
2.70008E-1	1.99077E+0	8.57015E-6	9.99973E-1	5.39730E-10
2.70664E-1	1.99211E+0	-3.22557E-6	1.00004E+0	1.51767E-9
2.71319E-1	1.99211E+0	8.57015E-6	9.99980E-1	5.24226E-11
2.71974E-1	1.99265E+0	1.40748E-5	1.00001E+0	1.27949E-9
2.72630E-1	1.99373E+0	1.15846E-5	9.99944E-1	-1.94797E-10
2.73285E-1	1.99184E+0	1.09293E-5	1.00011E+0	4.99319E-10
2.73940E-1	1.99238E+0	9.88078E-6	9.99986E-1	4.28957E-10
2.74596E-1	1.99184E+0	2.01697E-6	9.99957E-1	1.83478E-9
2.75251E-1	1.99104E+0	3.06548E-6	1.00002E+0	1.01753E-9
2.75907E-1	1.99157E+0	5.55569E-6	9.99923E-1	4.79827E-10
2.76562E-1	1.99373E+0	9.35653E-6	1.00006E+0	5.31172E-10
2.77217E-1	1.99373E+0	5.68675E-6	1.00009E+0	-2.47093E-10
2.77873E-1	1.99211E+0	1.14535E-5	9.99944E-1	1.39501E-9
2.78528E-1	1.99373E+0	1.22399E-5	9.99971E-1	-1.23008E-10
2.79183E-1	1.99427E+0	-1.78387E-6	9.99976E-1	1.43447E-9
2.79839E-1	1.99184E+0	7.25951E-6	9.99992E-1	1.19962E-9
2.80494E-1	1.99346E+0	1.42059E-5	9.99976E-1	-3.56440E-10
2.81149E-1	1.99292E+0	8.43908E-6	1.00011E+0	8.85837E-10
2.81805E-1	1.99265E+0	8.96334E-6	9.99952E-1	1.43020E-9
2.82460E-1	1.99238E+0	1.01429E-5	9.99967E-1	-1.66272E-10
2.83116E-1	1.99292E+0	6.86632E-6	1.00002E+0	1.41974E-9
2.83771E-1	1.99292E+0	1.13225E-5	1.00006E+0	-1.68173E-10
2.84426E-1	1.99238E+0	5.16250E-6	9.99902E-1	1.14114E-9
2.85082E-1	1.99292E+0	9.74972E-6	1.00006E+0	8.56837E-10
2.85737E-1	1.99292E+0	8.30802E-6	1.00003E+0	1.48933E-10
2.86392E-1	1.99211E+0	9.35653E-6	9.99978E-1	6.13896E-10
2.87048E-1	1.99265E+0	9.48759E-6	1.00000E+0	8.22131E-10
2.87703E-1	1.99292E+0	1.42059E-5	9.99971E-1	1.25638E-10
2.88358E-1	1.99292E+0	5.42462E-6	9.99984E-1	1.94222E-9
2.89014E-1	1.99130E+0	-1.25961E-6	9.99995E-1	-2.53274E-10
2.89669E-1	1.99373E+0	7.91483E-6	1.00003E+0	1.24811E-9
2.90324E-1	1.99238E+0	8.96334E-6	9.99990E-1	4.71745E-10
2.90980E-1	1.99346E+0	1.05361E-5	9.99999E-1	2.17898E-9
2.91635E-1	1.99265E+0	1.51233E-5	9.99963E-1	4.62421E-11
2.92291E-1	1.99265E+0	1.25021E-5	1.00005E+0	1.05176E-9
2.92946E-1	1.99427E+0	1.14535E-5	9.99978E-1	-8.21219E-11
2.93601E-1	1.99373E+0	8.37401E-7	9.99982E-1	1.34652E-9
2.94257E-1	1.99319E+0	1.63029E-5	1.00005E+0	1.35223E-9
2.94912E-1	1.99319E+0	1.34195E-5	9.99978E-1	3.21511E-10
2.95567E-1	1.99319E+0	8.57015E-6	1.00003E+0	1.35621E-10
2.96223E-1	1.99265E+0	1.18467E-5	9.99959E-1	1.83383E-9
2.96878E-1	1.99157E+0	8.57015E-6	1.00001E+0	-8.12845E-10
2.97533E-1	1.99265E+0	9.88078E-6	9.99982E-1	9.82348E-10
2.98189E-1	1.99319E+0	9.22547E-6	1.00003E+0	2.04967E-9
2.98844E-1	1.99157E+0	1.01429E-5	1.00005E+0	8.85546E-11
2.99500E-1	1.99130E+0	1.39438E-5	9.45761E-1	3.11868E-7
3.00155E-1	-5.52658E-3	1.15846E-5	1.00101E+0	4.07058E-8
3.00810E-1	-5.25689E-3	6.34207E-6	1.00009E+0	2.66670E-8
3.01466E-1	-6.60537E-3	2.45599E-5	1.00002E+0	2.20079E-8
3.02121E-1	-6.33567E-3	9.22547E-6	1.00007E+0	1.57637E-8
3.02776E-1	-6.60537E-3	1.06672E-5	9.99973E-1	1.60618E-8
3.03432E-1	-6.33567E-3	8.43908E-6	9.99978E-1	1.23730E-8
3.04087E-1	-6.60537E-3	8.57015E-6	1.00005E+0	1.04247E-8
3.04742E-1	-5.79628E-3	3.72080E-6	9.99902E-1	1.06539E-8
3.05398E-1	-4.98719E-3	1.19778E-5	1.00014E+0	1.03876E-8
3.06053E-1	-6.06598E-3	7.52164E-6	9.99902E-1	8.71081E-9
3.06708E-1	-5.52658E-3	4.24505E-6	1.00006E+0	8.30385E-9
3.07364E-1	-5.52658E-3	9.22547E-6	9.99940E-1	8.93283E-9
3.08019E-1	-6.87507E-3	1.76135E-5	1.00014E+0	6.75635E-9
3.08675E-1	-6.60537E-3	1.34195E-5	9.99902E-1	7.70909E-9
3.09330E-1	-6.06598E-3	2.24629E-5	1.00002E+0	6.72782E-9
3.09985E-1	-6.60537E-3	8.83228E-6	1.00001E+0	6.58377E-9
3.10641E-1	-6.33567E-3	1.59097E-5	1.00005E+0	5.41994E-9
3.11296E-1	-6.87507E-3	1.22399E-5	9.99904E-1	6.94271E-9
3.11951E-1	-5.52658E-3	1.27642E-5	1.00010E+0	5.10996E-9
3.12607E-1	-5.25689E-3	8.96334E-6	9.99931E-1	6.67980E-9
3.13262E-1	-6.87507E-3	-2.70131E-6	9.99948E-1	5.13231E-9
3.13917E-1	-7.68415E-3	3.32761E-6	1.00012E+0	4.57178E-9
3.14573E-1	-6.06598E-3	1.13225E-5	9.99980E-1	5.46272E-9
3.15228E-1	-6.06598E-3	1.25021E-5	9.99929E-1	4.88414E-9
3.15884E-1	-5.79628E-3	7.78377E-6	1.00003E+0	5.78459E-9
3.16539E-1	-3.90841E-3	1.57786E-5	9.99980E-1	5.10758E-9
3.17194E-1	-5.52658E-3	9.74972E-6	1.00001E+0	4.63882E-9
3.17850E-1	-7.95385E-3	9.22547E-6	9.99992E-1	4.34881E-9
3.18505E-1	-6.60537E-3	1.42059E-5	9.99982E-1	5.67286E-9
3.19160E-1	-6.87507E-3	1.11914E-5	9.99976E-1	4.77954E-9
3.19816E-1	-6.33567E-3	8.04589E-6	1.00003E+0	3.30241E-9
3.20471E-1	-5.25689E-3	8.57015E-6	1.00005E+0	4.78240E-9
3.21126E-1	-6.33567E-3	1.05361E-5	1.00001E+0	4.89697E-9
3.21782E-1	-4.98719E-3	6.47313E-6	9.99969E-1	4.19192E-9
3.22437E-1	-4.98719E-3	8.17696E-6	9.99992E-1	5.89441E-9
3.23092E-1	-6.60537E-3	6.07994E-6	1.00001E+0	4.08590E-9
3.23748E-1	-7.68415E-3	1.04050E-5	9.99906E-1	3.62332E-9
3.24403E-1	-5.52658E-3	5.75274E-7	1.00017E+0	3.93377E-9
3.25059E-1	-5.52658E-3	9.88078E-6	9.99887E-1	4.23946E-9
3.25714E-1	-7.14476E-3	1.23710E-5	1.00013E+0	4.33978E-9
3.26369E-1	-5.52658E-3	3.98293E-6	9.99935E-1	4.97161E-9
3.27025E-1	-4.71749E-3	1.43369E-5	1.00001E+0	4.05785E-9
3.27680E-1	-5.79628E-3	1.93174E-5	1.00003E+0	2.75805E-9
3.28335E-1	-2.82962E-3	9.48759E-6	1.00000E+0	4.34786E-9
3.28991E-1	-6.60537E-3	8.83228E-6	9.99946E-1	4.10825E-9
3.29646E-1	-7.14476E-3	1.19778E-5	1.00000E+0	3.62522E-9
3.30301E-1	-6.06598E-3	2.25939E-5	1.00005E+0	4.67352E-9
3.30957E-1	-5.52658E-3	1.25021E-5	9.99948E-1	3.97656E-9
3.31612E-1	-6.33567E-3	1.00118E-5	1.00000E+0	3.38988E-9
3.32268E-1	-7.41446E-3	2.41016E-6	9.99980E-1	3.90667E-9
3.32923E-1	-4.71749E-3	7.12845E-6	9.99978E-1	4.40348E-9
3.33578E-1	-5.52658E-3	7.25951E-6	1.00002E+0	2.64680E-9
3.34234E-1	-6.06598E-3	3.37343E-5	1.00007E+0	4.32504E-9
3.34889E-1	-7.14476E-3	8.96334E-6	9.99976E-1	3.68845E-9
3.35544E-1	-4.98719E-3	8.96334E-6	9.99986E-1	4.83897E-9
3.36200E-1	-6.06598E-3	9.22547E-6	9.99959E-1	3.31096E-9
3.36855E-1	-6.60537E-3	8.57015E-6	9.99980E-1	2.82984E-9
3.37510E-1	-6.33567E-3	9.09440E-6	1.00006E+0	4.16197E-9
3.38166E-1	-6.87507E-3	1.43369E-5	9.99992E-1	4.69777E-9
3.38821E-1	-5.52658E-3	1.68271E-5	1.00001E+0	2.83126E-9
3.39476E-1	-5.52658E-3	1.53855E-5	1.00002E+0	3.77878E-9
3.40132E-1	-6.60537E-3	1.04050E-5	9.99923E-1	4.07687E-9
3.40787E-1	-7.14476E-3	1.01429E-5	1.00004E+0	3.14362E-9
3.41443E-1	-5.52658E-3	1.80067E-5	1.00007E+0	3.67229E-9
3.42098E-1	-6.06598E-3	1.06672E-5	9.99897E-1	3.45502E-9
3.42753E-1	-4.98719E-3	1.22399E-5	1.00008E+0	3.22967E-9
3.43409E-1	-6.60537E-3	1.15846E-5	9.99940E-1	4.95973E-9
3.44064E-1	-5.79628E-3	6.99739E-6	1.00001E+0	3.08134E-9
3.44719E-1	-5.25689E-3	9.35653E-6	1.00002E+0	2.92207E-9
3.45375E-1	-6.33567E-3	7.78377E-6	9.99997E-1	4.35547E-9
3.46030E-1	-7.14476E-3	8.83228E-6	1.00001E+0	3.06089E-9
3.46685E-1	-4.98719E-3	8.83228E-6	9.99984E-1	3.80731E-9
3.47341E-1	-6.60537E-3	1.80067E-5	1.00006E+0	3.39844E-9
3.47996E-1	-4.17810E-3	1.04050E-5	9.99923E-1	3.79685E-9
3.48652E-1	-7.95385E-3	1.27642E-5	9.99999E-1	3.62522E-9
3.49307E-1	-6.06598E-3	1.15846E-5	1.00001E+0	3.04283E-9
3.49962E-1	-6.33567E-3	1.09293E-5	9.99980E-1	4.16482E-9
3.50618E-1	-6.06598E-3	1.06672E-5	1.00006E+0	3.19781E-9
3.51273E-1	-6.06598E-3	1.11914E-5	9.99986E-1	2.37629E-9
3.51928E-1	-5.25689E-3	1.11914E-5	9.99957E-1	4.00223E-9
3.52584E-1	-6.06598E-3	7.91483E-6	1.00000E+0	3.17214E-9
3.53239E-1	-5.52658E-3	8.70121E-6	9.99969E-1	4.01316E-9
3.53894E-1	-7.41446E-3	1.05361E-5	1.00008E+0	2.13239E-9
3.54550E-1	-6.60537E-3	1.04050E-5	9.99952E-1	4.81377E-9
3.55205E-1	-8.22355E-3	9.22547E-6	1.00005E+0	3.47499E-9
3.55860E-1	-6.06598E-3	1.40748E-5	9.99944E-1	3.48117E-9
3.56516E-1	-5.79628E-3	1.07982E-5	1.00003E+0	1.80483E-9
3.57171E-1	-5.79628E-3	7.65270E-6	9.99908E-1	4.66782E-9
3.57827E-1	-7.14476E-3	1.55165E-5	1.00002E+0	3.52348E-9
3.58482E-1	-5.79628E-3	6.60420E-6	1.00005E+0	3.31334E-9
3.59137E-1	-6.87507E-3	1.44680E-5	1.00010E+0	2.72762E-9
3.59793E-1	-5.52658E-3	9.09440E-6	9.99866E-1	3.09370E-9
3.60448E-1	-6.33567E-3	8.04589E-6	9.99992E-1	3.86293E-9
3.61103E-1	-4.98719E-3	8.70121E-6	1.00002E+0	4.10730E-9
3.61759E-1	-6.87507E-3	8.96334E-6	1.00007E+0	2.63777E-9
3.62414E-1	-6.60537E-3	2.77054E-5	9.99957E-1	2.92730E-9
3.63069E-1	-4.17810E-3	1.45991E-5	1.00006E+0	3.39416E-9
3.63725E-1	-5.79628E-3	7.39058E-6	9.99868E-1	3.43362E-9
3.64380E-1	-6.06598E-3	2.33803E-5	1.00011E+0	3.54963E-9
3.65036E-1	-6.60537E-3	7.52164E-6	9.99978E-1	2.30640E-9
3.65691E-1	-4.17810E-3	1.48612E-5	9.99967E-1	3.63283E-9
3.66346E-1	-5.79628E-3	1.31574E-5	1.00009E+0	2.73285E-9
3.67002E-1	-6.87507E-3	1.19778E-5	9.99965E-1	3.82157E-9
3.67657E-1	-6.33567E-3	9.74972E-6	1.00003E+0	2.98578E-9
3.68312E-1	-6.33567E-3	9.48759E-6	9.99957E-1	3.91665E-9
3.68968E-1	-6.60537E-3	6.60420E-6	1.00001E+0	4.18812E-9
3.69623E-1	-4.44780E-3	8.70121E-6	9.99954E-1	3.19163E-9
3.70278E-1	-5.25689E-3	8.96334E-6	1.00004E+0	3.23965E-9
3.70934E-1	-5.52658E-3	1.17157E-5	9.99916E-1	2.40006E-9
3.71589E-1	-5.25689E-3	1.18467E-5	1.00007E+0	3.73647E-9
3.72244E-1	-6.06598E-3	1.17157E-5	9.99999E-1	2.99196E-9
3.72900E-1	-6.87507E-3	5.94888E-6	9.99995E-1	3.57863E-9
3.73555E-1	-6.33567E-3	1.05361E-5	9.99927E-1	2.43619E-9
3.74211E-1	-6.33567E-3	8.57015E-6	1.00014E+0	3.23918E-9
3.74866E-1	-5.25689E-3	8.83228E-6	9.99866E-1	3.35185E-9
3.75521E-1	-6.60537E-3	8.70121E-6	1.00010E+0	2.39911E-9
3.76177E-1	-4.17810E-3	1.59097E-5	9.99952E-1	4.37306E-9
3.76832E-1	-7.14476E-3	1.14535E-5	9.99988E-1	3.44646E-9
3.77487E-1	-4.71749E-3	1.19778E-5	1.00002E+0	3.20114E-9
3.78143E-1	-6.33567E-3	9.22547E-6	1.00011E+0	2.46091E-9
3.78798E-1	-7.68415E-3	1.00118E-5	9.99938E-1	3.99224E-9
3.79453E-1	-4.71749E-3	6.73526E-6	9.99912E-1	2.98292E-9
3.80109E-1	-6.60537E-3	1.27642E-5	1.00008E+0	3.34995E-9
3.80764E-1	-7.95385E-3	1.10604E-5	9.99984E-1	2.62731E-9
3.81420E-1	-5.25689E-3	9.48759E-6	9.99978E-1	3.56769E-9
3.82075E-1	-6.06598E-3	1.11914E-5	1.00010E+0	2.55599E-9
3.82730E-1	-5.52658E-3	1.74825E-5	9.99965E-1	3.86436E-9
3.83386E-1	-6.06598E-3	8.96334E-6	9.99916E-1	3.11557E-9
3.84041E-1	-6.60537E-3	8.57015E-6	1.00004E+0	3.54297E-9
3.84696E-1	-4.71749E-3	1.75485E-6	9.99929E-1	2.24982E-9
3.85352E-1	-6.33567E-3	1.07982E-5	1.00009E+0	3.89241E-9
3.86007E-1	-6.87507E-3	9.88078E-6	9.99952E-1	2.98245E-9
3.86662E-1	-6.33567E-3	1.07982E-5	1.00009E+0	2.73523E-9
3.87318E-1	-5.79628E-3	2.46910E-5	9.99895E-1	2.82223E-9
3.87973E-1	-4.71749E-3	9.48759E-6	1.00005E+0	3.85009E-9
3.88628E-1	-5.52658E-3	9.88078E-6	9.99980E-1	2.91018E-9
3.89284E-1	-6.87507E-3	1.89242E-5	9.99973E-1	2.87120E-9
3.89939E-1	-5.79628E-3	8.57015E-6	1.00004E+0	3.39797E-9
3.90595E-1	-6.60537E-3	1.04050E-5	1.00002E+0	2.43334E-9
3.91250E-1	-6.87507E-3	8.83228E-6	9.99995E-1	2.80084E-9
3.91905E-1	-4.44780E-3	6.47313E-6	9.99999E-1	2.90495E-9
3.92561E-1	-5.79628E-3	1.02740E-5	1.00002E+0	4.28748E-9
3.93216E-1	-4.44780E-3	1.17157E-5	1.00003E+0	2.08247E-9
3.93871E-1	-6.06598E-3	1.40748E-5	9.99973E-1	3.99082E-9
3.94527E-1	-5.52658E-3	7.12845E-6	1.00000E+0	3.27959E-9
3.95182E-1	-7.41446E-3	8.17696E-6	9.99893E-1	2.75900E-9
3.95837E-1	-4.98719E-3	9.22547E-6	1.00005E+0	2.12193E-9
3.96493E-1	-6.33567E-3	5.68675E-6	9.99967E-1	4.15008E-9
3.97148E-1	-4.71749E-3	5.16250E-6	1.00006E+0	1.99975E-9
3.97804E-1	-5.79628E-3	1.28952E-5	1.00003E+0	3.30193E-9
3.98459E-1	-6.87507E-3	6.99739E-6	9.99921E-1	4.35261E-9
3.99114E-1	-6.06598E-3	8.96334E-6	1.00005E+0	2.58214E-9
3.99770E-1	1.99292E+0	1.40748E-5	1.05332E+0	-3.25781E-7
4.00425E-1	1.99346E+0	1.11914E-5	9.99874E-1	-3.18180E-8
4.01080E-1	1.99400E+0	4.44211E-7	9.99878E-1	-2.03218E-8
4.01736E-1	1.99373E+0	6.86632E-6	1.00004E+0	-1.49562E-8
4.02391E-1	1.99373E+0	5.94888E-6	1.00001E+0	-1.11015E-8
4.03046E-1	1.99373E+0	2.01037E-5	9.99948E-1	-9.40134E-9
4.03702E-1	1.99292E+0	1.22399E-5	9.99933E-1	-8.69724E-9
4.04357E-1	1.99373E+0	1.00118E-5	1.00003E+0	-8.25320E-9
4.05012E-1	1.99373E+0	9.09440E-6	9.99948E-1	-5.71635E-9
4.05668E-1	1.99346E+0	1.45991E-5	1.00007E+0	-5.79004E-9
4.06323E-1	1.99346E+0	2.18076E-5	9.99959E-1	-4.69324E-9
4.06979E-1	1.99292E+0	1.68271E-5	1.00000E+0	-3.73003E-9
4.07634E-1	1.99184E+0	8.17696E-6	1.00000E+0	-4.51638E-9
4.08289E-1	1.99292E+0	1.14535E-5	1.00012E+0	-3.17427E-9
4.08945E-1	1.99319E+0	1.49923E-5	9.99881E-1	-2.80819E-9
4.09600E-1	1.99319E+0	7.25951E-6	9.99990E-1	-3.27173E-9
4.10255E-1	1.99319E+0	6.60420E-6	9.99954E-1	-2.68220E-9
4.10911E-1	1.99292E+0	9.09440E-6	1.00004E+0	-2.93418E-9
4.11566E-1	1.99211E+0	6.86632E-6	9.99995E-1	-1.23645E-9
4.12221E-1	1.99292E+0	1.66961E-5	1.00002E+0	-2.08745E-9
4.12877E-1	1.99211E+0	9.09440E-6	9.99982E-1	-2.11503E-9
4.13532E-1	1.99211E+0	1.22399E-5	1.00005E+0	-1.32060E-9
4.14188E-1	1.99184E+0	1.63029E-5	9.99980E-1	-1.09762E-9
4.14843E-1	1.99373E+0	1.07982E-5	1.00003E+0	-2.32469E-9
4.15498E-1	1.99211E+0	7.12845E-6	9.99980E-1	-1.60632E-9
4.16154E-1	1.99238E+0	8.04589E-6	9.99988E-1	-1.27971E-9
4.16809E-1	1.99319E+0	9.74972E-6	1.00006E+0	-7.58172E-10
4.17464E-1	1.99427E+0	1.18467E-5	9.99881E-1	-1.07670E-9
4.18120E-1	1.99184E+0	8.30802E-6	1.00006E+0	1.16605E-10
4.18775E-1	1.99292E+0	7.52164E-6	1.00003E+0	-1.28256E-9
4.19430E-1	1.99238E+0	1.69582E-5	1.00000E+0	-1.78413E-9
4.20086E-1	1.99184E+0	7.06338E-7	9.99997E-1	3.88070E-10
4.20741E-1	1.99346E+0	9.09440E-6	1.00002E+0	-1.47178E-9
4.21396E-1	1.99319E+0	7.65270E-6	9.99992E-1	-1.98125E-10
4.22052E-1	1.99211E+0	4.76931E-6	1.00001E+0	-8.03337E-10
4.22707E-1	1.99211E+0	9.22547E-6	9.99978E-1	-1.01015E-9
4.23363E-1	1.99292E+0	6.73526E-6	9.99967E-1	6.00109E-10
4.24018E-1	1.99238E+0	1.25021E-5	9.99950E-1	-9.59091E-11
4.24673E-1	1.99104E+0	1.30263E-5	1.00013E+0	-1.28684E-9
4.25329E-1	1.99157E+0	7.65270E-6	9.99910E-1	-3.55965E-10
4.25984E-1	1.99292E+0	2.12833E-5	1.00001E+0	4.66515E-10
4.26639E-1	1.99292E+0	1.32884E-5	9.99992E-1	-1.15753E-9
4.27295E-1	1.99265E+0	8.43908E-6	1.00001E+0	8.18987E-11
4.27950E-1	1.99265E+0	1.00118E-5	9.99971E-1	6.30536E-10
4.28605E-1	1.99319E+0	1.14535E-5	1.00009E+0	-1.28969E-9
4.29261E-1	1.99265E+0	1.83999E-5	9.99919E-1	-5.16948E-11
4.29916E-1	1.99077E+0	1.06672E-5	1.00007E+0	2.20722E-10
4.30572E-1	1.99346E+0	7.39058E-6	9.99938E-1	-2.24748E-10
4.31227E-1	1.99346E+0	1.07982E-5	1.00002E+0	-1.08384E-9
4.31882E-1	1.99319E+0	9.88078E-6	9.99902E-1	1.06983E-9
4.32538E-1	1.99319E+0	5.94888E-6	1.00016E+0	-2.88746E-11
4.33193E-1	1.99238E+0	1.23710E-5	9.99897E-1	7.78392E-10
4.33848E-1	1.99265E+0	7.25951E-6	1.00012E+0	-9.43111E-10
4.34504E-1	1.99508E+0	1.65650E-5	9.99838E-1	3.36249E-10
4.35159E-1	1.99319E+0	1.45991E-5	1.00012E+0	-1.61042E-10
4.35814E-1	1.99400E+0	2.67229E-6	9.99902E-1	3.44332E-10
4.36470E-1	1.99373E+0	6.34207E-6	1.00008E+0	6.42421E-10
4.37125E-1	1.99157E+0	2.41016E-6	9.99980E-1	7.73290E-12
4.37780E-1	1.99292E+0	2.56084E-5	9.99978E-1	-1.29189E-10
4.38436E-1	1.99157E+0	1.09293E-5	1.00009E+0	-5.59736E-11
4.39091E-1	1.99346E+0	1.94484E-5	9.99906E-1	1.95525E-10
4.39747E-1	1.99292E+0	5.75274E-7	9.99997E-1	1.58917E-10
4.40402E-1	1.99292E+0	8.43908E-6	9.99999E-1	4.91712E-10
4.41057E-1	1.99373E+0	6.07994E-6	1.00002E+0	6.33573E-11
4.41713E-1	1.99373E+0	9.09440E-6	1.00004E+0	2.85855E-10
4.42368E-1	1.99319E+0	1.02740E-5	1.00002E+0	2.19956E-11
4.43023E-1	1.99292E+0	8.96334E-6	9.99908E-1	1.83164E-10
4.43679E-1	1.99319E+0	6.21101E-6	1.00007E+0	-3.07472E-10
4.44334E-1	1.99130E+0	1.13225E-5	9.99980E-1	1.51339E-9
4.44989E-1	1.99211E+0	7.25951E-6	1.00002E+0	-2.24273E-10
4.45645E-1	1.99346E+0	8.96334E-6	9.99940E-1	-8.54498E-11
4.46300E-1	1.99400E+0	1.34195E-5	1.00013E+0	4.65564E-10
4.46956E-1	1.99292E+0	6.21101E-6	9.99902E-1	9.55724E-10
4.47611E-1	1.99238E+0	7.52164E-6	1.00003E+0	-4.93837E-10
4.48266E-1	1.99373E+0	7.52164E-6	1.00004E+0	9.29101E-10
4.48922E-1	1.99265E+0	8.04589E-6	9.99986E-1	5.08828E-10
4.49577E-1	1.99319E+0	1.04050E-5	9.99897E-1	4.28957E-10
4.50232E-1	1.99238E+0	7.39058E-6	1.00008E+0	-2.53749E-10
4.50888E-1	1.99184E+0	7.39058E-6	1.00003E+0	-3.12517E-11
4.51543E-1	1.99157E+0	8.83228E-6	9.99948E-1	-1.42025E-10
4.52198E-1	1.99211E+0	7.91483E-6	9.99963E-1	1.92986E-9
4.52854E-1	1.99050E+0	9.48759E-6	1.00003E+0	-9.82571E-10
4.53509E-1	1.99238E+0	9.22547E-6	1.00006E+0	1.25952E-9
4.54164E-1	1.99157E+0	7.12845E-6	9.99961E-1	-4.59607E-10
4.54820E-1	1.99211E+0	9.74972E-6	9.99912E-1	1.21293E-9
4.55475E-1	1.99238E+0	1.00118E-5	1.00009E+0	7.85523E-10
4.56131E-1	1.99265E+0	5.16250E-6	1.00003E+0	-1.82436E-10
4.56786E-1	1.99265E+0	8.70121E-6	9.99959E-1	-2.17433E-11
4.57441E-1	1.99319E+0	7.25951E-6	9.99976E-1	1.16491E-9
4.58097E-1	1.99265E+0	1.19778E-5	1.00003E+0	-1.49156E-10
4.58752E-1	1.99319E+0	1.27642E-5	1.00000E+0	9.94709E-10
4.59407E-1	1.99427E+0	3.58973E-6	9.99988E-1	8.81558E-10
4.60063E-1	1.99319E+0	1.21089E-5	1.00002E+0	6.54782E-10
4.60718E-1	1.99292E+0	9.88078E-6	9.99952E-1	3.00593E-10
4.61373E-1	1.99211E+0	-9.38555E-6	1.00004E+0	-2.72291E-10
4.62029E-1	1.99238E+0	1.05361E-5	1.00001E+0	5.45911E-10
4.62684E-1	1.99400E+0	9.48759E-6	1.00003E+0	9.25773E-10
4.63340E-1	1.99211E+0	1.00118E-5	9.99876E-1	8.66529E-11
4.63995E-1	1.99265E+0	1.39438E-5	1.00002E+0	3.03445E-10
4.64650E-1	1.99292E+0	5.55569E-6	1.00010E+0	9.53823E-10
4.65306E-1	1.99265E+0	7.52164E-6	9.99965E-1	1.05889E-9
4.65961E-1	1.99454E+0	1.19778E-5	9.99961E-1	2.24050E-10
4.66616E-1	1.99211E+0	1.10604E-5	1.00002E+0	-2.26175E-10
4.67272E-1	1.99211E+0	8.96334E-6	9.99995E-1	1.04273E-9
4.67927E-1	1.99265E+0	5.42462E-6	9.99999E-1	-1.38697E-10
4.68582E-1	1.99184E+0	9.88078E-6	1.00002E+0	1.62702E-9
4.69238E-1	1.99346E+0	1.04050E-5	1.00010E+0	-2.26175E-10
4.69893E-1	1.99265E+0	7.52164E-6	9.99834E-1	1.04986E-9
4.70548E-1	1.99157E+0	1.60408E-5	1.00017E+0	1.41326E-10
4.71204E-1	1.99319E+0	8.04589E-6	9.99862E-1	5.47337E-10
4.71859E-1	1.98996E+0	9.48759E-6	1.00008E+0	5.80616E-10
4.72515E-1	1.99292E+0	2.24629E-5	9.99990E-1	1.40738E-9
4.73170E-1	1.99077E+0	4.24505E-6	9.99995E-1	-9.63845E-11
4.73825E-1	1.99184E+0	1.04050E-5	9.99931E-1	1.55190E-9
4.74481E-1	1.99319E+0	1.70893E-5	1.00010E+0	5.91551E-10
4.75136E-1	1.99346E+0	4.63824E-6	9.99946E-1	-2.87029E-10
4.75791E-1	1.99238E+0	1.04050E-5	9.99963E-1	1.38170E-9
4.76447E-1	1.99130E+0	1.11914E-5	1.00005E+0	8.77280E-10
4.77102E-1	1.99238E+0	9.74972E-6	9.99982E-1	-6.63563E-10
4.77757E-1	1.99157E+0	9.74972E-6	9.99976E-1	1.26142E-9
4.78413E-1	1.99130E+0	9.22547E-6	1.00001E+0	6.18175E-10
4.79068E-1	1.99104E+0	3.85186E-6	1.00007E+0	3.32446E-10
4.79724E-1	1.99319E+0	1.11914E-5	9.99866E-1	6.36241E-10
4.80379E-1	1.99319E+0	2.01697E-6	1.00016E+0	6.78078E-10
4.81034E-1	1.99292E+0	7.39058E-6	9.99942E-1	1.24906E-9
4.81690E-1	1.99238E+0	1.10604E-5	9.99959E-1	3.87595E-10
4.82345E-1	1.99373E+0	2.80335E-6	1.00007E+0	5.26894E-10
4.83000E-1	1.99265E+0	1.40748E-5	9.99969E-1	6.15798E-10
4.83656E-1	1.99319E+0	7.91483E-6	9.99973E-1	1.21435E-9
4.84311E-1	1.99292E+0	8.30802E-6	1.00003E+0	7.27522E-10
4.84966E-1	1.99238E+0	9.48759E-6	9.99954E-1	-1.00663E-10
4.85622E-1	1.99130E+0	9.09440E-6	9.99990E-1	6.14556E-11
4.86277E-1	1.99157E+0	1.00118E-5	1.00006E+0	5.00270E-10
4.86932E-1	1.99238E+0	9.88078E-6	1.00002E+0	6.83307E-10
4.87588E-1	1.99157E+0	7.39058E-6	9.99984E-1	9.60003E-10
4.88243E-1	1.99211E+0	1.18467E-5	1.00004E+0	7.59850E-10
4.88899E-1	1.99130E+0	4.44211E-7	9.99938E-1	1.25429E-9
4.89554E-1	1.99130E+0	7.25951E-6	1.00008E+0	-1.55812E-10
4.90209E-1	1.99211E+0	9.22547E-6	9.99999E-1	1.53051E-9
4.90865E-1	1.99211E+0	8.57015E-6	9.99969E-1	8.88690E-10
4.91520E-1	1.99238E+0	1.69582E-5	9.99992E-1	9.04854E-10
4.92175E-1	1.99184E+0	7.65270E-6	9.99872E-1	-7.64168E-11
4.92831E-1	1.99373E+0	1.13225E-5	1.00011E+0	-1.04467E-10
4.93486E-1	1.99292E+0	9.09440E-6	9.99982E-1	2.26789E-9
4.94141E-1	1.99265E+0	7.25951E-6	9.99995E-1	-2.05256E-10
4.94797E-1	1.99319E+0	1.04050E-5	1.00000E+0	2.87756E-10
4.95452E-1	1.99319E+0	1.30263E-5	9.99999E-1	1.84334E-9
4.96108E-1	1.99292E+0	8.17696E-6	9.99919E-1	2.97265E-10
4.96763E-1	1.99211E+0	6.86632E-6	1.00009E+0	5.00270E-10
4.97418E-1	1.99373E+0	1.21089E-5	1.00002E+0	1.38503E-9
4.98074E-1	1.99211E+0	1.57786E-5	1.00001E+0	-7.54844E-10
4.98729E-1	1.99481E+0	8.30802E-6	9.99967E-1	1.76584E-9
4.99384E-1	1.99238E+0	1.36816E-5	9.42530E-1	2.71876E-7
5.00040E-1	-7.14476E-3	1.17157E-5	1.00476E+0	7.69239E-8
5.00695E-1	-6.06598E-3	1.18467E-5	1.00008E+0	2.99137E-8
5.01350E-1	-7.14476E-3	1.14535E-5	9.99971E-1	2.07019E-8
5.02006E-1	-6.87507E-3	1.17157E-5	1.00006E+0	1.73597E-8
5.02661E-1	-6.87507E-3	8.17696E-6	1.00000E+0	1.40964E-8
5.03316E-1	-6.60537E-3	8.43908E-6	9.99969E-1	1.27643E-8
5.03972E-1	-6.60537E-3	6.86632E-6	9.99963E-1	1.19527E-8
5.04627E-1	-7.14476E-3	7.65270E-6	1.00010E+0	1.04694E-8
5.05283E-1	-7.41446E-3	1.01429E-5	9.99997E-1	1.03144E-8
5.05938E-1	-6.60537E-3	7.91483E-6	9.99866E-1	8.33665E-9
5.06593E-1	-6.87507E-3	2.03659E-5	1.00010E+0	8.99939E-9
5.07249E-1	-4.98719E-3	1.04050E-5	9.99942E-1	6.91276E-9
5.07904E-1	-6.60537E-3	1.04050E-5	1.00003E+0	8.24394E-9
5.08559E-1	-4.71749E-3	7.52164E-6	1.00008E+0	6.27807E-9
5.09215E-1	-6.87507E-3	1.68271E-5	9.99893E-1	6.80532E-9
5.09870E-1	-5.52658E-3	6.47313E-6	1.00006E+0	6.68836E-9
5.10525E-1	-6.33567E-3	1.07982E-5	9.99961E-1	6.96839E-9
5.11181E-1	-5.52658E-3	4.63824E-6	1.00007E+0	6.32609E-9
5.11836E-1	-6.06598E-3	1.02740E-5	9.99933E-1	4.44342E-9
5.12492E-1	-7.41446E-3	1.02740E-5	9.99986E-1	6.86902E-9
5.13147E-1	-6.06598E-3	7.25951E-6	1.00005E+0	5.45797E-9
5.13802E-1	-6.33567E-3	1.38127E-5	9.99980E-1	5.41899E-9
5.14458E-1	-5.25689E-3	6.86632E-6	1.00003E+0	4.88509E-9
5.15113E-1	-7.95385E-3	2.04969E-5	9.99971E-1	5.38333E-9
5.15768E-1	-6.60537E-3	1.04050E-5	9.99921E-1	4.16863E-9
5.16424E-1	-7.41446E-3	3.32761E-6	1.00009E+0	5.82690E-9
5.17079E-1	-6.33567E-3	8.43908E-6	9.99980E-1	3.81158E-9
5.17734E-1	-4.98719E-3	1.04050E-5	1.00005E+0	5.89916E-9
5.18390E-1	-7.14476E-3	9.35653E-6	9.99990E-1	3.55295E-9
5.19045E-1	-6.60537E-3	1.39438E-5	1.00009E+0	4.56132E-9
5.19700E-1	-6.33567E-3	8.70121E-6	9.99862E-1	5.37477E-9
5.20356E-1	-5.79628E-3	8.43908E-6	1.00005E+0	3.58338E-9
5.21011E-1	-7.68415E-3	7.91483E-6	1.00002E+0	5.10093E-9
5.21667E-1	-4.98719E-3	4.11399E-6	1.00001E+0	4.39683E-9
5.22322E-1	-5.52658E-3	1.63029E-5	1.00006E+0	3.76927E-9
5.22977E-1	-6.60537E-3	7.65270E-6	9.99872E-1	4.08353E-9
5.23633E-1	-7.14476E-3	9.74972E-6	1.00009E+0	4.49762E-9
5.24288E-1	-7.41446E-3	9.74972E-6	9.99921E-1	3.81967E-9
5.24943E-1	-6.87507E-3	7.12845E-6	1.00002E+0	3.77830E-9
5.25599E-1	-7.95385E-3	9.22547E-6	9.99978E-1	4.28368E-9
5.26254E-1	-8.22355E-3	1.31574E-5	1.00009E+0	4.53232E-9
5.26909E-1	-7.41446E-3	9.09440E-6	9.99916E-1	4.18954E-9
5.27565E-1	-6.33567E-3	1.15846E-5	1.00003E+0	3.94280E-9
5.28220E-1	-6.87507E-3	1.19778E-5	1.00007E+0	3.31096E-9
5.28876E-1	-6.60537E-3	5.94888E-6	9.99944E-1	4.57226E-9
5.29531E-1	-6.87507E-3	9.09440E-6	1.00006E+0	3.86911E-9
5.30186E-1	-5.79628E-3	1.13225E-5	1.00001E+0	3.29528E-9
5.30842E-1	-7.14476E-3	2.54123E-6	9.99963E-1	3.46833E-9
5.31497E-1	-6.87507E-3	9.88078E-6	9.99959E-1	3.64328E-9
5.32152E-1	-6.87507E-3	4.90037E-6	1.00005E+0	3.65945E-9
5.32808E-1	-6.33567E-3	9.74972E-6	9.99927E-1	4.90553E-9
5.33463E-1	-6.87507E-3	2.54123E-6	9.99963E-1	3.21921E-9
5.34118E-1	-6.33567E-3	1.01429E-5	1.00013E+0	3.24345E-9
5.34774E-1	-7.41446E-3	1.42059E-5	9.99961E-1	4.36640E-9
5.35429E-1	-6.60537E-3	7.78377E-6	9.99957E-1	3.34567E-9
5.36084E-1	-4.71749E-3	5.55569E-6	1.00003E+0	2.95440E-9
5.36740E-1	-5.79628E-3	1.15846E-5	9.99944E-1	4.30317E-9
5.37395E-1	-6.87507E-3	1.77446E-5	1.00007E+0	3.07183E-9
5.38051E-1	-4.71749E-3	9.48759E-6	1.00002E+0	4.86845E-9
5.38706E-1	-5.25689E-3	1.30263E-5	9.99963E-1	2.06821E-9
5.39361E-1	-5.52658E-3	7.12845E-6	1.00002E+0	4.82613E-9
5.40017E-1	-5.79628E-3	1.00118E-5	1.00001E+0	3.85390E-9
5.40672E-1	-4.44780E-3	1.44680E-5	9.99957E-1	2.73475E-9
5.41327E-1	-5.52658E-3	1.40748E-5	1.00001E+0	3.25677E-9
5.41983E-1	-5.52658E-3	1.14535E-5	9.99976E-1	4.50618E-9
5.42638E-1	-5.25689E-3	7.12845E-6	9.99980E-1	3.34520E-9
5.43293E-1	-6.06598E-3	7.52164E-6	1.00011E+0	2.98102E-9
5.43949E-1	-7.14476E-3	9.74972E-6	9.99954E-1	2.83840E-9
5.44604E-1	-5.25689E-3	8.04589E-6	1.00001E+0	3.67229E-9
5.45260E-1	-5.25689E-3	8.57015E-6	1.00003E+0	4.25420E-9
5.45915E-1	-5.79628E-3	8.04589E-6	9.99982E-1	3.84249E-9
5.46570E-1	-5.79628E-3	1.49923E-5	1.00005E+0	3.55533E-9
5.47226E-1	-6.06598E-3	6.86632E-6	9.99982E-1	3.08466E-9
5.47881E-1	-5.52658E-3	8.96334E-6	9.99938E-1	3.07468E-9
5.48536E-1	-6.60537E-3	8.96334E-6	1.00006E+0	3.27388E-9
5.49192E-1	-5.25689E-3	8.83228E-6	9.99950E-1	3.86008E-9
5.49847E-1	-6.87507E-3	1.13225E-5	9.99990E-1	2.89212E-9
5.50502E-1	-7.95385E-3	8.37401E-7	9.99950E-1	3.34377E-9
5.51158E-1	-6.87507E-3	1.60408E-5	1.00007E+0	4.43534E-9
5.51813E-1	-4.98719E-3	2.04969E-5	1.00002E+0	2.20608E-9
5.52468E-1	-6.06598E-3	5.42462E-6	9.99961E-1	3.59859E-9
5.53124E-1	-4.71749E-3	1.32884E-5	9.99887E-1	2.99243E-9
5.53779E-1	-8.49324E-3	5.68675E-6	1.00007E+0	3.37752E-9
5.54435E-1	-6.60537E-3	9.22547E-6	1.00002E+0	3.87339E-9
5.55090E-1	-7.14476E-3	1.13225E-5	1.00003E+0	3.78353E-9
5.55745E-1	-5.25689E-3	8.57015E-6	9.99952E-1	2.34586E-9
5.56401E-1	-5.25689E-3	8.70121E-6	1.00005E+0	4.44960E-9
5.57056E-1	-4.44780E-3	1.56476E-5	1.00000E+0	3.10939E-9
5.57711E-1	-5.79628E-3	1.27642E-5	1.00000E+0	3.26057E-9
5.58367E-1	-5.25689E-3	4.37612E-6	9.99978E-1	2.58690E-9
5.59022E-1	-4.98719E-3	6.99739E-6	1.00007E+0	3.62807E-9
5.59677E-1	-5.52658E-3	7.39058E-6	9.99965E-1	3.69083E-9
5.60333E-1	-6.06598E-3	1.07982E-5	1.00005E+0	2.52699E-9
5.60988E-1	-5.52658E-3	1.98416E-5	9.99935E-1	3.78211E-9
5.61644E-1	-5.52658E-3	2.27910E-6	9.99984E-1	2.24745E-9
5.62299E-1	-6.60537E-3	1.30263E-5	1.00004E+0	4.20999E-9
5.62954E-1	-5.79628E-3	7.78377E-6	1.00004E+0	2.86692E-9
5.63610E-1	-6.06598E-3	1.65650E-5	9.99954E-1	2.73285E-9
5.64265E-1	-5.79628E-3	2.41016E-6	1.00002E+0	4.02029E-9
5.64920E-1	-6.33567E-3	1.60408E-5	9.99874E-1	3.06802E-9
5.65576E-1	-6.06598E-3	2.08901E-5	1.00004E+0	3.13078E-9
5.66231E-1	-5.25689E-3	1.09293E-5	1.00011E+0	2.55837E-9
5.66886E-1	-6.87507E-3	8.17696E-6	9.99910E-1	4.31553E-9
5.67542E-1	-6.60537E-3	1.07982E-5	9.99988E-1	2.98435E-9
5.68197E-1	-4.71749E-3	8.57015E-6	1.00001E+0	2.96914E-9
5.68852E-1	-6.06598E-3	9.09440E-6	1.00001E+0	3.55295E-9
5.69508E-1	-6.33567E-3	1.00118E-5	9.99946E-1	3.05566E-9
5.70163E-1	-6.06598E-3	5.81781E-6	1.00006E+0	3.86911E-9
5.70819E-1	-4.98719E-3	1.05361E-5	9.99971E-1	2.92254E-9
5.71474E-1	-5.25689E-3	1.34195E-5	1.00005E+0	2.68721E-9
5.72129E-1	-6.60537E-3	5.55569E-6	9.99976E-1	4.11680E-9
5.72785E-1	-5.52658E-3	9.74972E-6	1.00007E+0	1.66315E-9
5.73440E-1	-4.98719E-3	7.25951E-6	9.99914E-1	3.17452E-9
5.74095E-1	-6.60537E-3	9.74972E-6	1.00006E+0	3.59764E-9
5.74751E-1	-4.98719E-3	1.31574E-5	9.99938E-1	3.23537E-9
5.75406E-1	-6.87507E-3	1.27642E-5	1.00012E+0	3.18403E-9
5.76061E-1	-4.98719E-3	1.14535E-5	9.99895E-1	3.86768E-9
5.76717E-1	-6.06598E-3	8.04589E-6	1.00002E+0	2.30307E-9
5.77372E-1	-6.33567E-3	7.78377E-6	1.00001E+0	2.91541E-9
5.78028E-1	-4.44780E-3	2.14804E-6	9.99938E-1	3.19306E-9
5.78683E-1	-6.06598E-3	9.22547E-6	1.00007E+0	2.91304E-9
5.79338E-1	-6.06598E-3	6.73526E-6	9.99935E-1	4.29414E-9
5.79994E-1	-6.33567E-3	8.83228E-6	1.00010E+0	2.18707E-9
5.80649E-1	-7.68415E-3	-4.27408E-6	1.00002E+0	3.04188E-9
5.81304E-1	-6.06598E-3	1.17157E-5	9.99914E-1	2.98530E-9
5.81960E-1	-7.95385E-3	7.39058E-6	9.99992E-1	3.33616E-9
5.82615E-1	-4.44780E-3	8.70121E-6	1.00002E+0	4.36830E-9
5.83270E-1	-5.25689E-3	9.61866E-6	9.99997E-1	2.24127E-9
5.83926E-1	-5.25689E-3	2.87539E-5	1.00001E+0	2.82128E-9
5.84581E-1	-5.79628E-3	1.26331E-5	9.99986E-1	3.12745E-9
5.85236E-1	-6.33567E-3	9.48759E-6	1.00000E+0	3.13506E-9
5.85892E-1	-7.14476E-3	8.30802E-6	9.99963E-1	2.87025E-9
5.86547E-1	-7.95385E-3	7.78377E-6	1.00011E+0	3.49162E-9
5.87203E-1	-4.98719E-3	1.15846E-5	9.99980E-1	3.09702E-9
5.87858E-1	-6.06598E-3	1.70893E-5	9.99921E-1	1.96932E-9
5.88513E-1	-3.36901E-3	1.14535E-5	9.99997E-1	4.27797E-9
5.89169E-1	-5.79628E-3	1.00118E-5	1.00010E+0	2.02780E-9
5.89824E-1	-6.06598E-3	7.91483E-6	9.99923E-1	4.74769E-9
5.90479E-1	-5.79628E-3	1.52544E-5	9.99935E-1	1.86093E-9
5.91135E-1	-4.71749E-3	1.05361E-5	1.00014E+0	3.20019E-9
5.91790E-1	-6.33567E-3	9.74972E-6	9.99851E-1	2.93918E-9
5.92445E-1	-6.06598E-3	8.70121E-6	1.00007E+0	3.92854E-9
5.93101E-1	-6.33567E-3	7.78377E-6	1.00002E+0	2.13762E-9
5.93756E-1	-7.41446E-3	1.15846E-5	1.00002E+0	3.36183E-9
5.94412E-1	-3.63871E-3	2.14804E-6	9.99868E-1	2.46091E-9
5.95067E-1	-4.98719E-3	9.48759E-6	1.00011E+0	2.85646E-9
5.95722E-1	-5.25689E-3	8.43908E-6	9.99885E-1	3.31477E-9
5.96378E-1	-4.98719E-3	5.03143E-6	1.00009E+0	3.52776E-9
5.97033E-1	-4.44780E-3	1.86620E-5	9.99976E-1	2.06488E-9
5.97688E-1	-7.14476E-3	9.22547E-6	1.00003E+0	3.53774E-9
5.98344E-1	-6.06598E-3	7.91483E-6	9.99984E-1	4.01744E-9
5.98999E-1	-6.33567E-3	1.36816E-5	1.00002E+0	3.07373E-9
5.99654E-1	-4.71749E-3	9.61866E-6	1.05244E+0	-3.21880E-7
